 variables = "X","Y","Z","Cp","T","Cfx","Cfy","Cfz","Cf","u","v","w","yplus","PR"
 zone i=          81
  -1.54481600000000       0.000000000000000E+000   1.00000000000000     
   5012.05405283185       0.740750296767228       7.385248564932457E-017
  0.000000000000000E+000  0.000000000000000E+000  7.385248564932457E-017
   138.945439631395        1.25418358388786       0.000000000000000E+000
   624.522682073863        1.35084377772340     
  -1.51580300000000       0.000000000000000E+000   1.00000000000000     
   4163.10827121703       0.731291220926751       0.000000000000000E+000
  0.000000000000000E+000  0.000000000000000E+000  0.000000000000000E+000
   140.636532037169        1.30761273039868       0.000000000000000E+000
   624.616252188931        1.29141757402238     
  -1.48628500000000       0.000000000000000E+000   1.00000000000000     
   3347.80027387461       0.721917113628850       0.000000000000000E+000
  0.000000000000000E+000  0.000000000000000E+000  0.000000000000000E+000
   142.293614474343        1.34815564122207       0.000000000000000E+000
   624.557606964364        1.23434601518033     
  -1.45629200000000       0.000000000000000E+000   1.00000000000000     
   2574.50918683835       0.712733452784887       0.000000000000000E+000
  0.000000000000000E+000  0.000000000000000E+000  0.000000000000000E+000
   143.898352116579        1.37885722635454       0.000000000000000E+000
   624.395889171781        1.18021564000963     
  -1.42586000000000       0.000000000000000E+000   1.00000000000000     
   1837.25114258233       0.703693518680864       0.000000000000000E+000
  0.000000000000000E+000  0.000000000000000E+000  0.000000000000000E+000
   145.460740736979        1.40682518822078       0.000000000000000E+000
   624.108687346398        1.12860757779059     
  -1.39502400000000       0.000000000000000E+000   1.00000000000000     
   1141.16892201312       0.694887806938463       0.000000000000000E+000
  0.000000000000000E+000  0.000000000000000E+000  0.000000000000000E+000
   146.967277532677        1.42208980279778       0.000000000000000E+000
   623.714274278713        1.07988182318054     
  -1.36382200000000       0.000000000000000E+000   1.00000000000000     
   491.765627511308       0.686413441244163       0.000000000000000E+000
  0.000000000000000E+000  0.000000000000000E+000  0.000000000000000E+000
   148.402854100200        1.42251100129815       0.000000000000000E+000
   623.263066907773        1.03442359333956     
  -1.33229600000000       0.000000000000000E+000   1.00000000000000     
  -111.705927191415       0.678297454274873       0.000000000000000E+000
  0.000000000000000E+000  0.000000000000000E+000  0.000000000000000E+000
   149.764990609305        1.41347346905316       0.000000000000000E+000
   622.777619527464       0.992180585229765     
  -1.30048600000000       0.000000000000000E+000   1.00000000000000     
  -669.706440176366       0.670571146222305       0.000000000000000E+000
  0.000000000000000E+000  0.000000000000000E+000  0.000000000000000E+000
   151.050489409543        1.39500450403169       0.000000000000000E+000
   622.279788918409       0.953120549986007     
  -1.26843700000000       0.000000000000000E+000   1.00000000000000     
  -1182.65253550971       0.663267419585640       0.000000000000000E+000
  0.000000000000000E+000  0.000000000000000E+000  0.000000000000000E+000
   152.255873152509        1.36630524625791       0.000000000000000E+000
   621.792910930795       0.917214323924152     
  -1.23619500000000       0.000000000000000E+000   1.00000000000000     
  -1651.38642838814       0.656412905739049       0.000000000000000E+000
  0.000000000000000E+000  0.000000000000000E+000  0.000000000000000E+000
   153.378641170015        1.32757424030945       0.000000000000000E+000
   621.333205514825       0.884402951981436     
  -1.20380400000000       0.000000000000000E+000   1.00000000000000     
  -2077.23412344368       0.650026738371895       0.000000000000000E+000
  0.000000000000000E+000  0.000000000000000E+000  0.000000000000000E+000
   154.417469988182        1.27946017313033       0.000000000000000E+000
   620.922618602783       0.854593613835198     
  -1.17131400000000       0.000000000000000E+000   1.00000000000000     
  -2461.65549136278       0.644124020351378       0.000000000000000E+000
  0.000000000000000E+000  0.000000000000000E+000  0.000000000000000E+000
   155.371583770595        1.22247861969640       0.000000000000000E+000
   620.586941386240       0.827684118539128     
  -1.13877000000000       0.000000000000000E+000   1.00000000000000     
  -2806.00306877755       0.638719586335950       0.000000000000000E+000
  0.000000000000000E+000  0.000000000000000E+000  0.000000000000000E+000
   156.240155593556        1.15657645566688       0.000000000000000E+000
   620.342792241116       0.803579788530588     
  -1.10622300000000       0.000000000000000E+000   1.00000000000000     
  -3111.17810526050       0.633832806135679       0.000000000000000E+000
  0.000000000000000E+000  0.000000000000000E+000  0.000000000000000E+000
   157.021514968232        1.08125048067320       0.000000000000000E+000
   620.203121233661       0.782217536340579     
  -1.07371800000000       0.000000000000000E+000   1.00000000000000     
  -3377.89695984510       0.629483679285378       0.000000000000000E+000
  0.000000000000000E+000  0.000000000000000E+000  0.000000000000000E+000
   157.713727281385       0.995973394301311       0.000000000000000E+000
   620.191014596569       0.763547216837610     
  -1.04130500000000       0.000000000000000E+000   1.00000000000000     
  -3606.70737338285       0.625692273205359       0.000000000000000E+000
  0.000000000000000E+000  0.000000000000000E+000  0.000000000000000E+000
   158.314745654932       0.900876634235623       0.000000000000000E+000
   620.334696915122       0.747530488162731     
  -1.00903100000000       0.000000000000000E+000   1.00000000000000     
  -3798.68042072480       0.622466580382451       0.000000000000000E+000
  0.000000000000000E+000  0.000000000000000E+000  0.000000000000000E+000
   158.824279674242       0.796890609921672       0.000000000000000E+000
   620.652016493537       0.734092375077644     
 -0.976941900000000       0.000000000000000E+000   1.00000000000000     
  -3954.94464627578       0.619810141625460       0.000000000000000E+000
  0.000000000000000E+000  0.000000000000000E+000  0.000000000000000E+000
   159.242648749523       0.685883695587417       0.000000000000000E+000
   621.145976427027       0.723153879475357     
 -0.945083300000000       0.000000000000000E+000   1.00000000000000     
  -4077.79307819956       0.617701684749788       0.000000000000000E+000
  0.000000000000000E+000  0.000000000000000E+000  0.000000000000000E+000
   159.573868560568       0.573079977127384       0.000000000000000E+000
   621.802715465455       0.714554489387139     
 -0.913499200000000       0.000000000000000E+000   1.00000000000000     
  -4171.65162871952       0.616078667246405       0.000000000000000E+000
  0.000000000000000E+000  0.000000000000000E+000  0.000000000000000E+000
   159.828223208140       0.461560633156128       0.000000000000000E+000
   622.615230178361       0.707984390962630     
 -0.882233000000000       0.000000000000000E+000   1.00000000000000     
  -4238.79150144246       0.614911746131226       0.000000000000000E+000
  0.000000000000000E+000  0.000000000000000E+000  0.000000000000000E+000
   160.010735222017       0.356104724321716       0.000000000000000E+000
   623.581163336301       0.703284599952061     
 -0.851324300000000       0.000000000000000E+000   1.00000000000000     
  -4283.23225181917       0.614136549502668       0.000000000000000E+000
  0.000000000000000E+000  0.000000000000000E+000  0.000000000000000E+000
   160.131709544790       0.256137486640774       0.000000000000000E+000
   624.659473303451       0.700173747478669     
 -0.820811900000000       0.000000000000000E+000   1.00000000000000     
  -4305.21037817157       0.613753678311105       0.000000000000000E+000
  0.000000000000000E+000  0.000000000000000E+000  0.000000000000000E+000
   160.191211571341       0.159812586175556       0.000000000000000E+000
   625.852465881250       0.698635278660201     
 -0.790733600000000       0.000000000000000E+000   1.00000000000000     
  -4307.00354740265       0.613724719877538       0.000000000000000E+000
  0.000000000000000E+000  0.000000000000000E+000  0.000000000000000E+000
   160.195336352687       7.555487761418481E-002  0.000000000000000E+000
   627.147572464530       0.698509756816163     
 -0.761122600000000       0.000000000000000E+000   1.00000000000000     
  -4298.30004886695       0.613878740216349       0.000000000000000E+000
  0.000000000000000E+000  0.000000000000000E+000  0.000000000000000E+000
   160.171120308738       9.142416488396955E-003  0.000000000000000E+000
   628.466392432110       0.699119001703286     
 -0.732011300000000       0.000000000000000E+000   1.00000000000000     
  -4283.06997016178       0.614147176699018       0.000000000000000E+000
  0.000000000000000E+000  0.000000000000000E+000  0.000000000000000E+000
   160.129050530018      -4.083775676167424E-002  0.000000000000000E+000
   629.775316201383       0.700185107194493     
 -0.703429300000000       0.000000000000000E+000   1.00000000000000     
  -4262.91775696432       0.614501334580642       0.000000000000000E+000
  0.000000000000000E+000  0.000000000000000E+000  0.000000000000000E+000
   160.073630043252      -7.789994218689640E-002  0.000000000000000E+000
   631.060480652533       0.701595762094292     
 -0.675402900000000       0.000000000000000E+000   1.00000000000000     
  -4240.04542229181       0.614902282848822       0.000000000000000E+000
  0.000000000000000E+000  0.000000000000000E+000  0.000000000000000E+000
   160.010944670029      -0.101605602820724       0.000000000000000E+000
   632.303951055032       0.703196825494102     
 -0.647956300000000       0.000000000000000E+000   1.00000000000000     
  -4215.97929260695       0.615323184895183       0.000000000000000E+000
  0.000000000000000E+000  0.000000000000000E+000  0.000000000000000E+000
   159.945170859277      -0.115780214213903       0.000000000000000E+000
   633.495611335863       0.704881454543352     
 -0.621111700000000       0.000000000000000E+000   1.00000000000000     
  -4191.43342816833       0.615751408628992       0.000000000000000E+000
  0.000000000000000E+000  0.000000000000000E+000  0.000000000000000E+000
   159.878205761896      -0.123706046974953       0.000000000000000E+000
   634.632998591226       0.706599665024795     
 -0.594887000000000       0.000000000000000E+000   1.00000000000000     
  -4167.88193220526       0.616161391748245       0.000000000000000E+000
  0.000000000000000E+000  0.000000000000000E+000  0.000000000000000E+000
   159.814101776183      -0.124431470709901       0.000000000000000E+000
   635.704730693854       0.708248269714134     
 -0.569299000000000       0.000000000000000E+000   1.00000000000000     
  -4146.68810523899       0.616529789980378       0.000000000000000E+000
  0.000000000000000E+000  0.000000000000000E+000  0.000000000000000E+000
   159.756562127901      -0.120404995392780       0.000000000000000E+000
   636.696963320878       0.709731837576508     
 -0.544360900000000       0.000000000000000E+000   1.00000000000000     
  -4127.65569883996       0.616860140050479       0.000000000000000E+000
  0.000000000000000E+000  0.000000000000000E+000  0.000000000000000E+000
   159.704960431505      -0.114135555611175       0.000000000000000E+000
   637.614912768684       0.711064106001752     
 -0.520084000000000       0.000000000000000E+000   1.00000000000000     
  -4110.68822285670       0.617154231522281       0.000000000000000E+000
  0.000000000000000E+000  0.000000000000000E+000  0.000000000000000E+000
   159.659007145463      -0.106394628965747       0.000000000000000E+000
   638.470800479070       0.712251829300353     
 -0.496477000000000       0.000000000000000E+000   1.00000000000000     
  -4095.84177804281       0.617411244319897       0.000000000000000E+000
  0.000000000000000E+000  0.000000000000000E+000  0.000000000000000E+000
   159.618829891641      -9.753109217369213E-002  0.000000000000000E+000
   639.267500375060       0.713291080419627     
 -0.473545300000000       0.000000000000000E+000   1.00000000000000     
  -4083.23265690992       0.617629276534713       0.000000000000000E+000
  0.000000000000000E+000  0.000000000000000E+000  0.000000000000000E+000
   159.584733177042      -8.778642796822406E-002  0.000000000000000E+000
   639.999134481557       0.714173718883898     
 -0.451293300000000       0.000000000000000E+000   1.00000000000000     
  -4072.77583600765       0.617809924355427       0.000000000000000E+000
  0.000000000000000E+000  0.000000000000000E+000  0.000000000000000E+000
   159.556467885871      -7.769931184505796E-002  0.000000000000000E+000
   640.669975692329       0.714905696334591     
 -0.429722600000000       0.000000000000000E+000   1.00000000000000     
  -4064.16257214302       0.617958595120270       0.000000000000000E+000
  0.000000000000000E+000  0.000000000000000E+000  0.000000000000000E+000
   159.533206192289      -6.761391310594844E-002  0.000000000000000E+000
   641.290808515295       0.715508624794848     
 -0.408833000000000       0.000000000000000E+000   1.00000000000000     
  -4057.31354672238       0.618076732321463       0.000000000000000E+000
  0.000000000000000E+000  0.000000000000000E+000  0.000000000000000E+000
   159.514725929147      -5.785233793983255E-002  0.000000000000000E+000
   641.864774930686       0.715988056566128     
 -0.388622000000000       0.000000000000000E+000   1.00000000000000     
  -4052.01120898320       0.618168127014160       0.000000000000000E+000
  0.000000000000000E+000  0.000000000000000E+000  0.000000000000000E+000
   159.500434167538      -4.849128555692196E-002  0.000000000000000E+000
   642.391995104921       0.716359220201550     
 -0.369085300000000       0.000000000000000E+000   1.00000000000000     
  -4048.08127888820       0.618235822917860       0.000000000000000E+000
  0.000000000000000E+000  0.000000000000000E+000  0.000000000000000E+000
   159.489853785186      -3.980481739348520E-002  0.000000000000000E+000
   642.873813717965       0.716634315303515     
 -0.350217300000000       0.000000000000000E+000   1.00000000000000     
  -4045.10071947075       0.618287150426468       0.000000000000000E+000
  0.000000000000000E+000  0.000000000000000E+000  0.000000000000000E+000
   159.481834465435      -3.250286384788077E-002  0.000000000000000E+000
   643.325949336243       0.716842954459183     
 -0.332011200000000       0.000000000000000E+000   1.00000000000000     
  -4042.84456747939       0.618325980210493       0.000000000000000E+000
  0.000000000000000E+000  0.000000000000000E+000  0.000000000000000E+000
   159.475772495517      -2.636839511770223E-002  0.000000000000000E+000
   643.751155497330       0.717000885095889     
 -0.314457700000000       0.000000000000000E+000   1.00000000000000     
  -4041.03026521410       0.618357201304240       0.000000000000000E+000
  0.000000000000000E+000  0.000000000000000E+000  0.000000000000000E+000
   159.470893679650      -2.190563271712156E-002  0.000000000000000E+000
   644.136505542564       0.717127886252297     
 -0.297547200000000       0.000000000000000E+000   1.00000000000000     
  -4039.26869329875       0.618387524735878       0.000000000000000E+000
  0.000000000000000E+000  0.000000000000000E+000  0.000000000000000E+000
   159.466150040092      -1.923605224021224E-002  0.000000000000000E+000
   644.493737290984       0.717251196284271     
 -0.281268500000000       0.000000000000000E+000   1.00000000000000     
  -4037.47520874446       0.618418418608374       0.000000000000000E+000
  0.000000000000000E+000  0.000000000000000E+000  0.000000000000000E+000
   159.461311205104      -1.791845730664192E-002  0.000000000000000E+000
   644.833383439304       0.717376740200933     
 -0.265609700000000       0.000000000000000E+000   1.00000000000000     
  -4035.57167456765       0.618451219002781       0.000000000000000E+000
  0.000000000000000E+000  0.000000000000000E+000  0.000000000000000E+000
   159.456170440061      -1.786844725433910E-002  0.000000000000000E+000
   645.155275646221       0.717509987591041     
 -0.250558000000000       0.000000000000000E+000   1.00000000000000     
  -4033.54797250079       0.618486100413984       0.000000000000000E+000
  0.000000000000000E+000  0.000000000000000E+000  0.000000000000000E+000
   159.450700751485      -1.843538728129937E-002  0.000000000000000E+000
   645.470549543540       0.717651646733309     
 -0.236099500000000       0.000000000000000E+000   1.00000000000000     
  -4031.41973764840       0.618522788811507       0.000000000000000E+000
  0.000000000000000E+000  0.000000000000000E+000  0.000000000000000E+000
   159.444945360598      -1.935558276828750E-002  0.000000000000000E+000
   645.781480602099       0.717800623170439     
 -0.222220200000000       0.000000000000000E+000   1.00000000000000     
  -4029.17899601942       0.618561420710799       0.000000000000000E+000
  0.000000000000000E+000  0.000000000000000E+000  0.000000000000000E+000
   159.438883658924      -2.060372016132015E-002  0.000000000000000E+000
   646.074933753848       0.717957475081796     
 -0.208905100000000       0.000000000000000E+000   1.00000000000000     
  -4026.79489711022       0.618602525912494       0.000000000000000E+000
  0.000000000000000E+000  0.000000000000000E+000  0.000000000000000E+000
   159.432432590789      -2.221709240256394E-002  0.000000000000000E+000
   646.344520060478       0.718124362002598     
 -0.196139100000000       0.000000000000000E+000   1.00000000000000     
  -4024.23671669742       0.618646628912545       0.000000000000000E+000
  0.000000000000000E+000  0.000000000000000E+000  0.000000000000000E+000
   159.425509839303      -2.422547995850970E-002  0.000000000000000E+000
   646.598854173442       0.718303434628444     
 -0.183906600000000       0.000000000000000E+000   1.00000000000000     
  -4021.50837584514       0.618693657298781       0.000000000000000E+000
  0.000000000000000E+000  0.000000000000000E+000  0.000000000000000E+000
   159.418127213583      -2.654243586979980E-002  0.000000000000000E+000
   646.844601042184       0.718494418484852     
 -0.172191900000000       0.000000000000000E+000   1.00000000000000     
  -4018.64259966598       0.618743043329682       0.000000000000000E+000
  0.000000000000000E+000  0.000000000000000E+000  0.000000000000000E+000
   159.410374069967      -2.901634563367776E-002  0.000000000000000E+000
   647.078926754758       0.718695022813977     
 -0.160979000000000       0.000000000000000E+000   1.00000000000000     
  -4015.67965891643       0.618794090277156       0.000000000000000E+000
  0.000000000000000E+000  0.000000000000000E+000  0.000000000000000E+000
   159.402359858948      -3.151914405073636E-002  0.000000000000000E+000
   647.303467832051       0.718902428662913     
 -0.150251900000000       0.000000000000000E+000   1.00000000000000     
  -4012.66074215187       0.618846086852736       0.000000000000000E+000
  0.000000000000000E+000  0.000000000000000E+000  0.000000000000000E+000
   159.394196367976      -3.394783111985595E-002  0.000000000000000E+000
   647.523469841757       0.719113752832834     
 -0.139994500000000       0.000000000000000E+000   1.00000000000000     
  -4009.62254661770       0.618898410586580       0.000000000000000E+000
  0.000000000000000E+000  0.000000000000000E+000  0.000000000000000E+000
   159.385980341891      -3.618711248736905E-002  0.000000000000000E+000
   647.738802277308       0.719326426516603     
 -0.130190900000000       0.000000000000000E+000   1.00000000000000     
  -4006.59359771754       0.618950535870162       0.000000000000000E+000
  0.000000000000000E+000  0.000000000000000E+000  0.000000000000000E+000
   159.377796326395      -3.819008031811445E-002  0.000000000000000E+000
   647.943320503684       0.719538452936004     
 -0.120825100000000       0.000000000000000E+000   1.00000000000000     
  -4003.62433176674       0.619001630652555       0.000000000000000E+000
  0.000000000000000E+000  0.000000000000000E+000  0.000000000000000E+000
   159.369775199598      -3.989861140996274E-002  0.000000000000000E+000
   648.132907929557       0.719746301549020     
 -0.111881400000000       0.000000000000000E+000   1.00000000000000     
  -4000.75949706309       0.619050910707304       0.000000000000000E+000
  0.000000000000000E+000  0.000000000000000E+000  0.000000000000000E+000
   159.362038685337      -4.125967822197891E-002  0.000000000000000E+000
   648.311426524543       0.719946839974861     
 -0.103344300000000       0.000000000000000E+000   1.00000000000000     
  -3998.00921687942       0.619098205943398       0.000000000000000E+000
  0.000000000000000E+000  0.000000000000000E+000  0.000000000000000E+000
   159.354613450995      -4.232841220093886E-002  0.000000000000000E+000
   648.429931606790       0.720139359584439     
 -9.520000000000001E-002  0.000000000000000E+000   1.00000000000000     
  -3995.38550248530       0.619143309702702       0.000000000000000E+000
  0.000000000000000E+000  0.000000000000000E+000  0.000000000000000E+000
   159.347532220448      -4.313300664192050E-002  0.000000000000000E+000
   648.583237350894       0.720323019588900     
 -8.740000000000001E-002  0.000000000000000E+000   1.00000000000000     
  -3992.87908052445       0.619186390898210       0.000000000000000E+000
  0.000000000000000E+000  0.000000000000000E+000  0.000000000000000E+000
   159.340768433796      -4.372407300015435E-002  0.000000000000000E+000
   648.788526818540       0.720498469123172     
 -8.000000000000000E-002  0.000000000000000E+000   1.00000000000000     
  -3990.51517292201       0.619227007590448       0.000000000000000E+000
  0.000000000000000E+000  0.000000000000000E+000  0.000000000000000E+000
   159.334391757671      -4.411974450560198E-002  0.000000000000000E+000
   649.096766878080       0.720663942652524     
 -7.300000000000000E-002  0.000000000000000E+000   1.00000000000000     
  -3988.29509759977       0.619265150141330       0.000000000000000E+000
  0.000000000000000E+000  0.000000000000000E+000  0.000000000000000E+000
   159.328403028972      -4.436189135350347E-002  0.000000000000000E+000
   649.086346060516       0.720819347922434     
 -6.619999999999999E-002  0.000000000000000E+000   1.00000000000000     
  -3986.16332158883       0.619301769926735       0.000000000000000E+000
  0.000000000000000E+000  0.000000000000000E+000  0.000000000000000E+000
   159.322652948193      -4.446975407352958E-002  0.000000000000000E+000
   649.222070845453       0.720968572240659     
 -5.980000000000000E-002  0.000000000000000E+000   1.00000000000000     
  -3984.17630389404       0.619335887433919       0.000000000000000E+000
  0.000000000000000E+000  0.000000000000000E+000  0.000000000000000E+000
   159.317295528864      -4.445694112396185E-002  0.000000000000000E+000
   649.530280784455       0.721107663476925     
 -5.370000000000000E-002  0.000000000000000E+000   1.00000000000000     
  -3982.30046959495       0.619368108501570       0.000000000000000E+000
  0.000000000000000E+000  0.000000000000000E+000  0.000000000000000E+000
   159.312235356009      -4.439598039237337E-002  0.000000000000000E+000
   649.474150964336       0.721238971875626     
 -4.790000000000000E-002  0.000000000000000E+000   1.00000000000000     
  -3980.53351502465       0.619398438766932       0.000000000000000E+000
  0.000000000000000E+000  0.000000000000000E+000  0.000000000000000E+000
   159.307472630319      -4.429276566320121E-002  0.000000000000000E+000
   649.590547976434       0.721362658693440     
 -4.240000000000000E-002  0.000000000000000E+000   1.00000000000000     
  -3978.86544560087       0.619427076446501       0.000000000000000E+000
  0.000000000000000E+000  0.000000000000000E+000  0.000000000000000E+000
   159.302975241638      -4.414780343298018E-002  0.000000000000000E+000
   649.701741213567       0.721479423551116     
 -3.710000000000000E-002  0.000000000000000E+000   1.00000000000000     
  -3977.29054907405       0.619454111070919       0.000000000000000E+000
  0.000000000000000E+000  0.000000000000000E+000  0.000000000000000E+000
   159.298729331485      -4.396242993323782E-002  0.000000000000000E+000
   649.806923734861       0.721589666306116     
 -3.210000000000000E-002  0.000000000000000E+000   1.00000000000000     
  -3975.81251642563       0.619479472404411       0.000000000000000E+000
  0.000000000000000E+000  0.000000000000000E+000  0.000000000000000E+000
   159.294746217163      -4.374154436558859E-002  0.000000000000000E+000
   649.679193016086       0.721693128589744     
 -2.730000000000000E-002  0.000000000000000E+000   1.00000000000000     
  -3974.42016442733       0.619503376065797       0.000000000000000E+000
  0.000000000000000E+000  0.000000000000000E+000  0.000000000000000E+000
   159.290991150599      -4.349351311084243E-002  0.000000000000000E+000
   650.002708097010       0.721790593227965     
 -2.280000000000000E-002  0.000000000000000E+000   1.00000000000000     
  -3973.12284692270       0.619525646248284       0.000000000000000E+000
  0.000000000000000E+000  0.000000000000000E+000  0.000000000000000E+000
   159.287492335076      -4.322656444583080E-002  0.000000000000000E+000
   650.347748145694       0.721881405451742     
 -1.850000000000000E-002  0.000000000000000E+000   1.00000000000000     
  -3971.90076892825       0.619546606603868       0.000000000000000E+000
  0.000000000000000E+000  0.000000000000000E+000  0.000000000000000E+000
   159.284199466346      -4.294591408163801E-002  0.000000000000000E+000
   650.178935590491       0.721966950909897     
 -1.440000000000000E-002  0.000000000000000E+000   1.00000000000000     
  -3970.74641887419       0.619566404891871       0.000000000000000E+000
  0.000000000000000E+000  0.000000000000000E+000  0.000000000000000E+000
   159.281088485633      -4.265624630587968E-002  0.000000000000000E+000
   650.260495278499       0.722047755412305     
 -1.050000000000000E-002  0.000000000000000E+000   1.00000000000000     
  -3969.66359357380       0.619584986188821       0.000000000000000E+000
  0.000000000000000E+000  0.000000000000000E+000  0.000000000000000E+000
   159.278168581824      -4.236617005344933E-002  0.000000000000000E+000
   650.339418535746       0.722123553182041     
 -6.840000000000000E-003  0.000000000000000E+000   1.00000000000000     
  -3968.65544541194       0.619602287474221       0.000000000000000E+000
  0.000000000000000E+000  0.000000000000000E+000  0.000000000000000E+000
   159.275449157840      -4.207880334231037E-002  0.000000000000000E+000
   650.423565911204       0.722194123552170     
 -3.330000000000000E-003  0.000000000000000E+000   1.00000000000000     
  -3967.69887138937       0.619618686951856       0.000000000000000E+000
  0.000000000000000E+000  0.000000000000000E+000  0.000000000000000E+000
   159.272872106235      -4.179770426042925E-002  0.000000000000000E+000
   650.515590289357       0.722261083732610     
  0.000000000000000E+000  0.000000000000000E+000   1.00000000000000     
  -3966.79868008684       0.619634128044141       0.000000000000000E+000
  0.000000000000000E+000  0.000000000000000E+000  0.000000000000000E+000
   159.270444854280      -4.151963779544646E-002  0.000000000000000E+000
   650.589453444091       0.722324097122714     
 zone i=          81
  -1.54617900000000       0.428995300000000        1.00000000000000     
   4141.62127560327        1.27969231193793        81.2031671057607     
   9.39688563848679       0.000000000000000E+000   90.6000527442475     
   9.63887902724410        1.12563077149875       0.000000000000000E+000
   2.15522968916912        1.28991348435503     
  -1.51727600000000       0.432309600000000        1.00000000000000     
   3715.26259194655        1.27861908729560        80.2305335908486     
   9.12964120190082       0.000000000000000E+000   89.3601747927494     
   9.62170670566706        1.10496456978559       0.000000000000000E+000
   2.13986186984153        1.26006837700732     
  -1.48786200000000       0.435630900000000        1.00000000000000     
   3277.73246856892        1.27758250191798        79.3233738101065     
   8.88786603706126       0.000000000000000E+000   88.2112398471677     
   9.61037688596321        1.08677141233633       0.000000000000000E+000
   2.12389381393170        1.22944126889246     
  -1.45796900000000       0.438954300000000        1.00000000000000     
   2837.12964010719        1.27631678242025        78.2014658255981     
   8.61580827210758       0.000000000000000E+000   86.8172740977057     
   9.57249277111610        1.06447798601995       0.000000000000000E+000
   2.10456486787984        1.19859907142538     
  -1.42762900000000       0.442266600000000        1.00000000000000     
   2463.62818196272        1.27516623515755        77.0411692009056     
   8.26847338229314       0.000000000000000E+000   85.3096425831987     
   9.52744616367264        1.03227216635147       0.000000000000000E+000
   2.08785196826427        1.17245396980052     
  -1.39687400000000       0.445510600000000        1.00000000000000     
   2125.05337487119        1.27422315823159        76.1481561084781     
   7.93311126627640       0.000000000000000E+000   84.0812673747545     
   9.51149283940919        1.00053145535277       0.000000000000000E+000
   2.07565929962974        1.14875373370772     
  -1.36574400000000       0.448713300000000        1.00000000000000     
   1759.10381600430        1.27311015099804        75.2230371719225     
   7.62528384168880       0.000000000000000E+000   82.8483210136113     
   9.48920070396763       0.971379383067485       0.000000000000000E+000
   2.06072581335977        1.12313726502329     
  -1.33427900000000       0.451855300000000        1.00000000000000     
   1413.19749323657        1.27210501035215        74.2867623489351     
   7.30135589978948       0.000000000000000E+000   81.5881182487246     
   9.46204181288451       0.939364748431083       0.000000000000000E+000
   2.04581534286534        1.09892382284190     
  -1.30252200000000       0.454926700000000        1.00000000000000     
   1074.70350011008        1.27100916067283        73.3510926999825     
   6.97927873531758       0.000000000000000E+000   80.3303714353001     
   9.43214796755886       0.906726333683261       0.000000000000000E+000
   2.03063203233024        1.07522924372656     
  -1.27051500000000       0.457922000000000        1.00000000000000     
   764.779301804047        1.26996114527842        72.3935548968064     
   6.63364801002667       0.000000000000000E+000   79.0272029068331     
   9.39584009045887       0.870114954870943       0.000000000000000E+000
   2.01600007965656        1.05353455021460     
  -1.23830200000000       0.460811000000000        1.00000000000000     
   482.684112615265        1.26904556986739        71.5510338473490     
   6.28826412771339       0.000000000000000E+000   77.8392979750624     
   9.37006545538890       0.832535127360341       0.000000000000000E+000
   2.00360928302181        1.03378788730766     
  -1.20593100000000       0.463597700000000        1.00000000000000     
   192.738987885470        1.26811134294923        70.7764672578430     
   5.97425462528597       0.000000000000000E+000   76.7507218831289     
   9.34936178609911       0.798111250289193       0.000000000000000E+000
   1.99069123305134        1.01349172892222     
  -1.17345000000000       0.466285000000000        1.00000000000000     
  -101.445582609987        1.26701489749492        69.8755620933199     
   5.67114027071907       0.000000000000000E+000   75.5467023640389     
   9.30900369898311       0.764326119897092       0.000000000000000E+000
   1.97504550140897       0.992898809338233     
  -1.14090700000000       0.468875000000000        1.00000000000000     
  -353.927225525491        1.26600885460256        68.9623242983646     
   5.33886672745806       0.000000000000000E+000   74.3011910258226     
   9.26285980248185       0.725791959582064       0.000000000000000E+000
   1.96102436085011       0.975225094635130     
  -1.10834800000000       0.471325000000000        1.00000000000000     
  -581.407333169122        1.26515447271998        68.2131536188794     
   5.01544552588470       0.000000000000000E+000   73.2285991447641     
   9.23395077054296       0.687508841296771       0.000000000000000E+000
   1.94986025060831       0.959301487371253     
  -1.07582500000000       0.473660300000000        1.00000000000000     
  -821.822095812377        1.26422696490763        67.4907209697494     
   4.72822702020687       0.000000000000000E+000   72.2189479899563     
   9.20495265598432       0.653305590004761       0.000000000000000E+000
   1.93735903393811       0.942472454272822     
  -1.04338500000000       0.475876300000000        1.00000000000000     
  -1062.07801480617        1.26349174911956        66.8890179903431     
   4.46151791286331       0.000000000000000E+000   71.3505359032064     
   9.18779787891268       0.621195205531937       0.000000000000000E+000
   1.92535190035384       0.925654540229664     
  -1.01107600000000       0.477979300000000        1.00000000000000     
  -1322.53583381087        1.26221317411026        65.9542363224827     
   4.20721727565690       0.000000000000000E+000   70.1614535981396     
   9.12399819608011       0.590216614375927       0.000000000000000E+000
   1.90720068348336       0.907422493209824     
 -0.978947600000000       0.479987000000000        1.00000000000000     
  -1492.15294025842        1.26102044063502        64.9448645551612     
   3.86430639295161       0.000000000000000E+000   68.8091709481128     
   9.04586027787403       0.546350896243293       0.000000000000000E+000
   1.89364230583159       0.895549295960696     
 -0.947038600000000       0.481790300000000        1.00000000000000     
  -1637.45804921553        1.26031159475410        64.5522415538070     
   3.59176494619366       0.000000000000000E+000   68.1440065000007     
   9.04684918452272       0.511376187137026       0.000000000000000E+000
   1.88909303420802       0.885377938506915     
 -0.915401900000000       0.483523000000000        1.00000000000000     
  -1850.48254626139        1.25955966586229        64.0115342388175     
   3.41022986198766       0.000000000000000E+000   67.4217641008051     
   9.02358460992374       0.488533696118518       0.000000000000000E+000
   1.87660968024598       0.870466223967650     
 -0.884078300000000       0.485145000000000        1.00000000000000     
  -2022.40411161866        1.25896309219935        63.2375295598580     
   3.16183659585957       0.000000000000000E+000   66.3993661557175     
   8.96393193742686       0.455928042782270       0.000000000000000E+000
   1.86284628060030       0.858431714597587     
 -0.853107900000000       0.486638300000000        1.00000000000000     
  -2169.66824907046        1.25829846757416        62.6393555592921     
   2.91648176994103       0.000000000000000E+000   65.5558373292332     
   8.92619773768753       0.423267993260251       0.000000000000000E+000
   1.85294565179230       0.848123225151514     
 -0.822530900000000       0.488011300000000        1.00000000000000     
  -2315.14212792574        1.25761457226006        62.0851139821400     
   2.68959501221553       0.000000000000000E+000   64.7747089943555     
   8.89153039152617       0.392748283734846       0.000000000000000E+000
   1.84316721694559       0.837940053805063     
 -0.792384300000000       0.489269600000000        1.00000000000000     
  -2455.95936714831        1.25689104267238        61.5509661076449     
   2.48704916314921       0.000000000000000E+000   64.0380152707941     
   8.85686920258990       0.365336424044142       0.000000000000000E+000
   1.83346432119970       0.828082847227350     
 -0.762704300000000       0.490429300000000        1.00000000000000     
  -2593.27338517913        1.25613737732699        60.9982989289004     
   2.30447444029370       0.000000000000000E+000   63.3027733691941     
   8.81687079108355       0.340447860864703       0.000000000000000E+000
   1.82321081797391       0.818470866128884     
 -0.733522700000000       0.491494000000000        1.00000000000000     
  -2718.65065520738        1.25542864211513        60.4490555108744     
   2.12593515341226       0.000000000000000E+000   62.5749906642867     
   8.77452709562190       0.315839520324097       0.000000000000000E+000
   1.81330196306225       0.809694457376367     
 -0.704869300000000       0.492464000000000        1.00000000000000     
  -2832.59301199570        1.25475227604890        59.9308431846076     
   1.95398829833404       0.000000000000000E+000   61.8848314829417     
   8.73400106240472       0.291916039467398       0.000000000000000E+000
   1.80416699038190       0.801718492537015     
 -0.676772000000000       0.493345000000000        1.00000000000000     
  -2937.40843259418        1.25409449846242        59.4525491635793     
   1.79122715723653       0.000000000000000E+000   61.2437763208158     
   8.69680149297397       0.269083016891864       0.000000000000000E+000
   1.79581954188212       0.794381413220071     
 -0.649255000000000       0.494140300000000        1.00000000000000     
  -3037.00472185187        1.25348883269822        59.0383406327025     
   1.64173218459594       0.000000000000000E+000   60.6800728172984     
   8.66648030992574       0.247985483695215       0.000000000000000E+000
   1.78829568156019       0.787409673090761     
 -0.622340000000000       0.494859300000000        1.00000000000000     
  -3137.05673678204        1.25279087410194        58.5526229290360     
   1.50849103766224       0.000000000000000E+000   60.0611139666983     
   8.62404397381788       0.229061889636404       0.000000000000000E+000
   1.77938341734073       0.780406032164921     
 -0.596046600000000       0.495511700000000        1.00000000000000     
  -3215.20912819278        1.25215769225621        58.0608119362375     
   1.36709911085925       0.000000000000000E+000   59.4279110470967     
   8.57842912302968       0.208782862320097       0.000000000000000E+000
   1.77160821390413       0.774935364859333     
 -0.570391000000000       0.496083300000000        1.00000000000000     
  -3275.24784803384        1.25165471500376        57.7097096782522     
   1.21952866302504       0.000000000000000E+000   58.9292383412772     
   8.55103765408429       0.187468272009682       0.000000000000000E+000
   1.76680921294116       0.770732654542031     
 -0.545386700000000       0.496583000000000        1.00000000000000     
  -3348.73056584458        1.25114940500545        57.4656853269054     
   1.10658440128598       0.000000000000000E+000   58.5722697281913     
   8.53773256232385       0.171106057220346       0.000000000000000E+000
   1.76221217236647       0.765588864382877     
 -0.521045600000000       0.497034000000000        1.00000000000000     
  -3437.32436000663        1.25044391460744        57.0452116093531     
   1.03291712178517       0.000000000000000E+000   58.0781287311383     
   8.49771478604560       0.160411420723232       0.000000000000000E+000
   1.75373306023828       0.759387298897146     
 -0.497376700000000       0.497452600000000        1.00000000000000     
  -3492.99969151888        1.24975475679285        56.5307466111022     
  0.930668206608412       0.000000000000000E+000   57.4614148177106     
   8.44227456653892       0.145484578467449       0.000000000000000E+000
   1.74616002776761       0.755490025757658     
 -0.474385300000000       0.497803000000000        1.00000000000000     
  -3529.02522306335        1.24932572490743        56.3065703041224     
  0.818129292279857       0.000000000000000E+000   57.1246995964023     
   8.42748696466186       0.128932957701261       0.000000000000000E+000
   1.74392090730652       0.752968238592492     
 -0.452076000000000       0.498111300000000        1.00000000000000     
  -3583.48568834408        1.24898560618284        56.1297600704546     
  0.743429834459203       0.000000000000000E+000   56.8731899049138     
   8.41805701786330       0.117885453406500       0.000000000000000E+000
   1.74050830524218       0.749156006087762     
 -0.430450700000000       0.498385300000000        1.00000000000000     
  -3637.12142943592        1.24865698804455        55.8833521520745     
  0.679979362492717       0.000000000000000E+000   56.5633315145672     
   8.39710625046884       0.108551242015393       0.000000000000000E+000
   1.73584939990472       0.745401504275272     
 -0.409508300000000       0.498629600000000        1.00000000000000     
  -3691.06345610200        1.24816843247188        55.5404289213456     
  0.618769787269516       0.000000000000000E+000   56.1591987086151     
   8.36147671359163       9.944933363629918E-002  0.000000000000000E+000
   1.72974137813207       0.741625562472950     
 -0.389247300000000       0.498844700000000        1.00000000000000     
  -3723.26294174921        1.24769550358182        55.1869665620308     
  0.534725691029097       0.000000000000000E+000   55.7216922530599     
   8.32318839134446       8.692223992249738E-002  0.000000000000000E+000
   1.72501133361575       0.739371598516031     
 -0.369663300000000       0.499016300000000        1.00000000000000     
  -3753.95169279902        1.24736747002847        55.1504394927052     
  0.463242264555400       0.000000000000000E+000   55.6136817572606     
   8.33101728638205       7.631229323142344E-002  0.000000000000000E+000
   1.72490954187348       0.737223385979128     
 -0.350750700000000       0.499168300000000        1.00000000000000     
  -3832.73594511816        1.24652631459926        54.8433944753761     
  0.478397697051466       0.000000000000000E+000   55.3217921724275     
   8.29977822840419       7.826008844871105E-002  0.000000000000000E+000
   1.71736688358055       0.731708488410706     
 -0.332502200000000       0.499340000000000        1.00000000000000     
  -3842.72071653379        1.24631553628681        54.3097455561666     
  0.395951709238646       0.000000000000000E+000   54.7056972654053     
   8.23051100217844       6.607812960552906E-002  0.000000000000000E+000
   1.71069774913679       0.731009554423515     
 -0.314908500000000       0.499431000000000        1.00000000000000     
  -3822.50815172164        1.24657078097898        54.3413408902280     
  0.267665568467330       0.000000000000000E+000   54.6090064586953     
   8.24367573678659       4.695995796912791E-002  0.000000000000000E+000
   1.71440304360839       0.732424433936270     
 -0.297960300000000       0.499510300000000        1.00000000000000     
  -3871.14828599014        1.24591826060718        54.2561391397032     
  0.261622914115987       0.000000000000000E+000   54.5177620538192     
   8.24273616233534       4.569249648392646E-002  0.000000000000000E+000
   1.71200772475702       0.729019624595458     
 -0.281646200000000       0.499591300000000        1.00000000000000     
  -3881.50276237879        1.24566511530325        53.9465150350054     
  0.208351973952728       0.000000000000000E+000   54.1548670089581     
   8.20524322611982       3.778791115126983E-002  0.000000000000000E+000
   1.70842375184456       0.728294811260597     
 -0.265954200000000       0.499634600000000        1.00000000000000     
  -3902.79276373954        1.24554958151518        54.0827900863820     
  0.192946802847012       0.000000000000000E+000   54.2757368892290     
   8.23437947822940       3.554407789283256E-002  0.000000000000000E+000
   1.71065355647321       0.726804511190723     
 -0.250871500000000       0.499700600000000        1.00000000000000     
  -3969.99364068391        1.24460036110796        53.9719085121479     
  0.259096874842200       0.000000000000000E+000   54.2310053869901     
   8.22973538664652       4.528450188899213E-002  0.000000000000000E+000
   1.70655214947647       0.722100449884728     
 -0.236384300000000       0.499776300000000        1.00000000000000     
  -4003.75395284229        1.24402180433667        53.4263187739068     
  0.256762440743489       0.000000000000000E+000   53.6830812146503     
   8.15677423618193       4.490642476809784E-002  0.000000000000000E+000
   1.69764870259616       0.719737228073886     
 -0.222478100000000       0.499837300000000        1.00000000000000     
  -3982.76719307209        1.24428361735863        53.1359294733067     
  0.167127726420244       0.000000000000000E+000   53.3030571997269     
   8.11814009599657       3.151441623046267E-002  0.000000000000000E+000
   1.69576056836549       0.721206301232782     
 -0.209138100000000       0.499862700000000        1.00000000000000     
  -3961.17403814287        1.24434712009268        53.1889572169043     
  8.245271499856874E-002  0.000000000000000E+000   53.2714099319029     
   8.13226903398732       1.879428970877711E-002  0.000000000000000E+000
   1.69959496887518       0.722717822052087     
 -0.196348900000000       0.499878000000000        1.00000000000000     
  -3981.38625541876        1.24378359744930        53.1499356177224     
  8.666018227054327E-002  0.000000000000000E+000   53.2365957999930     
   8.13490304808425       1.908318640052405E-002  0.000000000000000E+000
   1.69948837215929       0.721302966866869     
 -0.184095000000000       0.499903300000000        1.00000000000000     
  -3985.59196276008        1.24344731454591        52.9339133279697     
  7.494429535589391E-002  0.000000000000000E+000   53.0088576233256     
   8.10906423589680       1.731614037511788E-002  0.000000000000000E+000
   1.69742637452656       0.721008567357991     
 -0.172360500000000       0.499912300000000        1.00000000000000     
  -3978.42480054903        1.24344444695540        52.9335937970614     
  3.750212919883751E-002  0.000000000000000E+000   52.9710959262602     
   8.11431952201537       1.179168171686155E-002  0.000000000000000E+000
   1.69912296117233       0.721510268704220     
 -0.161129400000000       0.499919600000000        1.00000000000000     
  -3999.31221785766        1.24320447767790        53.0602018883628     
  5.354336180579543E-002  0.000000000000000E+000   53.1137452501686     
   8.13991695138856       1.411789216139113E-002  0.000000000000000E+000
   1.70088700866032       0.720048149517516     
 -0.150385600000000       0.499934300000000        1.00000000000000     
  -4027.03954552612        1.24269189705545        52.9304696827312     
  9.134269615487496E-002  0.000000000000000E+000   53.0218123788861     
   8.12737968996687       1.975806454163863E-002  0.000000000000000E+000
   1.69840566733221       0.718107236613777     
 -0.140112900000000       0.499955700000000        1.00000000000000     
  -4041.60115197362        1.24223958945430        52.5416445845096     
  0.105568551033917       0.000000000000000E+000   52.6472131355435     
   8.07458330573706       2.177984546942122E-002  0.000000000000000E+000
   1.69271130485207       0.717087924179811     
 -0.130295200000000       0.499974700000000        1.00000000000000     
  -4018.39247122039        1.24239036321535        52.2874231371837     
  4.752901245669020E-002  0.000000000000000E+000   52.3349521496403     
   8.03925077068478       1.319366286810288E-002  0.000000000000000E+000
   1.69120353288077       0.718712531804870     
 -0.120916700000000       0.499973600000000        1.00000000000000     
  -3997.61841245870        1.24242551512754        52.3614985119348     
 -4.824823436329832E-003  0.000000000000000E+000   52.3663233353711     
   8.05458110454353       5.370496117430552E-003  0.000000000000000E+000
   1.69491642608412       0.720166715893424     
 -0.111961400000000       0.499973000000000        1.00000000000000     
  -4003.58414164236        1.24224460077040        52.5678196844204     
 -4.835975649909710E-003  0.000000000000000E+000   52.5726556600703     
   8.09104675208825       5.285852683830736E-003  0.000000000000000E+000
   1.69887633298675       0.719749114857679     
 -0.103413700000000       0.499972000000000        1.00000000000000     
  -4025.86551811506        1.24182123904660        52.6038205971320     
  3.031209486345769E-002  0.000000000000000E+000   52.6341326919955     
   8.10234901891582       1.044195771790249E-002  0.000000000000000E+000
   1.69911356483722       0.718189418531151     
 -9.530000000000000E-002  0.499982300000000        1.00000000000000     
  -4045.27880951218        1.24140974931720        52.4003886213659     
  6.349103517409338E-002  0.000000000000000E+000   52.4638796565400     
   8.07663265788229       1.533757962893209E-002  0.000000000000000E+000
   1.69568158201826       0.716830488156496     
 -8.749999999999999E-002  0.499991300000000        1.00000000000000     
  -4041.21460055307        1.24137849735400        52.1506864482224     
  5.263858235888472E-002  0.000000000000000E+000   52.2033250305813     
   8.04176589890878       1.383879400292190E-002  0.000000000000000E+000
   1.69275527658001       0.717114982778789     
 -8.010000000000000E-002  0.499997700000000        1.00000000000000     
  -4031.97823468624        1.24136525808308        52.0153698360887     
  3.091815808606952E-002  0.000000000000000E+000   52.0462879941748     
   8.02425392521577       1.057756200382815E-002  0.000000000000000E+000
   1.69203517839796       0.717761528378456     
 -7.300000000000000E-002  0.500000000000000        1.00000000000000     
  -4022.86089668120        1.24127372750234        52.0163572147767     
  8.425185397095853E-003  0.000000000000000E+000   52.0247824001738     
   8.02791656503209       7.176011156169060E-003  0.000000000000000E+000
   1.69360567958790       0.718399742027940     
 -6.630000000000000E-002  0.500000000000000        1.00000000000000     
  -4020.33866579869        1.24110742734802        52.0565973934184     
  0.000000000000000E+000  0.000000000000000E+000   52.0565973934184     
   8.03785481849842       5.850554281338401E-003  0.000000000000000E+000
   1.69536837860798       0.718576298186709     
 -5.980000000000000E-002  0.500000000000000        1.00000000000000     
  -4021.40445072129        1.24099311119124        52.0499506562221     
  0.000000000000000E+000  0.000000000000000E+000   52.0499506562221     
   8.04012380404970       5.804156570015769E-003  0.000000000000000E+000
   1.69594529747803       0.718501693243397     
 -5.370000000000000E-002  0.500000000000000        1.00000000000000     
  -4022.37829872519        1.24085458258632        52.0135743253834     
  0.000000000000000E+000  0.000000000000000E+000   52.0135743253834     
   8.03781281117459       5.792115555287046E-003  0.000000000000000E+000
   1.69606479935560       0.718433523884285     
 -4.790000000000000E-002  0.500000000000000        1.00000000000000     
  -4023.06692497592        1.24072381419422        51.9704022177061     
  0.000000000000000E+000  0.000000000000000E+000   51.9704022177061     
   8.03425878961862       5.782088016943312E-003  0.000000000000000E+000
   1.69605134355091       0.718385320047555     
 -4.240000000000000E-002  0.500000000000000        1.00000000000000     
  -4023.39716448810        1.24060808717196        51.9273702058016     
  0.000000000000000E+000  0.000000000000000E+000   51.9273702058016     
   8.03054334949429       5.777959886372689E-003  0.000000000000000E+000
   1.69602110226714       0.718362203282096     
 -3.710000000000000E-002  0.500000000000000        1.00000000000000     
  -4023.56450808472        1.24049146226262        51.8815179058776     
  0.000000000000000E+000  0.000000000000000E+000   51.8815179058776     
   8.02626379572506       5.764827220089138E-003  0.000000000000000E+000
   1.69593206224628       0.718350489230532     
 -3.210000000000000E-002  0.500000000000000        1.00000000000000     
  -4023.14782871899        1.24036745582471        51.8048523150282     
  0.000000000000000E+000  0.000000000000000E+000   51.8048523150282     
   8.01714299559207       5.716167590601942E-003  0.000000000000000E+000
   1.69537702335270       0.718379656785637     
 -2.740000000000000E-002  0.500000000000000        1.00000000000000     
  -4019.98748467339        1.24020268870339        51.5811423504936     
  0.000000000000000E+000  0.000000000000000E+000   51.5811423504936     
   7.98535546283454       5.517237579895850E-003  0.000000000000000E+000
   1.69268586299523       0.718600880865061     
 -2.280000000000000E-002  0.500000000000000        1.00000000000000     
  -4004.81232148499        1.23989015388408        50.7358339607750     
  0.000000000000000E+000  0.000000000000000E+000   50.7358339607750     
   7.85784869381806       4.691202091609676E-003  0.000000000000000E+000
   1.68092900391700       0.719663142270159     
 -1.850000000000000E-002  0.500000000000000        1.00000000000000     
  -3940.60567366588        1.23926301179237        47.6400952800957     
  0.000000000000000E+000  0.000000000000000E+000   47.6400952800957     
   7.38287891928739       1.844907933731228E-003  0.000000000000000E+000
   1.63532708905693       0.724157607540956     
 -1.440000000000000E-002  0.500000000000000        1.00000000000000     
  -3700.63802147352        1.23922640901762        38.1575314476117     
  0.000000000000000E+000  0.000000000000000E+000   38.1575314476117     
   5.91477369125137      -4.957922752122070E-003  0.000000000000000E+000
   1.48080405831776       0.740955342908358     
 -1.050000000000000E-002  0.500000000000000        1.00000000000000     
  -3068.30121513934        1.24351677789273        19.5377289016030     
  3.096115769491025E-002  0.000000000000000E+000   19.5686900592980     
   3.02142905160287      -7.088847208461119E-003  0.000000000000000E+000
   1.08629870028873       0.785218918597946     
 -6.840000000000000E-003  0.500011600000000        1.00000000000000     
  -2144.64213732034        1.25186621415806       0.540355180974493     
  4.218409406370190E-003  0.000000000000000E+000  0.544573590380863     
  8.325236761418398E-002 -1.042862064806027E-002  0.000000000000000E+000
  0.187250289824097       0.849875052944189     
 -3.330000000000000E-003  0.500055300000000        1.00000000000000     
  -1192.12904710599        1.25672043818591       -7.07728819782172     
 -8.836937342063340E-002  0.000000000000000E+000  -7.16565757124235     
  -1.08639014657499      -1.318287328437982E-002  0.000000000000000E+000
  0.697515401626649       0.916550968123709     
  0.000000000000000E+000  0.500097000000000        1.00000000000000     
  -468.267759026361        1.14389318402993       -3.51903755415483     
 -7.898492200718471E-002  0.000000000000000E+000  -3.59802247616201     
 -0.556384763457474       -1.24879877918764       0.000000000000000E+000
  0.881012388806291       0.967221257426373     
