 variables = "X","Y","Z","Cp","T","Cfx","Cfy","Cfz","Cf","u","v","w","yplus","PR"
 zone i=          81
  -7.22222300000000       0.000000000000000E+000   1.00000000000000     
   67795.2365622428        1.12023650312865       0.000000000000000E+000
  0.000000000000000E+000  0.000000000000000E+000  0.000000000000000E+000
   18.3874152997785       0.000000000000000E+000  0.000000000000000E+000
   363.836117001820        5.74566647853877     
  -7.05555600000000       0.000000000000000E+000   1.00000000000000     
   67794.8890450956        1.12023515748073       0.000000000000000E+000
  0.000000000000000E+000  0.000000000000000E+000  0.000000000000000E+000
   18.3863918291686       2.247034094731752E-004  0.000000000000000E+000
   364.987000031485        5.74564215233889     
  -6.89329000000000       0.000000000000000E+000   1.00000000000000     
   67795.5216185958        1.12023762672204       0.000000000000000E+000
  0.000000000000000E+000  0.000000000000000E+000  0.000000000000000E+000
   18.3827842744603       5.158553010579799E-004  0.000000000000000E+000
   366.108408354191        5.74568643248314     
  -6.73549000000000       0.000000000000000E+000   1.00000000000000     
   67796.7148000630        1.12024228271167       0.000000000000000E+000
  0.000000000000000E+000  0.000000000000000E+000  0.000000000000000E+000
   18.3765437902782       8.201433673572628E-004  0.000000000000000E+000
   367.187322895190        5.74576995518443     
  -6.58219000000000       0.000000000000000E+000   1.00000000000000     
   67798.4467873666        1.12024903757165       0.000000000000000E+000
  0.000000000000000E+000  0.000000000000000E+000  0.000000000000000E+000
   18.3679286448578       1.097051084215567E-003  0.000000000000000E+000
   368.224539052352        5.74589119429361     
  -6.43343000000000       0.000000000000000E+000   1.00000000000000     
   67800.6160679158        1.12025749415744       0.000000000000000E+000
  0.000000000000000E+000  0.000000000000000E+000  0.000000000000000E+000
   18.3574405354096       1.313538205815345E-003  0.000000000000000E+000
   369.223086469509        5.74604304392947     
  -6.28921300000000       0.000000000000000E+000   1.00000000000000     
   67802.8720386834        1.12026629277188       0.000000000000000E+000
  0.000000000000000E+000  0.000000000000000E+000  0.000000000000000E+000
   18.3457647895902       1.495571694305723E-003  0.000000000000000E+000
   370.187658728710        5.74620096188051     
  -6.14954700000000       0.000000000000000E+000   1.00000000000000     
   67805.3271152041        1.12027586541557       0.000000000000000E+000
  0.000000000000000E+000  0.000000000000000E+000  0.000000000000000E+000
   18.3331126126903       1.656772848544686E-003  0.000000000000000E+000
   371.119791306482        5.74637281723404     
  -6.01441600000000       0.000000000000000E+000   1.00000000000000     
   67807.8693237637        1.12028577703550       0.000000000000000E+000
  0.000000000000000E+000  0.000000000000000E+000  0.000000000000000E+000
   18.3198254103371       1.792116650732722E-003  0.000000000000000E+000
   372.021251189057        5.74655077183018     
  -5.88379600000000       0.000000000000000E+000   1.00000000000000     
   67810.4732743819        1.12029592880676       0.000000000000000E+000
  0.000000000000000E+000  0.000000000000000E+000  0.000000000000000E+000
   18.3061058127770       1.911988984134819E-003  0.000000000000000E+000
   372.892801825567        5.74673304837035     
  -5.75764700000000       0.000000000000000E+000   1.00000000000000     
   67813.1047613702        1.12030619541075       0.000000000000000E+000
  0.000000000000000E+000  0.000000000000000E+000  0.000000000000000E+000
   18.2921267920308       2.019296909434798E-003  0.000000000000000E+000
   373.735783829343        5.74691725245639     
  -5.63592300000000       0.000000000000000E+000   1.00000000000000     
   67815.7482844698        1.12031649386424       0.000000000000000E+000
  0.000000000000000E+000  0.000000000000000E+000  0.000000000000000E+000
   18.2780095452182       2.117490988078822E-003  0.000000000000000E+000
   374.550962227676        5.74710229907021     
  -5.51857000000000       0.000000000000000E+000   1.00000000000000     
   67818.3742723559        1.12032672898099       0.000000000000000E+000
  0.000000000000000E+000  0.000000000000000E+000  0.000000000000000E+000
   18.2638512696677       2.211015602832868E-003  0.000000000000000E+000
   375.338093820987        5.74728611821911     
  -5.40551700000000       0.000000000000000E+000   1.00000000000000     
   67820.9675580629        1.12033683760140       0.000000000000000E+000
  0.000000000000000E+000  0.000000000000000E+000  0.000000000000000E+000
   18.2496966865880       2.303956411864654E-003  0.000000000000000E+000
   376.097587268346        5.74746764821551     
  -5.29669700000000       0.000000000000000E+000   1.00000000000000     
   67823.5204459456        1.12034678634497       0.000000000000000E+000
  0.000000000000000E+000  0.000000000000000E+000  0.000000000000000E+000
   18.2356009310201       2.388278362559691E-003  0.000000000000000E+000
   376.830220532906        5.74764635036426     
  -5.19202700000000       0.000000000000000E+000   1.00000000000000     
   67826.0285291086        1.12035656231488       0.000000000000000E+000
  0.000000000000000E+000  0.000000000000000E+000  0.000000000000000E+000
   18.2216822332449       2.458868948643755E-003  0.000000000000000E+000
   377.536470481960        5.74782191618268     
  -5.09142000000000       0.000000000000000E+000   1.00000000000000     
   67828.4291497511        1.12036591351468       0.000000000000000E+000
  0.000000000000000E+000  0.000000000000000E+000  0.000000000000000E+000
   18.2080636590794       2.499134830086969E-003  0.000000000000000E+000
   378.217600858416        5.74798995962479     
  -4.99479000000000       0.000000000000000E+000   1.00000000000000     
   67830.6851499339        1.12037470804562       0.000000000000000E+000
  0.000000000000000E+000  0.000000000000000E+000  0.000000000000000E+000
   18.1950104128213       2.469322365201682E-003  0.000000000000000E+000
   378.876654398899        5.74814787963490     
  -4.90203600000000       0.000000000000000E+000   1.00000000000000     
   67832.7402050091        1.12038271564337       0.000000000000000E+000
  0.000000000000000E+000  0.000000000000000E+000  0.000000000000000E+000
   18.1829506282923       2.333365075547383E-003  0.000000000000000E+000
   379.518330139126        5.74829173348771     
  -4.81306300000000       0.000000000000000E+000   1.00000000000000     
   67834.5220412841        1.12038966762036       0.000000000000000E+000
  0.000000000000000E+000  0.000000000000000E+000  0.000000000000000E+000
   18.1723983405101       2.064251804134189E-003  0.000000000000000E+000
   380.148155796567        5.74841646202484     
  -4.72777000000000       0.000000000000000E+000   1.00000000000000     
   67835.9697942729        1.12039531318847       0.000000000000000E+000
  0.000000000000000E+000  0.000000000000000E+000  0.000000000000000E+000
   18.1638712492942       1.661017817233846E-003  0.000000000000000E+000
   380.771848106798        5.74851780473233     
  -4.64605000000000       0.000000000000000E+000   1.00000000000000     
   67837.0186814675        1.12039941474759       0.000000000000000E+000
  0.000000000000000E+000  0.000000000000000E+000  0.000000000000000E+000
   18.1577416693516       1.107092035290427E-003  0.000000000000000E+000
   381.393593390047        5.74859122683470     
  -4.56780000000000       0.000000000000000E+000   1.00000000000000     
   67837.8114528783        1.12040254224435       0.000000000000000E+000
  0.000000000000000E+000  0.000000000000000E+000  0.000000000000000E+000
   18.1543410870642       4.453648215765468E-004  0.000000000000000E+000
   382.017532309043        5.74864672083251     
  -4.49291300000000       0.000000000000000E+000   1.00000000000000     
   67838.5726439856        1.12040551558386       0.000000000000000E+000
  0.000000000000000E+000  0.000000000000000E+000  0.000000000000000E+000
   18.1541771326912      -3.765585642155710E-004  0.000000000000000E+000
   382.650265301067        5.74870000420911     
  -4.42127700000000       0.000000000000000E+000   1.00000000000000     
   67838.5861569706        1.12040554870677       0.000000000000000E+000
  0.000000000000000E+000  0.000000000000000E+000  0.000000000000000E+000
   18.1579718467715      -1.575577415328815E-003  0.000000000000000E+000
   383.299175343927        5.74870095011805     
  -4.35279000000000       0.000000000000000E+000   1.00000000000000     
   67837.2137759633        1.12040019636880       0.000000000000000E+000
  0.000000000000000E+000  0.000000000000000E+000  0.000000000000000E+000
   18.1668914442525      -3.269252590468353E-003  0.000000000000000E+000
   383.976511052237        5.74860488344917     
  -4.28734300000000       0.000000000000000E+000   1.00000000000000     
   67834.6537681949        1.12039021619515       0.000000000000000E+000
  0.000000000000000E+000  0.000000000000000E+000  0.000000000000000E+000
   18.1822774411618      -5.536994841235298E-003  0.000000000000000E+000
   384.697341227513        5.74842568290843     
  -4.22483000000000       0.000000000000000E+000   1.00000000000000     
   67830.6257111899        1.12037451829262       0.000000000000000E+000
  0.000000000000000E+000  0.000000000000000E+000  0.000000000000000E+000
   18.2056063211140      -8.487942264657763E-003  0.000000000000000E+000
   385.477676033042        5.74814371892289     
  -4.16514000000000       0.000000000000000E+000   1.00000000000000     
   67824.8109463389        1.12035189286101       0.000000000000000E+000
  0.000000000000000E+000  0.000000000000000E+000  0.000000000000000E+000
   18.2384036664379      -1.221650246793229E-002  0.000000000000000E+000
   386.334466508880        5.74773668539025     
  -4.10817600000000       0.000000000000000E+000   1.00000000000000     
   67816.8902983942        1.12032113222360       0.000000000000000E+000
  0.000000000000000E+000  0.000000000000000E+000  0.000000000000000E+000
   18.2821955405593      -1.681939605984755E-002  0.000000000000000E+000
   387.283875363230        5.74718224004356     
  -4.05383000000000       0.000000000000000E+000   1.00000000000000     
   67806.5474853009        1.12028098654060       0.000000000000000E+000
  0.000000000000000E+000  0.000000000000000E+000  0.000000000000000E+000
   18.3384884180436      -2.238382590372309E-002  0.000000000000000E+000
   388.342016398134        5.74645824313936     
  -4.00200300000000       0.000000000000000E+000   1.00000000000000     
   67793.5169074939        1.12023038291548       0.000000000000000E+000
  0.000000000000000E+000  0.000000000000000E+000  0.000000000000000E+000
   18.4086365317655      -2.896379512497343E-002  0.000000000000000E+000
   389.524556654298        5.74554610270840     
  -3.95260000000000       0.000000000000000E+000   1.00000000000000     
   67777.5372686549        1.12016829249149       0.000000000000000E+000
  0.000000000000000E+000  0.000000000000000E+000  0.000000000000000E+000
   18.4938284391047      -3.658510573928170E-002  0.000000000000000E+000
   390.799729205972        5.74442752800872     
  -3.90551300000000       0.000000000000000E+000   1.00000000000000     
   67758.3356839248        1.12009364704692       0.000000000000000E+000
  0.000000000000000E+000  0.000000000000000E+000  0.000000000000000E+000
   18.5950255742394      -4.521947503588705E-002  0.000000000000000E+000
   392.132483052558        5.74308341710051     
  -3.86066000000000       0.000000000000000E+000   1.00000000000000     
   67735.7799049925        1.12000592723295       0.000000000000000E+000
  0.000000000000000E+000  0.000000000000000E+000  0.000000000000000E+000
   18.7127828842536      -5.481886602057146E-002  0.000000000000000E+000
   393.567980875700        5.74150451260214     
  -3.81794000000000       0.000000000000000E+000   1.00000000000000     
   67709.7324349882        1.11990459015413       0.000000000000000E+000
  0.000000000000000E+000  0.000000000000000E+000  0.000000000000000E+000
   18.8473702120050      -6.531725871483561E-002  0.000000000000000E+000
   395.155722419521        5.73968118973288     
  -3.77726700000000       0.000000000000000E+000   1.00000000000000     
   67680.1691280903        1.11978953391527       0.000000000000000E+000
  0.000000000000000E+000  0.000000000000000E+000  0.000000000000000E+000
   18.9986469730425      -7.661474163775739E-002  0.000000000000000E+000
   396.901635464284        5.73761175828527     
  -3.73855300000000       0.000000000000000E+000   1.00000000000000     
   67647.1054273130        1.11966080662588       0.000000000000000E+000
  0.000000000000000E+000  0.000000000000000E+000  0.000000000000000E+000
   19.1661610415700      -8.858301656155425E-002  0.000000000000000E+000
   398.750268045830        5.73529729927028     
  -3.70171300000000       0.000000000000000E+000   1.00000000000000     
   67610.6151236887        1.11951868538470       0.000000000000000E+000
  0.000000000000000E+000  0.000000000000000E+000  0.000000000000000E+000
   19.3491575023136      -0.100997581705870       0.000000000000000E+000
   400.469423083542        5.73274297806008     
  -3.66666700000000       0.000000000000000E+000   1.00000000000000     
   67570.8659498753        1.11936378461967       0.000000000000000E+000
  0.000000000000000E+000  0.000000000000000E+000  0.000000000000000E+000
   19.5465418226480      -0.113631391224564       0.000000000000000E+000
   401.947647622466        5.72996053594052     
  -3.63333300000000       0.000000000000000E+000   1.00000000000000     
   67529.6083533759        1.11920302847516       0.000000000000000E+000
  0.000000000000000E+000  0.000000000000000E+000  0.000000000000000E+000
   19.7590643736990      -0.126615482122669       0.000000000000000E+000
   403.415593917927        5.72707250423475     
  -3.60000000000000       0.000000000000000E+000   1.00000000000000     
   67482.0059710251        1.11901747835752       0.000000000000000E+000
  0.000000000000000E+000  0.000000000000000E+000  0.000000000000000E+000
   19.9940538779001      -0.140204361675699       0.000000000000000E+000
   405.116831228321        5.72374033752694     
  -3.56711300000000       0.000000000000000E+000   1.00000000000000     
   67428.5807108134        1.11880916303325       0.000000000000000E+000
  0.000000000000000E+000  0.000000000000000E+000  0.000000000000000E+000
   20.2517932215884      -0.154432224638002       0.000000000000000E+000
   407.031092729500        5.72000056937581     
  -3.53467700000000       0.000000000000000E+000   1.00000000000000     
   67370.2085531726        1.11858150524204       0.000000000000000E+000
  0.000000000000000E+000  0.000000000000000E+000  0.000000000000000E+000
   20.5319870570936      -0.169277704231019       0.000000000000000E+000
   409.140756824487        5.71591451841054     
  -3.50269000000000       0.000000000000000E+000   1.00000000000000     
   67305.9963235934        1.11833090944326       0.000000000000000E+000
  0.000000000000000E+000  0.000000000000000E+000  0.000000000000000E+000
   20.8352646237802      -0.184556974852324       0.000000000000000E+000
   411.243823810822        5.71141966241654     
  -3.47115700000000       0.000000000000000E+000   1.00000000000000     
   67235.7358555009        1.11805653004581       0.000000000000000E+000
  0.000000000000000E+000  0.000000000000000E+000  0.000000000000000E+000
   21.1620452699148      -0.200058245673951       0.000000000000000E+000
   413.187083497795        5.70650142973382     
  -3.44008000000000       0.000000000000000E+000   1.00000000000000     
   67159.1555008538        1.11775728662653       0.000000000000000E+000
  0.000000000000000E+000  0.000000000000000E+000  0.000000000000000E+000
   21.5127750847007      -0.215834741659817       0.000000000000000E+000
   415.147488367509        5.70114080499981     
  -3.40945700000000       0.000000000000000E+000   1.00000000000000     
   67075.8292163233        1.11743144394093       0.000000000000000E+000
  0.000000000000000E+000  0.000000000000000E+000  0.000000000000000E+000
   21.8879135458327      -0.231960772018265       0.000000000000000E+000
   417.267872164422        5.69530796518201     
  -3.37929000000000       0.000000000000000E+000   1.00000000000000     
   66985.5798380841        1.11707826989031       0.000000000000000E+000
  0.000000000000000E+000  0.000000000000000E+000  0.000000000000000E+000
   22.2875791350292      -0.248457439837562       0.000000000000000E+000
   419.564211870940        5.68899050881285     
  -3.34958000000000       0.000000000000000E+000   1.00000000000000     
   66887.9707831447        1.11669596406568       0.000000000000000E+000
  0.000000000000000E+000  0.000000000000000E+000  0.000000000000000E+000
   22.7121040783983      -0.265328376890993       0.000000000000000E+000
   422.029928392581        5.68215787508345     
  -3.32032400000000       0.000000000000000E+000   1.00000000000000     
   66782.6983034160        1.11628327727796       0.000000000000000E+000
  0.000000000000000E+000  0.000000000000000E+000  0.000000000000000E+000
   23.1615524207600      -0.282418518173451       0.000000000000000E+000
   424.520445153688        5.67478880162794     
  -3.29152700000000       0.000000000000000E+000   1.00000000000000     
   66669.4244579730        1.11583877239202       0.000000000000000E+000
  0.000000000000000E+000  0.000000000000000E+000  0.000000000000000E+000
   23.6359877035657      -0.299494865218831       0.000000000000000E+000
   426.914079599379        5.66685963258196     
  -3.26318500000000       0.000000000000000E+000   1.00000000000000     
   66547.8688495874        1.11536127513535       0.000000000000000E+000
  0.000000000000000E+000  0.000000000000000E+000  0.000000000000000E+000
   24.1355104184605      -0.316602912705678       0.000000000000000E+000
   429.317422925412        5.65835074013988     
  -3.23529700000000       0.000000000000000E+000   1.00000000000000     
   66417.4446802843        1.11484833521001       0.000000000000000E+000
  0.000000000000000E+000  0.000000000000000E+000  0.000000000000000E+000
   24.6604761300523      -0.333888356857613       0.000000000000000E+000
   431.836827339409        5.64922104844414     
  -3.20786300000000       0.000000000000000E+000   1.00000000000000     
   66277.9461942735        1.11429904381417       0.000000000000000E+000
  0.000000000000000E+000  0.000000000000000E+000  0.000000000000000E+000
   25.2107877526031      -0.351384438790992       0.000000000000000E+000
   434.484561974086        5.63945615458967     
  -3.18088100000000       0.000000000000000E+000   1.00000000000000     
   66128.8143449221        1.11371101988684       0.000000000000000E+000
  0.000000000000000E+000  0.000000000000000E+000  0.000000000000000E+000
   25.7866687883643      -0.369100236404217       0.000000000000000E+000
   437.253597987815        5.62901692531286     
  -3.15434900000000       0.000000000000000E+000   1.00000000000000     
   65969.7347718031        1.11308289374403       0.000000000000000E+000
  0.000000000000000E+000  0.000000000000000E+000  0.000000000000000E+000
   26.3879830505002      -0.386894193049746       0.000000000000000E+000
   440.026206309316        5.61788135538416     
  -3.12826600000000       0.000000000000000E+000   1.00000000000000     
   65800.2536479433        1.11241265544598       0.000000000000000E+000
  0.000000000000000E+000  0.000000000000000E+000  0.000000000000000E+000
   27.0147290597198      -0.404545632614456       0.000000000000000E+000
   442.730808572588        5.60601767691602     
  -3.10262800000000       0.000000000000000E+000   1.00000000000000     
   65620.0541505220        1.11169889283156       0.000000000000000E+000
  0.000000000000000E+000  0.000000000000000E+000  0.000000000000000E+000
   27.6668509904503      -0.422122615267982       0.000000000000000E+000
   445.461393864867        5.59340371231134     
  -3.07743300000000       0.000000000000000E+000   1.00000000000000     
   65428.4589322575        1.11093865229157       0.000000000000000E+000
  0.000000000000000E+000  0.000000000000000E+000  0.000000000000000E+000
   28.3446271779586      -0.439780187483923       0.000000000000000E+000
   448.271519960198        5.57999204726123     
  -3.05267900000000       0.000000000000000E+000   1.00000000000000     
   65225.2144343067        1.11013072843864       0.000000000000000E+000
  0.000000000000000E+000  0.000000000000000E+000  0.000000000000000E+000
   29.0478506025821      -0.457527590048323       0.000000000000000E+000
   451.159695783876        5.56576493264696     
  -3.02836300000000       0.000000000000000E+000   1.00000000000000     
   65009.6802305201        1.10927224882519       0.000000000000000E+000
  0.000000000000000E+000  0.000000000000000E+000  0.000000000000000E+000
   29.7767077701511      -0.475392224907857       0.000000000000000E+000
   454.115354930252        5.55067753863883     
  -3.00448200000000       0.000000000000000E+000   1.00000000000000     
   64781.4571154167        1.10836136891291       0.000000000000000E+000
  0.000000000000000E+000  0.000000000000000E+000  0.000000000000000E+000
   30.5309906401595      -0.493155379589943       0.000000000000000E+000
   457.047762194390        5.53470192085365     
  -2.98103200000000       0.000000000000000E+000   1.00000000000000     
   64540.1384954894        1.10739607130741       0.000000000000000E+000
  0.000000000000000E+000  0.000000000000000E+000  0.000000000000000E+000
   31.3105299436874      -0.510656278018996       0.000000000000000E+000
   459.939755502927        5.51780961774642     
  -2.95801000000000       0.000000000000000E+000   1.00000000000000     
   64285.3067676763        1.10637437983682       0.000000000000000E+000
  0.000000000000000E+000  0.000000000000000E+000  0.000000000000000E+000
   32.1152581358867      -0.528089826444072       0.000000000000000E+000
   462.867013750097        5.49997139710329     
  -2.93541200000000       0.000000000000000E+000   1.00000000000000     
   64016.2134363376        1.10529281277681       0.000000000000000E+000
  0.000000000000000E+000  0.000000000000000E+000  0.000000000000000E+000
   32.9453732848713      -0.545444452368857       0.000000000000000E+000
   465.835145117061        5.48113486423036     
  -2.91323400000000       0.000000000000000E+000   1.00000000000000     
   63732.7273676645        1.10415046869709       0.000000000000000E+000
  0.000000000000000E+000  0.000000000000000E+000  0.000000000000000E+000
   33.8004317379991      -0.562760094659936       0.000000000000000E+000
   468.836812742092        5.46129083976118     
  -2.89147300000000       0.000000000000000E+000   1.00000000000000     
   63433.9422145175        1.10294311252829       0.000000000000000E+000
  0.000000000000000E+000  0.000000000000000E+000  0.000000000000000E+000
   34.6806746007048      -0.579855301760003       0.000000000000000E+000
   471.847973644779        5.44037587939707     
  -2.87012400000000       0.000000000000000E+000   1.00000000000000     
   63120.0000949897        1.10167087333423       0.000000000000000E+000
  0.000000000000000E+000  0.000000000000000E+000  0.000000000000000E+000
   35.5852667967506      -0.596682526667598       0.000000000000000E+000
   474.841366376224        5.41839993140437     
  -2.84918300000000       0.000000000000000E+000   1.00000000000000     
   62789.8911610462        1.10032896347327       0.000000000000000E+000
  0.000000000000000E+000  0.000000000000000E+000  0.000000000000000E+000
   36.5145388321643      -0.613170119966457       0.000000000000000E+000
   477.830484609713        5.39529230642185     
  -2.82864600000000       0.000000000000000E+000   1.00000000000000     
   62443.8304237364        1.09891773581542       0.000000000000000E+000
  0.000000000000000E+000  0.000000000000000E+000  0.000000000000000E+000
   37.4675385988845      -0.629306631396489       0.000000000000000E+000
   480.821988875755        5.37106805522270     
  -2.80850800000000       0.000000000000000E+000   1.00000000000000     
   62080.8486827657        1.09743241093542       0.000000000000000E+000
  0.000000000000000E+000  0.000000000000000E+000  0.000000000000000E+000
   38.4445321114282      -0.645060314498477       0.000000000000000E+000
   483.814954002155        5.34565933378746     
  -2.78876400000000       0.000000000000000E+000   1.00000000000000     
   61701.1889689653        1.09587337476957       0.000000000000000E+000
  0.000000000000000E+000  0.000000000000000E+000  0.000000000000000E+000
   39.4444334560598      -0.660316753428196       0.000000000000000E+000
   486.793258625151        5.31908315427403     
  -2.76941000000000       0.000000000000000E+000   1.00000000000000     
   61304.0934628662        1.09423654333634       0.000000000000000E+000
  0.000000000000000E+000  0.000000000000000E+000  0.000000000000000E+000
   40.4671935273025      -0.674960637368409       0.000000000000000E+000
   489.738706390012        5.29128646932046     
  -2.75044100000000       0.000000000000000E+000   1.00000000000000     
   60889.9038302426        1.09252263233007       0.000000000000000E+000
  0.000000000000000E+000  0.000000000000000E+000  0.000000000000000E+000
   41.5115177879423      -0.688850125739474       0.000000000000000E+000
   492.646719031948        5.26229319553056     
  -2.73185300000000       0.000000000000000E+000   1.00000000000000     
   60458.0618327622        1.09072821501674       0.000000000000000E+000
  0.000000000000000E+000  0.000000000000000E+000  0.000000000000000E+000
   42.5771291959509      -0.701921521781084       0.000000000000000E+000
   495.525705850269        5.23206425622173     
  -2.71363900000000       0.000000000000000E+000   1.00000000000000     
   60008.9474678073        1.08885409759512       0.000000000000000E+000
  0.000000000000000E+000  0.000000000000000E+000  0.000000000000000E+000
   43.6626736917370      -0.714169094382672       0.000000000000000E+000
   498.367363040113        5.20062625121027     
  -2.69579600000000       0.000000000000000E+000   1.00000000000000     
   59542.1049618732        1.08689711174321       0.000000000000000E+000
  0.000000000000000E+000  0.000000000000000E+000  0.000000000000000E+000
   44.7676720260726      -0.725338832789008       0.000000000000000E+000
   501.148754379325        5.16794727635141     
  -2.67831800000000       0.000000000000000E+000   1.00000000000000     
   59058.3907976527        1.08486001607297       0.000000000000000E+000
  0.000000000000000E+000  0.000000000000000E+000  0.000000000000000E+000
   45.8902168035476      -0.735427489967388       0.000000000000000E+000
   503.816265906476        5.13408728543260     
  -2.66120000000000       0.000000000000000E+000   1.00000000000000     
   58557.6408113626        1.08274072729738       0.000000000000000E+000
  0.000000000000000E+000  0.000000000000000E+000  0.000000000000000E+000
   47.0296929260347      -0.743894458881472       0.000000000000000E+000
   506.383229196841        5.09903478698924     
  -2.64443800000000       0.000000000000000E+000   1.00000000000000     
   58040.3500270276        1.08054045961890       0.000000000000000E+000
  0.000000000000000E+000  0.000000000000000E+000  0.000000000000000E+000
   48.1841497110773      -0.751079201437640       0.000000000000000E+000
   508.882017677631        5.06282443270244     
 zone i=          81
  -7.22222300000000       0.694444300000000        1.00000000000000     
   68661.2339447990        1.13255727933724        9.98295714311570     
  0.000000000000000E+000  0.000000000000000E+000   9.98295714311570     
   1.65723420552752       0.000000000000000E+000  0.000000000000000E+000
   2.37530837043184        5.80628629428536     
  -7.05555600000000       0.694444300000000        1.00000000000000     
   67793.0539869650        1.14898053983366        9.84754045212574     
  0.000000000000000E+000  0.000000000000000E+000   9.84754045212574     
   1.62739472292464       2.460069603399669E-004  0.000000000000000E+000
   2.31945716174719        5.74551369827193     
  -6.89328600000000       0.694444300000000        1.00000000000000     
   67793.0738393104        1.17121638354163        9.81512325402538     
  0.000000000000000E+000  0.000000000000000E+000   9.81512325402538     
   1.60892983568027       3.339596848753370E-004  0.000000000000000E+000
   2.27502296171776        5.74551508793609     
  -6.73547900000000       0.694444300000000        1.00000000000000     
   67794.6395170924        1.19344140727558        10.1581379341388     
  0.000000000000000E+000  0.000000000000000E+000   10.1581379341388     
   1.65209138403759       3.834269925161187E-004  0.000000000000000E+000
   2.27479810066074        5.74562468537896     
  -6.58217300000000       0.694444300000000        1.00000000000000     
   67796.8723893011        1.21299048658204        10.6612825924656     
  0.000000000000000E+000  0.000000000000000E+000   10.6612825924656     
   1.72350030807136       4.285217986275295E-004  0.000000000000000E+000
   2.29770222795752        5.74578098643090     
  -6.43340000000000       0.694444300000000        1.00000000000000     
   67799.4472444076        1.22841263489205        11.1671178589917     
  0.000000000000000E+000  0.000000000000000E+000   11.1671178589917     
   1.79911250179503       4.668970059444503E-004  0.000000000000000E+000
   2.32880634284747        5.74596122628530     
  -6.28917300000000       0.694444300000000        1.00000000000000     
   67801.8932640607        1.24013707793471        11.5993366829827     
  0.000000000000000E+000  0.000000000000000E+000   11.5993366829827     
   1.86651154896485       4.990717234818261E-004  0.000000000000000E+000
   2.35939505875800        5.74613244765809     
  -6.14949700000000       0.694444300000000        1.00000000000000     
   67804.5061494116        1.24901767811687        11.9629331176771     
  0.000000000000000E+000  0.000000000000000E+000   11.9629331176771     
   1.92585147964594       5.266277766438167E-004  0.000000000000000E+000
   2.38861647932224        5.74631534962954     
  -6.01434900000000       0.694444300000000        1.00000000000000     
   67807.1936468211        1.25580869898301        12.2720172065382     
  0.000000000000000E+000  0.000000000000000E+000   12.2720172065382     
   1.97870315146556       5.509752563382974E-004  0.000000000000000E+000
   2.41653986454537        5.74650347444501     
  -5.88371300000000       0.694444300000000        1.00000000000000     
   67809.8718351709        1.26114853511781        12.5357803683071     
  0.000000000000000E+000  0.000000000000000E+000   12.5357803683071     
   2.02587404640335       5.731805106031806E-004  0.000000000000000E+000
   2.44283044925570        5.74669094762630     
  -5.75755000000000       0.694444300000000        1.00000000000000     
   67812.5370914215        1.26553132612527        12.7625501968203     
  0.000000000000000E+000  0.000000000000000E+000   12.7625501968203     
   2.06813596886658       5.940282148463173E-004  0.000000000000000E+000
   2.46729126036851        5.74687751556066     
  -5.63581000000000       0.694444300000000        1.00000000000000     
   67815.1925698197        1.26928488785313        12.9602228608553     
  0.000000000000000E+000  0.000000000000000E+000   12.9602228608553     
   2.10635643283929       6.139395024984435E-004  0.000000000000000E+000
   2.49000076544520        5.74706339904537     
  -5.51843600000000       0.694444300000000        1.00000000000000     
   67817.8338739476        1.27256207173549        13.1354680372123     
  0.000000000000000E+000  0.000000000000000E+000   13.1354680372123     
   2.14140553946020       6.330411201051591E-004  0.000000000000000E+000
   2.51129048982903        5.74724829033117     
  -5.40537000000000       0.694444300000000        1.00000000000000     
   67820.4710223695        1.27547265531726        13.2930996243457     
  0.000000000000000E+000  0.000000000000000E+000   13.2930996243457     
   2.17390586358131       6.515344148238619E-004  0.000000000000000E+000
   2.53139104526484        5.74743289071756     
  -5.29653300000000       0.694444300000000        1.00000000000000     
   67823.0793543147        1.27809922541541        13.4356976979501     
  0.000000000000000E+000  0.000000000000000E+000   13.4356976979501     
   2.20415049535557       6.694268434150824E-004  0.000000000000000E+000
   2.55036833115462        5.74761547395062     
  -5.19184600000000       0.694444300000000        1.00000000000000     
   67825.6497309836        1.28046759385697        13.5639175431800     
  0.000000000000000E+000  0.000000000000000E+000   13.5639175431800     
   2.23219080322329       6.865153368982783E-004  0.000000000000000E+000
   2.56823800764221        5.74779540031437     
  -5.09122300000000       0.694444300000000        1.00000000000000     
   67828.1951493275        1.28264220242604        13.6774548444133     
  0.000000000000000E+000  0.000000000000000E+000   13.6774548444133     
   2.25787021534692       7.028052653326786E-004  0.000000000000000E+000
   2.58482471573102        5.74797357959542     
  -4.99458000000000       0.694444300000000        1.00000000000000     
   67830.7168630317        1.28471061848213        13.7759494010002     
  0.000000000000000E+000  0.000000000000000E+000   13.7759494010002     
   2.28099130247598       7.182364027808863E-004  0.000000000000000E+000
   2.59988652655827        5.74815009955170     
  -4.90181300000000       0.694444300000000        1.00000000000000     
   67833.2114231931        1.28672712759388        13.8595667237229     
  0.000000000000000E+000  0.000000000000000E+000   13.8595667237229     
   2.30148437627369       7.326977030059108E-004  0.000000000000000E+000
   2.61330895675978        5.74832471876003     
  -4.81282700000000       0.694444300000000        1.00000000000000     
   67835.6860489255        1.28872570426452        13.9290719087862     
  0.000000000000000E+000  0.000000000000000E+000   13.9290719087862     
   2.31940830626290       7.460404397838108E-004  0.000000000000000E+000
   2.62508395745429        5.74849794255834     
  -4.72752000000000       0.694444300000000        1.00000000000000     
   67838.1795056103        1.29069704178642        13.9859236631556     
  0.000000000000000E+000  0.000000000000000E+000   13.9859236631556     
   2.33499787203195       7.580625634121007E-004  0.000000000000000E+000
   2.63537648050061        5.74867248452331     
  -4.64578600000000       0.694444300000000        1.00000000000000     
   67840.7176009924        1.29258125868915        14.0321538725794     
  0.000000000000000E+000  0.000000000000000E+000   14.0321538725794     
   2.34865654633753       7.686741785941021E-004  0.000000000000000E+000
   2.64453320130420        5.74885015119703     
  -4.56752300000000       0.694444300000000        1.00000000000000     
   67843.3171702788        1.29433266670536        14.0700170966826     
  0.000000000000000E+000  0.000000000000000E+000   14.0700170966826     
   2.36081299047079       7.781788937725798E-004  0.000000000000000E+000
   2.65288718194187        5.74903212104398     
  -4.49262600000000       0.694444300000000        1.00000000000000     
   67846.0085146571        1.29596362710244        14.1012195457474     
  0.000000000000000E+000  0.000000000000000E+000   14.1012195457474     
   2.37173181441008       7.869857374553423E-004  0.000000000000000E+000
   2.66057438656916        5.74922051514726     
  -4.42097900000000       0.694444300000000        1.00000000000000     
   67848.8954054496        1.29752586851228        14.1257025440385     
  0.000000000000000E+000  0.000000000000000E+000   14.1257025440385     
   2.38132988959892       7.950493485814210E-004  0.000000000000000E+000
   2.66746493850714        5.74942259749929     
  -4.35248300000000       0.694444300000000        1.00000000000000     
   67852.2285527298        1.29906991732991        14.1409017082198     
  0.000000000000000E+000  0.000000000000000E+000   14.1409017082198     
   2.38910391471515       8.023384043378855E-004  0.000000000000000E+000
   2.67319866325531        5.74965591780493     
  -4.28702600000000       0.694444300000000        1.00000000000000     
   67856.3793734146        1.30064813248305        14.1427446793923     
  0.000000000000000E+000  0.000000000000000E+000   14.1427446793923     
   2.39428855159994       8.083685413996670E-004  0.000000000000000E+000
   2.67726718916207        5.74994647524792     
  -4.22450600000000       0.694444300000000        1.00000000000000     
   67861.7169535970        1.30230337104797        14.1299973530591     
  0.000000000000000E+000  0.000000000000000E+000   14.1299973530591     
   2.39661029550360       8.128481265782899E-004  0.000000000000000E+000
   2.67945461093165        5.75032010585432     
  -4.16481000000000       0.694444300000000        1.00000000000000     
   67868.3681629778        1.30406409700485        14.1050781085785     
  0.000000000000000E+000  0.000000000000000E+000   14.1050781085785     
   2.39643555875539       8.158648761950539E-004  0.000000000000000E+000
   2.67992251239038        5.75078569050305     
  -4.10784000000000       0.694444300000000        1.00000000000000     
   67875.9529482372        1.30594171632371        14.0642007002998     
  0.000000000000000E+000  0.000000000000000E+000   14.0642007002998     
   2.39310474163527       8.161119372645806E-004  0.000000000000000E+000
   2.67828038632062        5.75131662546217     
  -4.05349000000000       0.694444300000000        1.00000000000000     
   67884.8492114229        1.30796042640091        13.9920520373384     
  0.000000000000000E+000  0.000000000000000E+000   13.9920520373384     
   2.38397548989760       8.117241346814680E-004  0.000000000000000E+000
   2.67301296555457        5.75193936387456     
  -4.00166000000000       0.694444300000000        1.00000000000000     
   67891.7960094533        1.31033517588182        13.8665688843954     
  0.000000000000000E+000  0.000000000000000E+000   13.8665688843954     
   2.36499490382342       7.978215036730295E-004  0.000000000000000E+000
   2.66140049918119        5.75242563972840     
  -3.95224600000000       0.694444300000000        1.00000000000000     
   67934.9397134875        1.31303907720260        13.7739569718118     
 -8.547118324933263E-002  0.000000000000000E+000   13.8594281550611     
   2.35034157729788      -1.376143574737887E-002  0.000000000000000E+000
   2.65176874987270        5.75544569895937     
  -3.90516700000000       0.693860000000000        1.00000000000000     
   67954.1785584256        1.31534199422915        13.7778688661509     
 -0.182865638378755       0.000000000000000E+000   13.9607345045296     
   2.35136295939699      -3.039258623551178E-002  0.000000000000000E+000
   2.65061635042858        5.75679241808210     
  -3.86031000000000       0.693226000000000        1.00000000000000     
   67928.7293671364        1.31758738082079        13.7299422838176     
 -0.194047675218743       0.000000000000000E+000   13.9239899590363     
   2.34288851262379      -3.231649225770097E-002  0.000000000000000E+000
   2.64302011313595        5.75501097472219     
  -3.81759300000000       0.692622300000000        1.00000000000000     
   67937.4285885760        1.32045484502207        13.5159213455217     
 -0.190986029802477       0.000000000000000E+000   13.7069073753242     
   2.30512838991743      -3.179692502185252E-002  0.000000000000000E+000
   2.61822188105501        5.75561992021260     
  -3.77692300000000       0.692047700000000        1.00000000000000     
   67965.1397710706        1.32387726915315        13.1164506116753     
 -0.185339079007136       0.000000000000000E+000   13.3017896906825     
   2.23501317589074      -3.085256232979827E-002  0.000000000000000E+000
   2.57405218277348        5.75755970295418     
  -3.73821000000000       0.691500600000000        1.00000000000000     
   68012.9898202749        1.32874745115165        12.6167868807837     
 -0.279444236952888       0.000000000000000E+000   12.8962311177366     
   2.14535941566642      -4.647078856980154E-002  0.000000000000000E+000
   2.51552978018037        5.76090920634144     
  -3.70140600000000       0.690390300000000        1.00000000000000     
   68184.2066818915        1.33391470893466        12.6951895601845     
 -0.794422714023420       0.000000000000000E+000   13.4896122742079     
   2.14673439984709      -0.135171328287169       0.000000000000000E+000
   2.50932177535225        5.77289438645049     
  -3.66651600000000       0.687071700000000        1.00000000000000     
   68146.4487817979        1.33625234072032        13.3232063957170     
  -1.26728390580682       0.000000000000000E+000   14.5904903015238     
   2.24006584724399      -0.212224429089568       0.000000000000000E+000
   2.55624233904713        5.77025133348896     
  -3.63333300000000       0.683915300000000        1.00000000000000     
   67944.0325770654        1.33792013471893        13.5014415520475     
  -1.28425021977243       0.000000000000000E+000   14.7856917718199     
   2.26050477439923      -0.214297678113809       0.000000000000000E+000
   2.55775530280861        5.75608219939898     
  -3.60015000000000       0.680759000000000        1.00000000000000     
   67901.5847500399        1.34088520007435        13.2561910359760     
  -1.26088756621472       0.000000000000000E+000   14.5170786021907     
   2.20877082495057      -0.209355892052160       0.000000000000000E+000
   2.51878678569246        5.75311085155779     
  -3.56733000000000       0.677637300000000        1.00000000000000     
   67875.9287576908        1.34406810743076        12.9353861642401     
  -1.23039101198166       0.000000000000000E+000   14.1657771762218     
   2.14471965921798      -0.203296511308324       0.000000000000000E+000
   2.47257001903782        5.75131493212395     
  -3.53488700000000       0.674551300000000        1.00000000000000     
   67843.8283876910        1.34848559126094        12.4536996708070     
  -1.18455873582905       0.000000000000000E+000   13.6382584066360     
   2.05339543778293      -0.194689796142361       0.000000000000000E+000
   2.40821585687389        5.74906790626222     
  -3.50282000000000       0.671501300000000        1.00000000000000     
   68015.3746756038        1.35289253559095        12.4758445185244     
  -1.57769264169685       0.000000000000000E+000   14.0535371602213     
   2.03613556774425      -0.258070114679969       0.000000000000000E+000
   2.38868880231749        5.76107614621162     
  -3.47140000000000       0.666535300000000        1.00000000000000     
   67999.2827006048        1.35446829334661        13.2046925622481     
  -2.17109221504648       0.000000000000000E+000   15.3757847772946     
   2.13087843068161      -0.349890093234786       0.000000000000000E+000
   2.43461535542701        5.75994970798088     
  -3.44042000000000       0.661244000000000        1.00000000000000     
   67732.0306023635        1.35526258318107        13.5374655175950     
  -2.31221182719042       0.000000000000000E+000   15.8496773447854     
   2.16711722488373      -0.369450880494071       0.000000000000000E+000
   2.44193512685573        5.74124206142258     
  -3.40983300000000       0.656019600000000        1.00000000000000     
   67636.9874741422        1.35696959478458        13.3721364872583     
  -2.28395793938402       0.000000000000000E+000   15.6560944266423     
   2.12441344686627      -0.362139058692700       0.000000000000000E+000
   2.40565210488515        5.73458904256038     
  -3.37964300000000       0.650863300000000        1.00000000000000     
   67574.4058814103        1.35874258705373        13.2078327401667     
  -2.25576881594395       0.000000000000000E+000   15.4636015561107     
   2.08240584219148      -0.354954116126367       0.000000000000000E+000
   2.37024827230965        5.73020833114375     
  -3.34985300000000       0.645775600000000        1.00000000000000     
   67506.7134193667        1.36127844997566        12.9439926797970     
  -2.21074564687189       0.000000000000000E+000   15.1547383266689     
   2.02459125948665      -0.345146512342206       0.000000000000000E+000
   2.32468845295751        5.72546985888139     
  -3.32047200000000       0.640757300000000        1.00000000000000     
   67577.9335524087        1.36387958892205        13.0268448848299     
  -2.47846223640059       0.000000000000000E+000   15.5053071212305     
   2.01325393465589      -0.382904928378095       0.000000000000000E+000
   2.30712334206312        5.73045526810944     
  -3.29171600000000       0.634722700000000        1.00000000000000     
   67523.7618190290        1.36468595056393        13.7330194230890     
  -3.00579994462425       0.000000000000000E+000   16.7388193677133     
   2.09286222314641      -0.457794165712203       0.000000000000000E+000
   2.34094107250450        5.72666324683743     
  -3.26346700000000       0.628284000000000        1.00000000000000     
   67273.1953250133        1.36478273293267        14.2105051916566     
  -3.23900539985567       0.000000000000000E+000   17.4495105915123     
   2.14226335966478      -0.487567860834244       0.000000000000000E+000
   2.35406561856899        5.70912359255503     
  -3.23563000000000       0.621939000000000        1.00000000000000     
   67130.2899315257        1.36549021271419        14.2778952698985     
  -3.25439468425101       0.000000000000000E+000   17.5322899541495     
   2.13213362089682      -0.485242324814794       0.000000000000000E+000
   2.33473956344245        5.69912021518126     
  -3.20820500000000       0.615688000000000        1.00000000000000     
   67024.1074151917        1.36615565964556        14.3825207511623     
  -3.27821598238345       0.000000000000000E+000   17.6607367335458     
   2.12765816553717      -0.484202180359908       0.000000000000000E+000
   2.31926512575887        5.69168743916446     
  -3.18119500000000       0.609531600000000        1.00000000000000     
   66912.0143504631        1.36717091156358        14.3710642349384     
  -3.27566909775217       0.000000000000000E+000   17.6467333326905     
   2.10576358749516      -0.479267347032237       0.000000000000000E+000
   2.29388877208193        5.68384092476708     
  -3.15460200000000       0.603470000000000        1.00000000000000     
   66902.4397879205        1.36850425590232        14.5586074103124     
  -3.52714629221549       0.000000000000000E+000   18.0857537025279     
   2.10514821419125      -0.509631613239352       0.000000000000000E+000
   2.28086469572248        5.68317070540051     
  -3.12860000000000       0.596795300000000        1.00000000000000     
   66777.3325442041        1.36866774553026        15.3127875396520     
  -4.00115022538319       0.000000000000000E+000   19.3139377650352     
   2.18235983510451      -0.569660104765352       0.000000000000000E+000
   2.30878308503749        5.67441319848950     
  -3.10306900000000       0.590006600000000        1.00000000000000     
   66498.5462605247        1.36825413937051        15.9769286249740     
  -4.24835968190654       0.000000000000000E+000   20.2252883068806     
   2.25131426997163      -0.597841374288904       0.000000000000000E+000
   2.32931327547613        5.65489815896429     
  -3.07795200000000       0.583327700000000        1.00000000000000     
   66316.3655722714        1.36823407779069        16.3727977113462     
  -4.35366713385867       0.000000000000000E+000   20.7264648452049     
   2.28302840248544      -0.606225733975297       0.000000000000000E+000
   2.33076931759357        5.64214551100373     
  -3.05325000000000       0.576759300000000        1.00000000000000     
   66155.3204685563        1.36828850618316        16.7931081773226     
  -4.46518057159658       0.000000000000000E+000   21.2582887489192     
   2.31724271594147      -0.615258251575658       0.000000000000000E+000
   2.33351642151818        5.63087235393565     
  -3.02896100000000       0.570301300000000        1.00000000000000     
   65989.4600894420        1.36869257113013        17.0055270514315     
  -4.53054207080983       0.000000000000000E+000   21.5360691222414     
   2.32146774091046      -0.617611737689610       0.000000000000000E+000
   2.32054089965614        5.61926212759538     
  -3.00509400000000       0.563930000000000        1.00000000000000     
   65888.7508672643        1.36931742360930        17.3849103378642     
  -4.81711976546553       0.000000000000000E+000   22.2020301033298     
   2.34104456822431      -0.648098978372274       0.000000000000000E+000
   2.31564809939221        5.61221248216299     
  -2.98176100000000       0.557227000000000        1.00000000000000     
   65673.2293791005        1.36929576048277        18.3121317462811     
  -5.26070556025665       0.000000000000000E+000   23.5728373065378     
   2.43262541610434      -0.697846806054796       0.000000000000000E+000
   2.34440302620732        5.59712597824844     
  -2.95883700000000       0.550641300000000        1.00000000000000     
   65350.1539508479        1.36896724587833        19.1258821258458     
  -5.49465123982404       0.000000000000000E+000   24.6205333656698     
   2.51299088122773      -0.720981572686025       0.000000000000000E+000
   2.36528189695055        5.57451069865590     
  -2.93632100000000       0.544172600000000        1.00000000000000     
   65116.7613094739        1.36894560070693        19.7117128230898     
  -5.66302034554765       0.000000000000000E+000   25.3747331686375     
   2.56146844833615      -0.734832012365829       0.000000000000000E+000
   2.37133459526802        5.55817321403794     
  -2.91421100000000       0.537820600000000        1.00000000000000     
   64876.1355316901        1.36881534486549        20.3165406677524     
  -5.83665180385704       0.000000000000000E+000   26.1531924716094     
   2.61132462401613      -0.749107520574764       0.000000000000000E+000
   2.37773126456620        5.54132940987993     
  -2.89250400000000       0.531584600000000        1.00000000000000     
   64653.9804521158        1.36868267000371        20.9717862187702     
  -6.07248715915193       0.000000000000000E+000   27.0442733779221     
   2.66463886559383      -0.770489626552307       0.000000000000000E+000
   2.38556311893241        5.52577855457455     
  -2.87122500000000       0.525374700000000        1.00000000000000     
   64394.7559407286        1.36831469837585        21.9010531769822     
  -6.43088556859647       0.000000000000000E+000   28.3319387455787     
   2.74960600872588      -0.806253597779172       0.000000000000000E+000
   2.40651706041067        5.50763283908647     
  -2.85036300000000       0.519211300000000        1.00000000000000     
   64076.4934057022        1.36773655296143        22.8935631636123     
  -6.76370363152655       0.000000000000000E+000   29.6572667951389     
   2.84193248369364      -0.838351299930926       0.000000000000000E+000
   2.42896448121458        5.48535446201402     
  -2.82989800000000       0.513165000000000        1.00000000000000     
   63764.7547574835        1.36719224018954        23.7908168633097     
  -7.02902618431196       0.000000000000000E+000   30.8198430476217     
   2.92162105291520      -0.861851785491040       0.000000000000000E+000
   2.44513757481835        5.46353275701033     
  -2.80982500000000       0.507234300000000        1.00000000000000     
   63449.7252558765        1.36663013901873        24.7018215153045     
  -7.29827635932120       0.000000000000000E+000   32.0000978746257     
   3.00119865269388      -0.885308655293428       0.000000000000000E+000
   2.46050629599867        5.44148069227339     
  -2.79014000000000       0.501418300000000        1.00000000000000     
   63134.2875243074        1.36608134678122        25.6477030889772     
  -7.59478990545783       0.000000000000000E+000   33.2424929944350     
   3.08256380099102      -0.911348834347743       0.000000000000000E+000
   2.47585443943905        5.41940005143958     
  -2.77084800000000       0.495692700000000        1.00000000000000     
   62806.7167440704        1.36552051330711        26.7591813516811     
  -7.98296773748225       0.000000000000000E+000   34.7421490891633     
   3.18025526635970      -0.947240690326064       0.000000000000000E+000
   2.49667194644086        5.39647009721349     
  -2.75195400000000       0.490027000000000        1.00000000000000     
   62424.8987878295        1.36476961198921        28.0181197735074     
  -8.40146383469105       0.000000000000000E+000   36.4195836081984     
   3.29367725457420      -0.985941396144314       0.000000000000000E+000
   2.52188415540439        5.36974284073179     
  -2.73343800000000       0.484475000000000        1.00000000000000     
   62021.2068945596        1.36399563261219        29.2079005948207     
  -8.75806892759919       0.000000000000000E+000   37.9659695224199     
   3.39787642128275       -1.01708250078702       0.000000000000000E+000
   2.54212575488571        5.34148440868413     
  -2.71529500000000       0.479034700000000        1.00000000000000     
   61619.4434226545        1.36327872667006        30.2569298903452     
  -9.07252759375517       0.000000000000000E+000   39.3294574841003     
   3.48354676161614       -1.04267542917449       0.000000000000000E+000
   2.55455404275888        5.31336096612972     
  -2.69752200000000       0.473705600000000        1.00000000000000     
   61233.6351889485        1.36263953161487        31.3605474720516     
  -9.46770367222086       0.000000000000000E+000   40.8282511442725     
   3.57129109017187       -1.07629375234553       0.000000000000000E+000
   2.56719200166210        5.28635439023021     
  -2.68013500000000       0.468420700000000        1.00000000000000     
   60827.8005185166        1.36202759458096        33.0087698065640     
  -10.1939123765932       0.000000000000000E+000   43.2026821831572     
   3.71249862826222       -1.14475504753758       0.000000000000000E+000
   2.59734216305784        5.25794596378378     
  -2.66315600000000       0.463094300000000        1.00000000000000     
   60230.0962684012        1.36074683387927        35.2321959870589     
  -11.0524851274179       0.000000000000000E+000   46.2846811144768     
   3.91676119324448       -1.22627385475347       0.000000000000000E+000
   2.64475461897712        5.21610666698821     
  -2.64653200000000       0.457879300000000        1.00000000000000     
   59553.8614967727        1.35936747990304        37.5445960913181     
  -11.7776359926506       0.000000000000000E+000   49.3222320839687     
   4.13150068688175       -1.29337657992628       0.000000000000000E+000
   2.69153345244548        5.16877023378035     
