 variables = "X","Y","Z","Cp","Cfx","Cfy","Cfz","Cf","T","u","v","w","yplus"
 zone i=         151
   1.00000000000000       1.665324653670056E-017  0.000000000000000E+000
  0.229866222371129       7.615564682601342E-003 -2.088169837953474E-004
  0.000000000000000E+000  7.824381666396690E-003   1.00019578927501     
  0.143740292751166      -3.606364118057620E-002  0.000000000000000E+000
   3.35499596210544     
  0.999001425599671       5.447267690042997E-005  0.000000000000000E+000
  0.175361926827236       6.932287434019348E-003 -3.776066391855421E-004
  0.000000000000000E+000  7.309894073204890E-003   1.00019308380737     
  0.129929280927837      -4.337819699204143E-003  0.000000000000000E+000
   3.11998832077236     
  0.997949997818270       1.116616879644300E-004  0.000000000000000E+000
  0.195273304705779       6.368828912308801E-003 -3.458309631832014E-004
  0.000000000000000E+000  6.714659875492002E-003   1.00019433736302     
  0.119358750191205      -4.160295896207090E-003  0.000000000000000E+000
   2.99048811637595     
  0.996843037128316       1.716701774105140E-004  0.000000000000000E+000
  0.201953790844755       5.883917671717735E-003 -3.185948475602114E-004
  0.000000000000000E+000  6.202512519277946E-003   1.00019412068770     
  0.110253925623045      -4.156618406602793E-003  0.000000000000000E+000
   2.87433614630972     
  0.995677746198344       2.346938777538863E-004  0.000000000000000E+000
  0.205489114131979       5.488018797449822E-003 -2.962797374266734E-004
  0.000000000000000E+000  5.784298534876496E-003   1.00019351941299     
  0.102820672181547      -4.151285980074120E-003  0.000000000000000E+000
   2.77591646378735     
  0.994451193364049       3.007928008083059E-004  0.000000000000000E+000
  0.208113916258071       5.166534226324236E-003 -2.779312180406991E-004
  0.000000000000000E+000  5.444465444364935E-003   1.00019295710199     
  9.678575232095354E-002 -4.126355232804173E-003  0.000000000000000E+000
   2.69336665695080     
  0.993160320569400       3.701124539357903E-004  0.000000000000000E+000
  0.210932714555156       4.905377273722506E-003 -2.629980628847726E-004
  0.000000000000000E+000  5.168375336607279E-003   1.00019262494486     
  9.188416199878123E-002 -4.091617537372500E-003  0.000000000000000E+000
   2.62440633855361     
  0.991801936040528       4.428260084685768E-004  0.000000000000000E+000
  0.213780220219405       4.694352096821892E-003 -2.507365416121817E-004
  0.000000000000000E+000  4.945088638434074E-003   1.00019248923535     
  8.792357376647514E-002 -4.062795934401304E-003  0.000000000000000E+000
   2.56733884786317     
  0.990372703239448       5.189985854962523E-004  0.000000000000000E+000
  0.215014027219695       4.528874339696132E-003 -2.409129921714118E-004
  0.000000000000000E+000  4.769787331867544E-003   1.00019216937422     
  8.481736374764945E-002 -4.050429120392802E-003  0.000000000000000E+000
   2.52169157422509     
  0.988869149734546       5.988289370959963E-004  0.000000000000000E+000
  0.215034622509847       4.404391971630011E-003 -2.333743300136105E-004
  0.000000000000000E+000  4.637766301643621E-003   1.00019169560847     
  8.248053556562106E-002 -4.045773006167626E-003  0.000000000000000E+000
   2.48680675085668     
  0.987287653567351       6.824581442352054E-004  0.000000000000000E+000
  0.214635085910686       4.313744115946248E-003 -2.274699275526981E-004
  0.000000000000000E+000  4.541214043498946E-003   1.00019118962160     
  8.077911409462388E-002 -4.039126124752210E-003  0.000000000000000E+000
   2.46110243710978     
  0.985624436699843       7.699165229630898E-004  0.000000000000000E+000
  0.214852869359447       4.250367151751315E-003 -2.232074832113573E-004
  0.000000000000000E+000  4.473574634962673E-003   1.00019090784273     
  7.958950681336766E-002 -4.036853019260963E-003  0.000000000000000E+000
   2.44297533605011     
  0.983875589210279       8.616377525778661E-004  0.000000000000000E+000
  0.213263629998664       4.209956307789232E-003 -2.198486187969111E-004
  0.000000000000000E+000  4.429804926586144E-003   1.00019065118921     
  7.883095885641736E-002 -4.037997120193744E-003  0.000000000000000E+000
   2.43135857661222     
  0.982037001885699       9.572376115019621E-004  0.000000000000000E+000
  0.211987628990755       4.187812019076398E-003 -2.177256175371375E-004
  0.000000000000000E+000  4.405537636613535E-003   1.00019069100807     
  7.841534294338073E-002 -4.039240308249864E-003  0.000000000000000E+000
   2.42497548507053     
  0.980104478202655       1.057699935824212E-003  0.000000000000000E+000
  0.210783932893719       4.177771276578103E-003 -2.158126982042640E-004
  0.000000000000000E+000  4.393583974782366E-003   1.00019075584823     
  7.822769825511892E-002 -4.027691691720914E-003  0.000000000000000E+000
   2.42209492971463     
  0.978073553669464       1.161948348956863E-003  0.000000000000000E+000
  0.208886224401795       4.175349351359449E-003 -2.143211825921838E-004
  0.000000000000000E+000  4.389670533951633E-003   1.00019072480338     
  7.818318645698746E-002 -4.013670556063127E-003  0.000000000000000E+000
   2.42141904999287     
  0.975939733923639       1.271478426898274E-003  0.000000000000000E+000
  0.207276209986048       4.178002019716079E-003 -2.131935947432983E-004
  0.000000000000000E+000  4.391195614459377E-003   1.00019080507388     
  7.823389790378249E-002 -4.001780029879571E-003  0.000000000000000E+000
   2.42221475235477     
  0.973698227034776       1.385180156087390E-003  0.000000000000000E+000
  0.205537025204876       4.186803005223864E-003 -2.120816934450276E-004
  0.000000000000000E+000  4.398884698668891E-003   1.00019084918833     
  7.839966395404188E-002 -3.996664441405384E-003  0.000000000000000E+000
   2.42479456021722     
  0.971344194597081       1.504258504303337E-003  0.000000000000000E+000
  0.204461033648158       4.203407090057628E-003 -2.115340759311407E-004
  0.000000000000000E+000  4.414941165988769E-003   1.00019082046067     
  7.871151456130207E-002 -4.000725098188198E-003  0.000000000000000E+000
   2.42962749926137     
  0.968872537262536       1.628001624485897E-003  0.000000000000000E+000
  0.202966897533770       4.228532859847282E-003 -2.110499085974928E-004
  0.000000000000000E+000  4.439582768444775E-003   1.00019059647089     
  7.918325966026787E-002 -4.006699443377269E-003  0.000000000000000E+000
   2.43691278873796     
  0.966278062333970       1.757096938973359E-003  0.000000000000000E+000
  0.202173870356773       4.262080405949595E-003 -2.111321769689713E-004
  0.000000000000000E+000  4.473212582918567E-003   1.00019047959136     
  7.981280638325877E-002 -4.019205327458517E-003  0.000000000000000E+000
   2.44659366113331     
  0.963555373647426       1.891373763395130E-003  0.000000000000000E+000
  0.201047746962104       4.303252931182339E-003 -2.112138399730795E-004
  0.000000000000000E+000  4.514466771155419E-003   1.00019030376044     
  8.058559936574573E-002 -4.030063553870063E-003  0.000000000000000E+000
   2.45842091536881     
  0.960698927782761       2.030904889090778E-003  0.000000000000000E+000
  0.200362219612316       4.348448183092718E-003 -2.115765029777936E-004
  0.000000000000000E+000  4.560024686070512E-003   1.00019022777839     
  8.143420701760068E-002 -4.034852903379394E-003  0.000000000000000E+000
   2.47133396252558     
  0.957703044267799       2.176098169407578E-003  0.000000000000000E+000
  0.199363167243519       4.391269951817557E-003 -2.114767015426690E-004
  0.000000000000000E+000  4.602746653360226E-003   1.00019011287512     
  8.223913690919735E-002 -4.022008698247405E-003  0.000000000000000E+000
   2.48351418826898     
  0.954561846157195       2.326415247496387E-003  0.000000000000000E+000
  0.198628297631558       4.429068510395331E-003 -2.111285029167970E-004
  0.000000000000000E+000  4.640197013312128E-003   1.00019003117548     
  8.294992364730576E-002 -4.005498162328529E-003  0.000000000000000E+000
   2.49422119241128     
  0.951269384357213       2.482757904136671E-003  0.000000000000000E+000
  0.197910767154326       4.462116648937307E-003 -2.102937876236717E-004
  0.000000000000000E+000  4.672410436560978E-003   1.00018993896444     
  8.357191769330663E-002 -3.981366854885127E-003  0.000000000000000E+000
   2.50355474928236     
  0.947819482538107       2.644120805717701E-003  0.000000000000000E+000
  0.197270270791023       4.490883585873709E-003 -2.091274803611761E-004
  0.000000000000000E+000  4.700011066234885E-003   1.00018987165340     
  8.411374980792530E-002 -3.952289802361456E-003  0.000000000000000E+000
   2.51165820276719     
  0.944205942257812       2.811651156899837E-003  0.000000000000000E+000
  0.196724217270912       4.515619488144784E-003 -2.076435962624290E-004
  0.000000000000000E+000  4.723263084407213E-003   1.00018986009054     
  8.458016667699032E-002 -3.917986841675564E-003  0.000000000000000E+000
   2.51861426495039     
  0.940422342196095       2.984205242399509E-003  0.000000000000000E+000
  0.195944739500874       4.536641445353711E-003 -2.056982746206545E-004
  0.000000000000000E+000  4.742339719974366E-003   1.00018980753409     
  8.497718421507604E-002 -3.876240820416866E-003  0.000000000000000E+000
   2.52452143071768     
  0.936462258150449       3.162718150678633E-003  0.000000000000000E+000
  0.195773528480458       4.553926260355393E-003 -2.036228091051797E-004
  0.000000000000000E+000  4.757549069460573E-003   1.00018985600508     
  8.530415517478161E-002 -3.832059877843122E-003  0.000000000000000E+000
   2.52937747529627     
  0.932319101600151       3.346467535361265E-003  0.000000000000000E+000
  0.195085061365489       4.568107543223603E-003 -2.009244041241746E-004
  0.000000000000000E+000  4.769031947347778E-003   1.00018978822073     
  8.557329452672523E-002 -3.778004527992138E-003  0.000000000000000E+000
   2.53336964857759     
  0.927986251584928       3.535462227755561E-003  0.000000000000000E+000
  0.195203435206849       4.579484682449345E-003 -1.983452426285677E-004
  0.000000000000000E+000  4.777829925077913E-003   1.00018983691669     
  8.578968533317764E-002 -3.725837041937094E-003  0.000000000000000E+000
   2.53657643050617     
  0.923457056336885       3.730240913818279E-003  0.000000000000000E+000
  0.194260858593680       4.588632312203507E-003 -1.949629635088713E-004
  0.000000000000000E+000  4.783595275712379E-003   1.00018970449104     
  8.596476393756403E-002 -3.661138327985517E-003  0.000000000000000E+000
   2.53917073812721     
  0.918724734063985       3.928866629792209E-003  0.000000000000000E+000
  0.194586512308661       4.596045017344622E-003 -1.919805343058634E-004
  0.000000000000000E+000  4.788025551650485E-003   1.00018978271391     
  8.610694872141106E-002 -3.602687479738504E-003  0.000000000000000E+000
   2.54127691912336     
  0.913782702004972       4.134308086652536E-003  0.000000000000000E+000
  0.193845943197857       4.602038673999745E-003 -1.879852655868486E-004
  0.000000000000000E+000  4.790023939586593E-003   1.00018966170844     
  8.622320123565815E-002 -3.527381326211214E-003  0.000000000000000E+000
   2.54300051296146     
  0.908624062312831       4.341309162270438E-003  0.000000000000000E+000
  0.193026863369823       4.607147904728416E-003 -1.838312002809893E-004
  0.000000000000000E+000  4.790979105009406E-003   1.00018951584473     
  8.632291762579408E-002 -3.448308216115448E-003  0.000000000000000E+000
   2.54447854490795     
  0.903242385263693       4.554834075679027E-003  0.000000000000000E+000
  0.193883086440792       4.609848934523863E-003 -1.800256858270657E-004
  0.000000000000000E+000  4.789874620350929E-003   1.00018965684658     
  8.637720441492762E-002 -3.374046559017955E-003  0.000000000000000E+000
   2.54528695973631     
  0.897630946103148       4.770477692087010E-003  0.000000000000000E+000
  0.192992779269844       4.611167919606407E-003 -1.750140949246641E-004
  0.000000000000000E+000  4.786182014531071E-003   1.00018948643271     
  8.640621696137923E-002 -3.280794927419589E-003  0.000000000000000E+000
   2.54572398892691     
  0.891783373400719       4.989646083122509E-003  0.000000000000000E+000
  0.194575696414176       4.611117763537492E-003 -1.710793554475111E-004
  0.000000000000000E+000  4.782197118985003E-003   1.00018975341426     
  8.640880906834673E-002 -3.204471814471155E-003  0.000000000000000E+000
   2.54577144303559     
  0.885693421287334       5.213290243712273E-003  0.000000000000000E+000
  0.193651885566169       4.609946998410347E-003 -1.654670862837126E-004
  0.000000000000000E+000  4.775414084694059E-003   1.00018958241492     
  8.639132354808693E-002 -3.100401732891718E-003  0.000000000000000E+000
   2.54552394672366     
  0.879354799790459       5.435549238576376E-003  0.000000000000000E+000
  0.192583813979127       4.610506061392075E-003 -1.598685846122882E-004
  0.000000000000000E+000  4.770374646004363E-003   1.00018934927881     
  8.640615224194614E-002 -2.996952339301912E-003  0.000000000000000E+000
   2.54575264706302     
  0.872761850024891       5.661595916410732E-003  0.000000000000000E+000
  0.194660202621435       4.609356303127350E-003 -1.551744054869121E-004
  0.000000000000000E+000  4.764530708614262E-003   1.00018965348453     
  8.638836806231409E-002 -2.905854043947683E-003  0.000000000000000E+000
   2.54550026898116     
  0.865908887614107       5.888050303986711E-003  0.000000000000000E+000
  0.193621400344000       4.606102170548017E-003 -1.486076786551082E-004
  0.000000000000000E+000  4.754709849203126E-003   1.00018940763844     
  8.633200411461611E-002 -2.783659689199469E-003  0.000000000000000E+000
   2.54467943001002     
  0.858790596690845       6.112150921137999E-003  0.000000000000000E+000
  0.193284556401295       4.604375232316673E-003 -1.426720198345588E-004
  0.000000000000000E+000  4.747047252151231E-003   1.00018924223660     
  8.630375932112760E-002 -2.673387932116881E-003  0.000000000000000E+000
   2.54427336474620     
  0.851402232938537       6.337426796155764E-003  0.000000000000000E+000
  0.195120306928629       4.599681376569846E-003 -1.368638681574388E-004
  0.000000000000000E+000  4.736545244727284E-003   1.00018946214601     
  8.621975064447912E-002 -2.560578550233213E-003  0.000000000000000E+000
   2.54304350332320     
  0.843739242234269       6.559807874772471E-003  0.000000000000000E+000
  0.194059803304299       4.591257408277356E-003 -1.292714495766381E-004
  0.000000000000000E+000  4.720528857853994E-003   1.00018917686578     
  8.606641383635186E-002 -2.418277393319839E-003  0.000000000000000E+000
   2.54078947110511     
  0.835797614343686       6.776554441764220E-003  0.000000000000000E+000
  0.193375771608999       4.584587485173684E-003 -1.223184272779610E-004
  0.000000000000000E+000  4.706905912451645E-003   1.00018887899203     
  8.594538870191412E-002 -2.289867347301976E-003  0.000000000000000E+000
   2.53901178169232     
  0.827574033874230       6.990933322577417E-003  0.000000000000000E+000
  0.195673663576827       4.575845789072998E-003 -1.160835607438573E-004
  0.000000000000000E+000  4.691929349816855E-003   1.00018913501626     
  8.578505295794865E-002 -2.169777927246539E-003  0.000000000000000E+000
   2.53665060093744     
  0.819065622350018       7.200829533666883E-003  0.000000000000000E+000
  0.194945277620718       4.564446983760895E-003 -1.076198209751821E-004
  0.000000000000000E+000  4.672066804736077E-003   1.00018889888985     
  8.557548296386328E-002 -2.012230616879106E-003  0.000000000000000E+000
   2.53355660847437     
  0.810270040767068       7.398615321999188E-003  0.000000000000000E+000
  0.193318443626367       4.557270898688679E-003 -9.915201689594531E-005
  0.000000000000000E+000  4.656422915584625E-003   1.00018838613946     
  8.544478807277754E-002 -1.856743612227576E-003  0.000000000000000E+000
   2.53162760727394     
  0.801185958372473       7.589628713596443E-003  0.000000000000000E+000
  0.194749249244751       4.550550524369667E-003 -9.220621123536139E-005
  0.000000000000000E+000  4.642756735605029E-003   1.00018839929836     
  8.532184791493000E-002 -1.724334508077182E-003  0.000000000000000E+000
   2.52981122865584     
  0.791812627973472       7.772394067772765E-003  0.000000000000000E+000
  0.195970515197587       4.537330567358499E-003 -8.415550965441802E-005
  0.000000000000000E+000  4.621486077012917E-003   1.00018843192996     
  8.507706678853025E-002 -1.569837660791422E-003  0.000000000000000E+000
   2.52618274041578     
  0.782150065254686       7.942422822669317E-003  0.000000000000000E+000
  0.194667173195285       4.520724300503779E-003 -7.459549327226426E-005
  0.000000000000000E+000  4.595319793776044E-003   1.00018798882841     
  8.476874160422726E-002 -1.391207508130306E-003  0.000000000000000E+000
   2.52160149885067     
  0.772199185767239       8.095718475719276E-003  0.000000000000000E+000
  0.193135594651494       4.506772780299488E-003 -6.548198526287136E-005
  0.000000000000000E+000  4.572254765562360E-003   1.00018744921321     
  8.450963568366378E-002 -1.222548721008739E-003  0.000000000000000E+000
   2.51774436864804     
  0.761961923922881       8.235501917519613E-003  0.000000000000000E+000
  0.193489831330453       4.494167483348997E-003 -5.728065542979438E-005
  0.000000000000000E+000  4.551448138778791E-003   1.00018724756935     
  8.427515848216990E-002 -1.068176523015069E-003  0.000000000000000E+000
   2.51424736947274     
  0.751441078648974       8.360036325710233E-003  0.000000000000000E+000
  0.194792427486846       4.477382066707103E-003 -4.878152173036642E-005
  0.000000000000000E+000  4.526163588437469E-003   1.00018729305583     
  8.396191200678274E-002 -9.062392349896916E-004  0.000000000000000E+000
   2.50956602117694     
  0.740640446574066       8.467539394565621E-003  0.000000000000000E+000
  0.193787128407848       4.457537848985421E-003 -3.862180862138978E-005
  0.000000000000000E+000  4.496159657606811E-003   1.00018691441243     
  8.359091778369263E-002 -7.161573910559240E-004  0.000000000000000E+000
   2.50400551450049     
  0.729564815658738       8.549226778783900E-003  0.000000000000000E+000
  0.191690683420347       4.440579976075914E-003 -2.823369236648511E-005
  0.000000000000000E+000  4.468813668442399E-003   1.00018629953881     
  8.327348165670589E-002 -5.236288077961402E-004  0.000000000000000E+000
   2.49923352635225     
  0.718220157151689       8.609815858319162E-003  0.000000000000000E+000
  0.191347672102665       4.425862007649406E-003 -1.911379515936291E-005
  0.000000000000000E+000  4.444975802808769E-003   1.00018601350350     
  8.299722755198391E-002 -3.524624168148313E-004  0.000000000000000E+000
   2.49506764099212     
  0.706613454876314       8.648074977020741E-003  0.000000000000000E+000
  0.190986094758500       4.410042955983579E-003 -9.927979902698101E-006
  0.000000000000000E+000  4.419970935886277E-003   1.00018570770929     
  8.269927217436523E-002 -1.797354376343388E-004  0.000000000000000E+000
   2.49055737863431     
  0.694752788406665       8.662372544331720E-003  0.000000000000000E+000
  0.190795684761042       4.391823160849506E-003 -6.148892060495796E-007
  0.000000000000000E+000  4.392438050055555E-003   1.00018536077156     
  8.235513325996044E-002 -3.964082971462483E-006  0.000000000000000E+000
   2.48533020515785     
  0.682647343539202       8.651157664054129E-003  0.000000000000000E+000
  0.190034706846973       4.371481653959780E-003  9.256724199088384E-006
  0.000000000000000E+000  4.380738378158869E-003   1.00018492761773     
  8.197018545811888E-002  1.812004587180446E-004  0.000000000000000E+000
   2.47946509903207     
  0.670307422204054       8.610315629881678E-003  0.000000000000000E+000
  0.188096284827225       4.352484671755560E-003  1.975824896542952E-005
  0.000000000000000E+000  4.372242920720990E-003   1.00018433523730     
  8.160947780586075E-002  3.768573053261520E-004  0.000000000000000E+000
   2.47394515893620     
  0.657744432187388       8.537819516044324E-003  0.000000000000000E+000
  0.186497991910073       4.335668609436240E-003  2.974491190225602E-005
  0.000000000000000E+000  4.365413521338496E-003   1.00018377499618     
  8.128887729079831E-002  5.636171579478016E-004  0.000000000000000E+000
   2.46901664925561     
  0.644970813927204       8.436245338104848E-003  0.000000000000000E+000
  0.185499289142854       4.318463278053885E-003  3.905908820882777E-005
  0.000000000000000E+000  4.357522366262713E-003   1.00018329741011     
  8.096023970620528E-002  7.385173475550832E-004  0.000000000000000E+000
   2.46395021154172     
  0.632000051176599       8.304733450058579E-003  0.000000000000000E+000
  0.184099827437649       4.300031540502560E-003  4.829007380611337E-005
  0.000000000000000E+000  4.348321614308673E-003   1.00018273102739     
  8.060772887597276E-002  9.118474827092288E-004  0.000000000000000E+000
   2.45850140498262     
  0.618846621299056       8.142643113908310E-003  0.000000000000000E+000
  0.182585418677263       4.280643404272723E-003  5.739234035861275E-005
  0.000000000000000E+000  4.338035744631335E-003   1.00018212227141     
  8.023639302899757E-002  1.082627738386108E-003  0.000000000000000E+000
   2.45274452275111     
  0.605525942452643       7.949576021555563E-003  0.000000000000000E+000
  0.181063847681116       4.260205744865219E-003  6.631517959937533E-005
  0.000000000000000E+000  4.326520924464594E-003   1.00018148354512     
  7.984448054674109E-002  1.250109107176794E-003  0.000000000000000E+000
   2.44665024543079     
  0.592054310759683       7.725396929789890E-003  0.000000000000000E+000
  0.179762159942584       4.238825483706386E-003  7.511268169031430E-005
  0.000000000000000E+000  4.313938165396700E-003   1.00018086719870     
  7.943394028588224E-002  1.414961200403150E-003  0.000000000000000E+000
   2.44024513452863     
  0.578448841139469       7.469587338919363E-003  0.000000000000000E+000
  0.177291988202342       4.218346186339864E-003  8.419542033975481E-005
  0.000000000000000E+000  4.302541606679619E-003   1.00017998418175     
  7.903906328556973E-002  1.583942124127403E-003  0.000000000000000E+000
   2.43405164304621     
  0.564727426131715       7.179798545920949E-003  0.000000000000000E+000
  0.174528579815615       4.200364961798597E-003  9.284258512407212E-005
  0.000000000000000E+000  4.293207546922669E-003   1.00017898370228     
  7.868987006687950E-002  1.744920166753801E-003  0.000000000000000E+000
   2.42853316284060     
  0.550908452145140       6.860707846468249E-003  0.000000000000000E+000
  0.172753088303807       4.183070972923324E-003  1.005527327064666E-004
  0.000000000000000E+000  4.283623705629791E-003   1.00017809919831     
  7.835213792955176E-002  1.889401659193768E-003  0.000000000000000E+000
   2.42315785101980     
  0.537010910895377       6.513416561857800E-003  0.000000000000000E+000
  0.170633918494104       4.164282538036650E-003  1.078303710756054E-004
  0.000000000000000E+000  4.272112909112256E-003   1.00017706979014     
  7.798476789630529E-002  2.025868341313586E-003  0.000000000000000E+000
   2.41728744398309     
  0.523054228165777       6.139328491792367E-003  0.000000000000000E+000
  0.168140068441517       4.144311351753263E-003  1.146309674990120E-004
  0.000000000000000E+000  4.258942319252275E-003   1.00017588525204     
  7.759421039644022E-002  2.152975011016339E-003  0.000000000000000E+000
   2.41102666586296     
  0.509058155752480       5.740143054580419E-003  0.000000000000000E+000
  0.165641618533527       4.124508235195419E-003  1.209443820604945E-004
  0.000000000000000E+000  4.245452617255914E-003   1.00017459253944     
  7.720604963762794E-002  2.270424266949192E-003  0.000000000000000E+000
   2.40477460605551     
  0.495042659692362       5.317842972884984E-003  0.000000000000000E+000
  0.163155668637728       4.105839334250645E-003  1.267599898385622E-004
  0.000000000000000E+000  4.232599324089207E-003   1.00017319533440     
  7.683842530956786E-002  2.378257634833297E-003  0.000000000000000E+000
   2.39881456289735     
  0.481027806142041       4.874676585191666E-003  0.000000000000000E+000
  0.160706256358253       4.088883347451272E-003  1.320623614979332E-004
  0.000000000000000E+000  4.220945708949205E-003   1.00017173433597     
  7.650221762665134E-002  2.476321225383615E-003  0.000000000000000E+000
   2.39331882061532     
  0.467033646316841       4.413134998349662E-003  0.000000000000000E+000
  0.158667578898303       4.074035670316922E-003  1.368601120253142E-004
  0.000000000000000E+000  4.210895782342236E-003   1.00017028736092     
  7.620439093359864E-002  2.564603315476489E-003  0.000000000000000E+000
   2.38839226379466     
  0.453080108148714       3.935745123473622E-003  0.000000000000000E+000
  0.156340647985417       4.062585562957650E-003  1.413574074126104E-004
  0.000000000000000E+000  4.203942970370260E-003   1.00016872323439     
  7.596804740692725E-002  2.646441784905372E-003  0.000000000000000E+000
   2.38438534678297     
  0.439186917314490       3.444124449314979E-003  0.000000000000000E+000
  0.153931690310628       4.055538597339001E-003  1.452181971040599E-004
  0.000000000000000E+000  4.200756794443061E-003   1.00016718897757     
  7.581242659609441E-002  2.716629853351316E-003  0.000000000000000E+000
   2.38160869327513     
  0.425373323286012       2.943537917647252E-003  0.000000000000000E+000
  0.155084908320987       4.048472285149458E-003  1.480626158190525E-004
  0.000000000000000E+000  4.196534900968510E-003   1.00016570401503     
  7.565583393437203E-002  2.770685150511042E-003  0.000000000000000E+000
   2.37880029471987     
  0.411658191042757       2.437221773305309E-003  0.000000000000000E+000
  0.160567427823480       4.026217161094784E-003  1.514245774805897E-004
  0.000000000000000E+000  4.177641738575374E-003   1.00016504200727     
  7.521215168607956E-002  2.840626317262993E-003  0.000000000000000E+000
   2.37143702671914     
  0.398060300010423       1.916233981970908E-003  0.000000000000000E+000
  0.165132984432375       3.971112100259882E-003  1.591382164455447E-004
  0.000000000000000E+000  4.130250316705426E-003   1.00016489030979     
  7.414406559326245E-002  2.996394256771041E-003  0.000000000000000E+000
   2.35405839773934     
  0.384598635456386       1.352902573853140E-003  0.000000000000000E+000
  0.163585110058875       3.876565740691773E-003  1.720838486637047E-004
  0.000000000000000E+000  4.048649589355477E-003   1.00016286433250     
  7.232473454461200E-002  3.248168371195162E-003  0.000000000000000E+000
   2.32436355352794     
  0.371291267288200       7.281164213263902E-004  0.000000000000000E+000
  0.156967165439482       3.752059490313670E-003  1.860613589028908E-004
  0.000000000000000E+000  3.938120849216561E-003   1.00015983959096     
  6.993738747824063E-002  3.513908162218964E-003  0.000000000000000E+000
   2.28492568774420     
  0.358154780898738       4.178473641569574E-005  0.000000000000000E+000
  0.150890275740039       3.610796944018741E-003  1.976535610596905E-004
  0.000000000000000E+000  3.808450505078431E-003   1.00015736657091     
  6.723620795507770E-002  3.731140080488139E-003  0.000000000000000E+000
   2.23955076446577     
  0.345204555188213      -6.996594131643285E-004  0.000000000000000E+000
  0.144028059137099       3.464405032727419E-003  2.076232265405067E-004
  0.000000000000000E+000  3.672028259267926E-003   1.00015466851624     
  6.443811037914890E-002  3.911848840696024E-003  0.000000000000000E+000
   2.19156344503985     
  0.332455505085775      -1.498146808410845E-003  0.000000000000000E+000
  0.136348626302834       3.324791846847948E-003  2.156752080608373E-004
  0.000000000000000E+000  3.540467054908786E-003   1.00015188661441     
  6.176632308353874E-002  4.054581322143810E-003  0.000000000000000E+000
   2.14468201788643     
  0.319920537181743      -2.339667901782980E-003  0.000000000000000E+000
  0.130276504635276       3.192386208221302E-003  2.206103174119761E-004
  0.000000000000000E+000  3.412996525633278E-003   1.00014961138144     
  5.923237436990471E-002  4.141078985216744E-003  0.000000000000000E+000
   2.09922120511039     
  0.307611656831778      -3.214917519367286E-003  0.000000000000000E+000
  0.123454270856655       3.063839455184235E-003  2.233895021490543E-004
  0.000000000000000E+000  3.287228957333290E-003   1.00014761159220     
  5.677324651162838E-002  4.186621342590527E-003  0.000000000000000E+000
   2.05412787162880     
  0.295539909591286      -4.117285986877651E-003  0.000000000000000E+000
  0.115627337290334       2.940598869687228E-003  2.246245773670202E-004
  0.000000000000000E+000  3.165223447054248E-003   1.00014576102341     
  5.441453751810860E-002  4.202751258386634E-003  0.000000000000000E+000
   2.00988385983292     
  0.283715218424319      -5.040365564571752E-003  0.000000000000000E+000
  0.107589823585840       2.823667439283264E-003  2.245798071839574E-004
  0.000000000000000E+000  3.048247246467222E-003   1.00014412781903     
  5.217456039394310E-002  4.194718386279508E-003  0.000000000000000E+000
   1.96688874259252     
  0.272146384621058      -5.978022424434283E-003  0.000000000000000E+000
  9.759467630556173E-002  2.714421867273510E-003  2.240678855619725E-004
  0.000000000000000E+000  2.938489752835483E-003   1.00014255654871     
  5.007764029413490E-002  4.175757509569594E-003  0.000000000000000E+000
   1.92568311502311     
  0.260841459952367      -6.928699530984975E-003  0.000000000000000E+000
  8.584999619483824E-002  2.615220053535098E-003  2.230398193022668E-004
  0.000000000000000E+000  2.838259872837365E-003   1.00014114698963     
  4.816753147822934E-002  4.147551244548511E-003  0.000000000000000E+000
   1.88724595287282     
  0.249806769810523      -7.883567295849768E-003  0.000000000000000E+000
  7.474772988598488E-002  2.523378847123486E-003  2.205327938872875E-004
  0.000000000000000E+000  2.743911641010773E-003   1.00014019185845     
  4.639725414275615E-002  4.094061409499404E-003  0.000000000000000E+000
   1.85083973817692     
  0.239047492115207      -8.833844321215513E-003  0.000000000000000E+000
  6.334084519153294E-002  2.435691328665050E-003  2.168239262265969E-004
  0.000000000000000E+000  2.652515254891647E-003   1.00013975501144     
  4.470660079434539E-002  4.017924107226094E-003  0.000000000000000E+000
   1.81534285185776     
  0.228568063927081      -9.774779615069130E-003  0.000000000000000E+000
  5.093220689582267E-002  2.353637049189459E-003  2.126073110039181E-004
  0.000000000000000E+000  2.566244360193377E-003   1.00013961238886     
  4.312085232705176E-002  3.931715668508032E-003  0.000000000000000E+000
   1.78131053819903     
  0.218371927887734      -1.070216068614966E-002  0.000000000000000E+000
  3.726569709056093E-002  2.278133355671949E-003  2.082110892483782E-004
  0.000000000000000E+000  2.486344444920327E-003   1.00013977998147     
  4.165586591361491E-002  3.842045964152379E-003  0.000000000000000E+000
   1.74915196917127     
  0.208461650332017      -1.161318441176501E-002  0.000000000000000E+000
  2.323168581710888E-002  2.207919094812805E-003  2.031928720765577E-004
  0.000000000000000E+000  2.411111966889362E-003   1.00014037323507     
  4.028941901432303E-002  3.742130055521255E-003  0.000000000000000E+000
   1.71850834078854     
  0.198838436947398      -1.250075963881363E-002  0.000000000000000E+000
  9.580345667245638E-003  2.141047721100595E-003  1.972919390428331E-004
  0.000000000000000E+000  2.338339660143428E-003   1.00014161551681     
  3.898653084994980E-002  3.626766030458269E-003  0.000000000000000E+000
   1.68870950854599     
  0.189502895766597      -1.336127223884795E-002  0.000000000000000E+000
 -5.119285573982779E-003  2.077840403131080E-003  1.910861806606994E-004
  0.000000000000000E+000  2.268926583791779E-003   1.00014352884001     
  3.775092382367691E-002  3.504724781813006E-003  0.000000000000000E+000
   1.65984949440205     
  0.180454910724205      -1.419260156117742E-002  0.000000000000000E+000
 -2.019878693840838E-002  2.019895710228272E-003  1.844882594983672E-004
  0.000000000000000E+000  2.204383969726640E-003   1.00014592170228     
  3.661258522258350E-002  3.375629086561011E-003  0.000000000000000E+000
   1.63266650745133     
  0.171693255296651      -1.498933665163374E-002  0.000000000000000E+000
 -3.430909019493811E-002  1.967950165174825E-003  1.774077379410398E-004
  0.000000000000000E+000  2.145357903115865E-003   1.00014889069990     
  3.558524052965976E-002  3.237204503803276E-003  0.000000000000000E+000
   1.60755783527216     
  0.163216160245772      -1.574824056262389E-002  0.000000000000000E+000
 -4.967734469232710E-002  1.926266523878138E-003  1.708696061319596E-004
  0.000000000000000E+000  2.097136130010098E-003   1.00015231373984     
  3.474241370578772E-002  3.103708174254569E-003  0.000000000000000E+000
   1.58623313603420     
  0.155021505005991      -1.646991939561590E-002  0.000000000000000E+000
 -6.972258750079163E-002  1.902596416183044E-003  1.656784637051916E-004
  0.000000000000000E+000  2.068274879888235E-003   1.00015583122100     
  3.422140080984325E-002  2.993702936338176E-003  0.000000000000000E+000
   1.57197744403700     
  0.147106334224531      -1.715296303207054E-002  0.000000000000000E+000
 -8.501153642328063E-002  1.882905838908884E-003  1.589841860857598E-004
  0.000000000000000E+000  2.041890024994644E-003   1.00016081967683     
  3.377387504949043E-002  2.871473256453913E-003  0.000000000000000E+000
   1.55934671044630     
  0.139466267089614      -1.778558548152064E-002  0.000000000000000E+000
 -9.805137191892754E-002  1.855461518688727E-003  1.510348262834501E-004
  0.000000000000000E+000  2.006496344972177E-003   1.00016718109381     
  3.318487088689967E-002  2.719853811754711E-003  0.000000000000000E+000
   1.54323189320613     
  0.132098175810340      -1.837689199987649E-002  0.000000000000000E+000
 -0.125990849831169       1.854713768437711E-003  1.462298242306013E-004
  0.000000000000000E+000  2.000943592668312E-003   1.00017188806445     
  3.306273402760288E-002  2.600268829701045E-003  0.000000000000000E+000
   1.53759483510010     
  0.124997769952504      -1.892872200988259E-002  0.000000000000000E+000
 -0.143398722815846       1.877881405315989E-003  1.402625338213659E-004
  0.000000000000000E+000  2.018143939137355E-003   1.00017894244017     
  3.336984401051465E-002  2.484937707576798E-003  0.000000000000000E+000
   1.54201426766827     
  0.118158763957459      -1.942103531766246E-002  0.000000000000000E+000
 -0.152407395820092       1.883968973288507E-003  1.318370214551264E-004
  0.000000000000000E+000  2.015805994743633E-003   1.00018891734040     
  3.336666826633546E-002  2.340199388936456E-003  0.000000000000000E+000
   1.53914397412929     
  0.111577324482708      -1.987073175919550E-002  0.000000000000000E+000
 -0.187348506959324       1.919286063191188E-003  1.274341317475614E-004
  0.000000000000000E+000  2.046720194938749E-003   1.00019319763790     
  3.385891445066707E-002  2.207412532309858E-003  0.000000000000000E+000
   1.54706594931337     
  0.105248108561165      -2.028128798648830E-002  0.000000000000000E+000
 -0.202904836248990       2.002038705415983E-003  1.210540432330661E-004
  0.000000000000000E+000  2.123092748649049E-003   1.00020084105800     
  3.519191010727864E-002  2.071839122624162E-003  0.000000000000000E+000
   1.57405556386693     
  9.916376395001603E-002 -2.062514136152142E-002  0.000000000000000E+000
 -0.211353299365328       2.071622741145446E-003  1.121439156089899E-004
  0.000000000000000E+000  2.183766656754436E-003   1.00021472651124     
  3.627366302887251E-002  1.926748932634479E-003  0.000000000000000E+000
   1.59472030816435     
  9.332012723962402E-002 -2.093049604161815E-002  0.000000000000000E+000
 -0.242128575147717       2.172109480084714E-003  1.064025508916147E-004
  0.000000000000000E+000  2.278512030976329E-003   1.00022517426242     
  3.785751412156885E-002  1.759073169077654E-003  0.000000000000000E+000
   1.62504965177176     
  8.771055058917909E-002 -2.119011388496281E-002  0.000000000000000E+000
 -0.246232360904287       2.335791451851017E-003  9.622765703438199E-005
  0.000000000000000E+000  2.432019108885400E-003   1.00023954976950     
  4.054134891996522E-002  1.538151728860376E-003  0.000000000000000E+000
   1.67784774339762     
  8.232832898163722E-002 -2.138787159074580E-002  0.000000000000000E+000
 -0.277031983150664       2.559920379587497E-003  8.723089117925741E-005
  0.000000000000000E+000  2.647151270766754E-003   1.00024984484962     
  4.421695871991901E-002  1.304380459750299E-003  0.000000000000000E+000
   1.74772905024272     
  7.716826630280238E-002 -2.155356702706770E-002  0.000000000000000E+000
 -0.297451235190465       2.833656238852746E-003  7.351475629089712E-005
  0.000000000000000E+000  2.907170995143643E-003   1.00026017482544     
  4.870087499675062E-002  1.041867593261019E-003  0.000000000000000E+000
   1.82944793572218     
  7.222301122247532E-002 -2.165524915438587E-002  0.000000000000000E+000
 -0.288743205511537       3.063570235307210E-003  4.941340539300624E-005
  0.000000000000000E+000  3.112983640700217E-003   1.00028055821408     
  5.239760448970860E-002  6.951110642903905E-004  0.000000000000000E+000
   1.89293703854978     
  6.748705146715417E-002 -2.171479524477504E-002  0.000000000000000E+000
 -0.334520901331416       3.321233318311396E-003  2.645624515878879E-005
  0.000000000000000E+000  3.347689563470185E-003   1.00029057925216     
  5.646258790910612E-002  1.780428730813267E-004  0.000000000000000E+000
   1.95895734794460     
  6.295371259758120E-002 -2.173446819730835E-002  0.000000000000000E+000
 -0.345484519273668       3.699228878462554E-003 -1.357992409019813E-005
  0.000000000000000E+000  3.712808802552752E-003   1.00030041516218     
  6.256472050227736E-002 -6.212127366288432E-004  0.000000000000000E+000
   2.05687122058297     
  5.861711578290607E-002 -2.168853676842170E-002  0.000000000000000E+000
 -0.395235149597056       4.248943798305442E-003 -5.847831330826184E-005
  0.000000000000000E+000  4.307422111613704E-003   1.00030310713259     
  7.140055403323856E-002 -1.585501957471161E-003  0.000000000000000E+000
   2.19053374860624     
  5.447044604999962E-002 -2.162336907966074E-002  0.000000000000000E+000
 -0.417527757401103       5.017438785246882E-003 -1.353237035844828E-004
  0.000000000000000E+000  5.152762488831365E-003   1.00030585198185     
  8.382961220151279E-002 -3.154880098125090E-003  0.000000000000000E+000
   2.36743980870837     
  5.050903214194746E-002 -2.147729249486757E-002  0.000000000000000E+000
 -0.399427255068986       5.893703345658705E-003 -2.427225488647551E-004
  0.000000000000000E+000  6.136425894523460E-003   1.00031249860966     
  9.790808217023644E-002 -4.880157061192255E-003  0.000000000000000E+000
   2.55198798531213     
  4.672541388620077E-002 -2.131085761769123E-002  0.000000000000000E+000
 -0.405261360082932       6.711333159032080E-003 -3.647963482286314E-004
  0.000000000000000E+000  7.076129507260711E-003   1.00031469993587     
  0.110719406569690      -6.822202708038239E-003  0.000000000000000E+000
   2.70534371454430     
  4.311516124701154E-002 -2.108321818922540E-002  0.000000000000000E+000
 -0.378865802230166       7.406009604140944E-003 -5.274749335609328E-004
  0.000000000000000E+000  7.933484537701877E-003   1.00032080703281     
  0.121482386707451      -9.365961028814006E-003  0.000000000000000E+000
   2.82724547777834     
  3.967223005436371E-002 -2.081626001427382E-002  0.000000000000000E+000
 -0.410641785539838       8.093058580062798E-003 -7.026803426223798E-004
  0.000000000000000E+000  8.795738922685177E-003   1.00031216260264     
  0.131800032682941      -1.226773777545394E-002  0.000000000000000E+000
   2.93642412961391     
  3.639054179185175E-002 -2.050759722952964E-002  0.000000000000000E+000
 -0.413823534836411       8.786763898009604E-003 -9.401458259367624E-004
  0.000000000000000E+000  9.726909723946367E-003   1.00030674846166     
  0.142308779527518      -1.612175656604358E-002  0.000000000000000E+000
   3.04616223140996     
  3.326778181846923E-002 -2.014011535744205E-002  0.000000000000000E+000
 -0.476151934427207       9.572010275488792E-003 -1.202639476369526E-003
  0.000000000000000E+000  1.077464975185832E-002   1.00029349796840     
  0.153928974057299      -2.042261163318366E-002  0.000000000000000E+000
   3.16084604487661     
  3.029382127105174E-002 -1.975029503451204E-002  0.000000000000000E+000
 -0.489334426343703       1.036694827573399E-002 -1.555662126182019E-003
  0.000000000000000E+000  1.192261040191601E-002   1.00028625689639     
  0.165911029326124      -2.609742355557960E-002  0.000000000000000E+000
   3.27970593875400     
  2.747317396944959E-002 -1.928113185504812E-002  0.000000000000000E+000
 -0.540817919256597       1.114579522842359E-002 -1.923738999649255E-003
  0.000000000000000E+000  1.306953422807285E-002   1.00027079107977     
  0.177276520932364      -3.166006086522771E-002  0.000000000000000E+000
   3.38547637897475     
  2.478833495795718E-002 -1.880921559024042E-002  0.000000000000000E+000
 -0.543647914330222       1.168056778244576E-002 -2.367316267838340E-003
  0.000000000000000E+000  1.404788405028410E-002   1.00026464917327     
  0.185199317369314      -3.849909166949661E-002  0.000000000000000E+000
   3.46432734607166     
  2.225501326225521E-002 -1.823565211469499E-002  0.000000000000000E+000
 -0.569562333284921       1.226932927568797E-002 -2.847507455053035E-003
  0.000000000000000E+000  1.511683673074101E-002   1.00025775426676     
  0.193679135616940      -4.632528117885644E-002  0.000000000000000E+000
   3.54771067023433     
  1.984559696190713E-002 -1.767184233715069E-002  0.000000000000000E+000
 -0.596717566533016       1.305733954281510E-002 -3.501295177173340E-003
  0.000000000000000E+000  1.655863471998845E-002   1.00025124628002     
  0.205558117366160      -5.735346613326878E-002  0.000000000000000E+000
   3.66969465343533     
  1.758713226318775E-002 -1.699731615131953E-002  0.000000000000000E+000
 -0.582142168575729       1.418604855235490E-002 -4.374645049411653E-003
  0.000000000000000E+000  1.856069360176655E-002   1.00025108959625     
  0.223224314456188      -7.177605297709713E-002  0.000000000000000E+000
   3.84762179066248     
  1.544650428983374E-002 -1.632605898462604E-002  0.000000000000000E+000
 -0.593419278360670       1.574362217822642E-002 -5.537100488325738E-003
  0.000000000000000E+000  2.128072266655216E-002   1.00024453901505     
  0.247277897433325      -9.165024775181674E-002  0.000000000000000E+000
   4.08119294499976     
  1.345295496273136E-002 -1.555732975657546E-002  0.000000000000000E+000
 -0.524169289090651       1.760097681652488E-002 -7.131745082278942E-003
  0.000000000000000E+000  2.473272189880382E-002   1.00024963408622     
  0.277581658857708      -0.118036954591979       0.000000000000000E+000
   4.37604939651692     
  1.157947612225185E-002 -1.477144945561017E-002  0.000000000000000E+000
 -0.509693390026996       1.979228118585512E-002 -9.145875470579807E-003
  0.000000000000000E+000  2.893815665643493E-002   1.00024028207996     
  0.312758443262392      -0.152343698892920       0.000000000000000E+000
   4.71023261333582     
  9.848531301419383E-003 -1.390624975671154E-002  0.000000000000000E+000
 -0.423407593603315       2.179436200504470E-002 -1.168848706341242E-002
  0.000000000000000E+000  3.348284906845712E-002   1.00023924384670     
  0.347957182035581      -0.195087674905165       0.000000000000000E+000
   5.07157845372737     
  8.249723698091849E-003 -1.299967384081004E-002  0.000000000000000E+000
 -0.351323058813023       2.333067542919733E-002 -1.433382220868407E-002
  0.000000000000000E+000  3.766449763788141E-002   1.00023783229254     
  0.376254763451790      -0.239096379148066       0.000000000000000E+000
   5.38652706330851     
  6.785477286839425E-003 -1.203901627367612E-002  0.000000000000000E+000
 -0.192821916192770       2.354492525969699E-002 -1.701488997335236E-002
  0.000000000000000E+000  4.055981523304935E-002   1.00024791904801     
  0.386060758469355      -0.286547218940458       0.000000000000000E+000
   5.64043038376327     
  5.478550221508449E-003 -1.101314324896579E-002  0.000000000000000E+000
 -3.852839346154724E-002  2.338850817507724E-002 -1.957434296874430E-002
  0.000000000000000E+000  4.296285114382155E-002   1.00025601053233     
  0.388669780986972      -0.332989829894888       0.000000000000000E+000
   5.86029478527246     
  4.290827434544564E-003 -9.965556159078107E-003  0.000000000000000E+000
  0.176297517685043       2.176333433063325E-002 -2.186104966764874E-002
  0.000000000000000E+000  4.362438399828199E-002   1.00027942344159     
  0.370353606354465      -0.375794213770372       0.000000000000000E+000
   6.00764655544997     
  3.296772041745166E-003 -8.840112919361187E-003  0.000000000000000E+000
  0.278266978293914       1.955230127198376E-002 -2.324879931330458E-002
  0.000000000000000E+000  4.280110058528834E-002   1.00028571111009     
  0.339595651382541      -0.404530711327769       0.000000000000000E+000
   6.06049546782958     
  2.396870789097783E-003 -7.727149985343641E-003  0.000000000000000E+000
  0.746716557145646       1.625765670893844E-002 -2.386192729848909E-002
  0.000000000000000E+000  4.011958400742753E-002   1.00035536549433     
  0.290567629676607      -0.419483339240011       0.000000000000000E+000
   6.00637697559804     
  1.722008488210358E-003 -6.549785302129726E-003  0.000000000000000E+000
  0.940564690846259       1.280903057320180E-002 -2.325194607763260E-002
  0.000000000000000E+000  3.606097665083440E-002   1.00037372368075     
  0.235898497900695      -0.413992395875149       0.000000000000000E+000
   5.84923700935044     
  1.113140182790850E-003 -5.409418156526647E-003  0.000000000000000E+000
   1.07444836191689       9.308625199497092E-003 -2.164745713603840E-002
  0.000000000000000E+000  3.095608233553549E-002   1.00038297886606     
  0.179200402829831      -0.387546615702788       0.000000000000000E+000
   5.56273420378533     
  7.225228813823037E-004 -4.248492033251204E-003  0.000000000000000E+000
   1.33332238080880       5.987643629571157E-003 -1.892171947464457E-002
  0.000000000000000E+000  2.490936310421573E-002   1.00040964422818     
  0.123552226195274      -0.342055541288579       0.000000000000000E+000
   5.16217006788021     
  3.880251048486993E-004 -3.130464215962858E-003  0.000000000000000E+000
   1.09623329790929       3.589656551771971E-003 -1.522093232030670E-002
  0.000000000000000E+000  1.881058887207867E-002   1.00034093813913     
  8.393816095954255E-002 -0.275370217404600       0.000000000000000E+000
   4.60009494938283     
  1.970395846617734E-004 -2.043563727562371E-003  0.000000000000000E+000
   1.14498824666020       1.545798905153521E-003 -1.140732561465229E-002
  0.000000000000000E+000  1.295312451980581E-002   1.00034009370415     
  4.456914820966353E-002 -0.208408770934467       0.000000000000000E+000
   3.96773131615265     
  9.598016850720370E-005 -9.954425719247947E-004  0.000000000000000E+000
   1.15055853185163       7.939062872801358E-004 -8.282226121454782E-003
  0.000000000000000E+000  9.076132408734918E-003   1.00034670252706     
  2.590442537450214E-002 -0.151886222302982       0.000000000000000E+000
   3.37446705685838     
  0.000000000000000E+000  0.000000000000000E+000  0.000000000000000E+000
   1.02827723413066       4.811750211089376E-005 -6.059940673752790E-003
  0.000000000000000E+000  6.108058175863684E-003   1.00032587633021     
  9.907806791788196E-003 -0.111837800367207       0.000000000000000E+000
   2.88025621947197     
 zone i=         151
  0.000000000000000E+000  0.000000000000000E+000  0.000000000000000E+000
   1.02827723413066       4.811750211089376E-005 -6.059940673752790E-003
  0.000000000000000E+000  6.108058175863684E-003   1.00032587633021     
  9.907806791788196E-003 -0.111837800367207       0.000000000000000E+000
   2.88025621947197     
  8.124748189053399E-005  9.967570191826214E-004  0.000000000000000E+000
  0.940734410099367      -3.663314848222848E-004 -4.516356840352468E-003
  0.000000000000000E+000 -4.882688325174753E-003   1.00030726774740     
 -1.029441315565011E-003 -8.393095234086323E-002  0.000000000000000E+000
   2.49131276145451     
  1.668552160047909E-004  2.047006305551404E-003  0.000000000000000E+000
  0.947438817284819      -3.337734089698709E-004 -3.238861849278826E-003
  0.000000000000000E+000 -3.572635258248697E-003   1.00030421012742     
 -9.504569230176470E-004 -6.038400577939310E-002  0.000000000000000E+000
   2.11301893527981     
  3.042454035129261E-004  3.145845697375883E-003  0.000000000000000E+000
  0.931969976681557      -3.782972966975431E-004 -2.061564547388869E-003
  0.000000000000000E+000 -2.439861844086412E-003   1.00029982882797     
 -2.268265977966814E-003 -3.886655816274779E-002  0.000000000000000E+000
   1.69453177832434     
  5.825742921587995E-004  4.281733555009661E-003  0.000000000000000E+000
  0.944330297166971      -2.408907372480533E-004 -9.854947821427678E-004
  0.000000000000000E+000 -1.226385519390821E-003   1.00030347905497     
 -5.546455712489194E-004 -1.909688145396855E-002  0.000000000000000E+000
   1.18646440913273     
  8.757422479155341E-004  5.478181120376323E-003  0.000000000000000E+000
  0.994684485802509       5.300074100772010E-005  1.751134574893573E-004
  0.000000000000000E+000  2.281141984970774E-004   1.00030458942744     
  5.874472408197768E-003  1.758691823375437E-003  0.000000000000000E+000
  0.671818521105594     
  1.308808987989130E-003  6.698568453762158E-003  0.000000000000000E+000
   1.02851325344682       5.795451574067791E-004  1.545545500355397E-003
  0.000000000000000E+000  2.125090657762177E-003   1.00030222679656     
  1.586515651189030E-002  2.642026568523671E-002  0.000000000000000E+000
   1.50473760861587     
  1.812850180215042E-003  7.968367674832801E-003  0.000000000000000E+000
   1.13087208601746       1.395945439414793E-003  3.343889294863869E-003
  0.000000000000000E+000  4.739834734278662E-003   1.00032143959284     
  3.260868747396937E-002  5.849691423955092E-002  0.000000000000000E+000
   2.21843220953085     
  2.391032082076583E-003  9.283225230158919E-003  0.000000000000000E+000
   1.16126508853245       2.758240566637327E-003  5.657230339841659E-003
  0.000000000000000E+000  8.415470906478987E-003   1.00033154013223     
  5.934747960940942E-002  9.943135541554662E-002  0.000000000000000E+000
   2.91457548915670     
  3.109272514030703E-003  1.061639973803102E-002  0.000000000000000E+000
   1.27793905920316       4.327179376380207E-003  8.044643814621964E-003
  0.000000000000000E+000  1.237182319100217E-002   1.00036438852437     
  8.614938691523608E-002  0.143811269592391       0.000000000000000E+000
   3.50694136692355     
  3.865287533979300E-003  1.201969020640781E-002  0.000000000000000E+000
   1.14809864647827       5.838335394592211E-003  9.719396436205735E-003
  0.000000000000000E+000  1.555773183079795E-002   1.00034937212489     
  0.111438173351634       0.175351640703307       0.000000000000000E+000
   3.90252539058327     
  4.796892805706054E-003  1.341452172343449E-002  0.000000000000000E+000
  0.975569741055097       7.023081834708234E-003  1.049898957422950E-002
  0.000000000000000E+000  1.752207140893774E-002   1.00032044119336     
  0.130449125546474       0.191003369760264       0.000000000000000E+000
   4.11653469174825     
  5.781289545338408E-003  1.487974781579076E-002  0.000000000000000E+000
  0.885271531749140       7.717178177241760E-003  1.081439548058169E-002
  0.000000000000000E+000  1.853157365782345E-002   1.00030633327666     
  0.142525785543891       0.197465687074733       0.000000000000000E+000
   4.22612110647168     
  6.903066221750631E-003  1.635814064742308E-002  0.000000000000000E+000
  0.681033002099184       8.362169354006030E-003  1.075989454543055E-002
  0.000000000000000E+000  1.912206389943658E-002   1.00027189473192     
  0.153596794745931       0.197005257151772       0.000000000000000E+000
   4.28019014106168     
  8.121082669093838E-003  1.788532551851348E-002  0.000000000000000E+000
  0.645296768884918       8.776586916471027E-003  1.064079763286133E-002
  0.000000000000000E+000  1.941738454933236E-002   1.00026736829757     
  0.161338872817546       0.194995939075139       0.000000000000000E+000
   4.31020407638023     
  9.454664975969473E-003  1.944636852175496E-002  0.000000000000000E+000
  0.590079491524648       9.274612537473892E-003  1.048524705571418E-002
  0.000000000000000E+000  1.975985959318807E-002   1.00026091870745     
  0.170630180199712       0.192145658516674       0.000000000000000E+000
   4.34408426058184     
  1.091465694568861E-002  2.103826502945663E-002  0.000000000000000E+000
  0.594953436023388       9.761388631991951E-003  1.044687203500200E-002
  0.000000000000000E+000  2.020826066699395E-002   1.00026588066862     
  0.179919571853424       0.191387401419330       0.000000000000000E+000
   4.39385744833060     
  1.248068226265642E-002  2.268129049048521E-002  0.000000000000000E+000
  0.519834637385657       1.030142414377512E-002  1.039337704075069E-002
  0.000000000000000E+000  2.069480118452581E-002   1.00025608626535     
  0.189828711948223       0.190634965858617       0.000000000000000E+000
   4.44804134793146     
  1.419429961991825E-002  2.434216187368587E-002  0.000000000000000E+000
  0.467507853853022       1.075554303141244E-002  1.031425875943888E-002
  0.000000000000000E+000  2.106980179085132E-002   1.00025083805690     
  0.198179723545848       0.189421118017950       0.000000000000000E+000
   4.49158278381645     
  1.601361488792574E-002  2.606691124135281E-002  0.000000000000000E+000
  0.405453595459676       1.116093835862749E-002  1.017080307610388E-002
  0.000000000000000E+000  2.133174143473136E-002   1.00024409133757     
  0.205694731486324       0.186990244608405       0.000000000000000E+000
   4.52443525836444     
  1.799565339072173E-002  2.780171742430116E-002  0.000000000000000E+000
  0.341933661217126       1.149667772558451E-002  9.991549924840451E-003
  0.000000000000000E+000  2.148822765042497E-002   1.00023726130146     
  0.211860541985698       0.183915119996125       0.000000000000000E+000
   4.54637293912429     
  2.009007559783660E-002  2.960816297912750E-002  0.000000000000000E+000
  0.281708839816702       1.174087722340699E-002  9.753898184062105E-003
  0.000000000000000E+000  2.149477540746909E-002   1.00023097882830     
  0.216375788386930       0.179766905763833       0.000000000000000E+000
   4.55374650727648     
  2.235822310174784E-002  3.142202494474521E-002  0.000000000000000E+000
  0.217663927610829       1.189913943545214E-002  9.453401085198602E-003
  0.000000000000000E+000  2.135254052065074E-002   1.00022387138612     
  0.219249850019568       0.174428878563020       0.000000000000000E+000
   4.54519190798287     
  2.475097164205420E-002  3.331006025542243E-002  0.000000000000000E+000
  0.162628213113976       1.197662652904045E-002  9.135954914927689E-003
  0.000000000000000E+000  2.111258144396814E-002   1.00021835972414     
  0.220757402929734       0.168648144260178       0.000000000000000E+000
   4.52673266177513     
  2.732553371060575E-002  3.520789227439446E-002  0.000000000000000E+000
  9.846078710006623E-002  1.204557343581402E-002  8.806117604592436E-003
  0.000000000000000E+000  2.085169104040645E-002   1.00021125509644     
  0.222056087425299       0.162605886270605       0.000000000000000E+000
   4.50593701226646     
  3.004143949855176E-002  3.717698010381925E-002  0.000000000000000E+000
  4.323233870150034E-002  1.205663559193298E-002  8.491557571746982E-003
  0.000000000000000E+000  2.054819316367996E-002   1.00020647649044     
  0.222269743388337       0.156861382475689       0.000000000000000E+000
   4.48007080958856     
  3.294506594798641E-002  3.916321447822407E-002  0.000000000000000E+000
 -2.684035470178969E-002  1.201686365842470E-002  8.124753480412016E-003
  0.000000000000000E+000  2.014161713883672E-002   1.00019930145066     
  0.221481741609411       0.150201712181697       0.000000000000000E+000
   4.44338512287382     
  3.601062444512038E-002  4.121202403846924E-002  0.000000000000000E+000
 -5.889188109654242E-002  1.188179658028475E-002  7.758911577519647E-003
  0.000000000000000E+000  1.964070815780439E-002   1.00019672944457     
  0.218948117017541       0.143493272395220       0.000000000000000E+000
   4.39452509417942     
  3.926803159936587E-002  4.329038172008163E-002  0.000000000000000E+000
 -0.115061855630302       1.168881422465717E-002  7.336029674396753E-003
  0.000000000000000E+000  1.902484389905392E-002   1.00018962722125     
  0.215334800894350       0.135769305232757       0.000000000000000E+000
   4.33336526093488     
  4.271133564957319E-002  4.541642506618195E-002  0.000000000000000E+000
 -0.149910920270713       1.142256416282247E-002  6.936942978794643E-003
  0.000000000000000E+000  1.835950714161711E-002   1.00018699848844     
  0.210385564609792       0.128357256587974       0.000000000000000E+000
   4.26313881758750     
  4.634900923004337E-002  4.758970502284576E-002  0.000000000000000E+000
 -0.200711081064355       1.120068913577538E-002  6.542595507010753E-003
  0.000000000000000E+000  1.774328464278613E-002   1.00018290626129     
  0.206357526926627       0.120957735624934       0.000000000000000E+000
   4.19970356236475     
  5.019957705178091E-002  4.978897567330897E-002  0.000000000000000E+000
 -0.216735792627787       1.107310975780675E-002  6.267186097654722E-003
  0.000000000000000E+000  1.734029585546147E-002   1.00018543540934     
  0.204025711181612       0.115655068758419       0.000000000000000E+000
   4.15762823612462     
  5.424543798258119E-002  5.205884839569135E-002  0.000000000000000E+000
 -0.259802729060766       1.104150103096190E-002  6.012917495387802E-003
  0.000000000000000E+000  1.705441852634970E-002   1.00018078112196     
  0.203448676684161       0.110937191718082       0.000000000000000E+000
   4.13260244592318     
  5.853393950429830E-002  5.432546487184164E-002  0.000000000000000E+000
 -0.296527920099379       1.100292401665923E-002  5.760029997654753E-003
  0.000000000000000E+000  1.676295401431398E-002   1.00017655712396     
  0.202713261886886       0.106289414048148       0.000000000000000E+000
   4.10700112796759     
  6.303378546849947E-002  5.665943247869770E-002  0.000000000000000E+000
 -0.327037055740448       1.090128264844295E-002  5.537290049178472E-003
  0.000000000000000E+000  1.643857269762142E-002   1.00017291838084     
  0.200736249523240       0.102193383362127       0.000000000000000E+000
   4.07339557164780     
  6.777483346542001E-002  5.901812249001626E-002  0.000000000000000E+000
 -0.385508758292417       1.075498954819792E-002  5.247859057016893E-003
  0.000000000000000E+000  1.600284860521482E-002   1.00016527493495     
  0.198032819042529       9.689907266348383E-002  0.000000000000000E+000
   4.02990568355392     
  7.276120658495611E-002  6.140479821277849E-002  0.000000000000000E+000
 -0.393003688536510       1.060368370364345E-002  5.014825837715375E-003
  0.000000000000000E+000  1.561850954135882E-002   1.00016752018640     
  0.195215507837268       9.249310184672134E-002  0.000000000000000E+000
   3.98829315474757     
  7.798701025703636E-002  6.384746541023499E-002  0.000000000000000E+000
 -0.431217874764570       1.050286959352856E-002  4.777554852319149E-003
  0.000000000000000E+000  1.528042444584771E-002   1.00016331618566     
  0.193379195435943       8.811800803519423E-002  0.000000000000000E+000
   3.95585692224853     
  8.348794497692369E-002  6.628226949861310E-002  0.000000000000000E+000
 -0.471796561273777       1.040109700646563E-002  4.534842219641530E-003
  0.000000000000000E+000  1.493593922610716E-002   1.00015895781036     
  0.191548284692807       8.366773564690261E-002  0.000000000000000E+000
   3.92366798772567     
  8.924823926579473E-002  6.875664231184767E-002  0.000000000000000E+000
 -0.483597564575575       1.029311149957672E-002  4.358372054878679E-003
  0.000000000000000E+000  1.465148355445540E-002   1.00015960942342     
  0.189506554964490       8.036307520028173E-002  0.000000000000000E+000
   3.89300374682180     
  9.527434682424984E-002  7.127233162980089E-002  0.000000000000000E+000
 -0.531027830490530       1.017996562742977E-002  4.126771008531200E-003
  0.000000000000000E+000  1.430673663596096E-002   1.00015439493074     
  0.187477659181285       7.615893329549905E-002  0.000000000000000E+000
   3.86053793371731     
  0.101599264593903       7.376136354798155E-002  0.000000000000000E+000
 -0.563767217009627       1.005094200603804E-002  3.893306682488754E-003
  0.000000000000000E+000  1.394424868852679E-002   1.00015201539485     
  0.185193186264644       7.186126914427891E-002  0.000000000000000E+000
   3.82577356397637     
  0.108204996297669       7.628031738371406E-002  0.000000000000000E+000
 -0.575308150237106       9.963990442376608E-003  3.735757384614214E-003
  0.000000000000000E+000  1.369974782699082E-002   1.00015214109195     
  0.183593235729161       6.890109129548280E-002  0.000000000000000E+000
   3.80093980821865     
  0.115100104736922       7.882225996758153E-002  0.000000000000000E+000
 -0.620409570483616       9.879432823010639E-003  3.540913811287623E-003
  0.000000000000000E+000  1.342034663429826E-002   1.00014580914741     
  0.182106475488552       6.538229483308833E-002  0.000000000000000E+000
   3.77641725936610     
  0.122308329775291       8.133309909903598E-002  0.000000000000000E+000
 -0.655042110465956       9.729295675477556E-003  3.317570514409694E-003
  0.000000000000000E+000  1.304686618988725E-002   1.00014111557167     
  0.179446924033985       6.133669422015726E-002  0.000000000000000E+000
   3.73987165455338     
  0.129822623133641       8.384109486352034E-002  0.000000000000000E+000
 -0.667772653565862       9.556951753683368E-003  3.126259960383568E-003
  0.000000000000000E+000  1.268321171406694E-002   1.00013976692816     
  0.176332537623352       5.781018562981906E-002  0.000000000000000E+000
   3.70008879685350     
  0.137645784603659       8.634902896078354E-002  0.000000000000000E+000
 -0.688337459591594       9.404126827384921E-003  2.945592057665983E-003
  0.000000000000000E+000  1.234971888505090E-002   1.00013679803984     
  0.173587819075599       5.448041154656022E-002  0.000000000000000E+000
   3.66441818916374     
  0.145786304884145       8.883978467035318E-002  0.000000000000000E+000
 -0.727728941467603       9.236649244862631E-003  2.736368939976800E-003
  0.000000000000000E+000  1.197301818483943E-002   1.00013040376914     
  0.170627072415527       5.068509151572750E-002  0.000000000000000E+000
   3.62594583190375     
  0.154258741196403       9.126835667997982E-002  0.000000000000000E+000
 -0.755496636441876       9.039201208044981E-003  2.529044386926499E-003
  0.000000000000000E+000  1.156824559497148E-002   1.00012558638854     
  0.167115984616364       4.688942602070656E-002  0.000000000000000E+000
   3.58199310858216     
  0.163053473889887       9.366936243119689E-002  0.000000000000000E+000
 -0.766373530163264       8.858210614048520E-003  2.356430758993976E-003
  0.000000000000000E+000  1.121464137304250E-002   1.00012326362894     
  0.163867988683958       4.369708659974362E-002  0.000000000000000E+000
   3.54170592048895     
  0.172173982757404       9.603247564546623E-002  0.000000000000000E+000
 -0.783378342287961       8.700029105760790E-003  2.192344773011552E-003
  0.000000000000000E+000  1.089237387877234E-002   1.00011947736858     
  0.161045048001950       4.067809907797922E-002  0.000000000000000E+000
   3.50614282778475     
  0.181622700146665       9.834694345664204E-002  0.000000000000000E+000
 -0.812867860583538       8.531265038329771E-003  2.012258394192806E-003
  0.000000000000000E+000  1.054352343252258E-002   1.00011307936243     
  0.158053925343545       3.739055931148216E-002  0.000000000000000E+000
   3.46847895555125     
  0.191408481281785       0.100566920969150       0.000000000000000E+000
 -0.840235578800502       8.328481585219195E-003  1.825247972744826E-003
  0.000000000000000E+000  1.015372955796402E-002   1.00010666376857     
  0.154435439941804       3.397241485366152E-002  0.000000000000000E+000
   3.42392256260281     
  0.201524401703617       0.102706535324255       0.000000000000000E+000
 -0.847845341869970       8.110096377822850E-003  1.656570874696115E-003
  0.000000000000000E+000  9.766667252518966E-003   1.00010317251098     
  0.150499838647837       3.085748841232806E-002  0.000000000000000E+000
   3.37612465719840     
  0.211966985743580       0.104764294601578       0.000000000000000E+000
 -0.857070883371989       7.909438945296145E-003  1.500563874724353E-003
  0.000000000000000E+000  9.410002820020498E-003   1.00009897009162     
  0.146882031258571       2.796702902399574E-002  0.000000000000000E+000
   3.33181520179100     
  0.222733822737104       0.106728384602269       0.000000000000000E+000
 -0.869254868577855       7.724474830057144E-003  1.351830232528761E-003
  0.000000000000000E+000  9.076305062585905E-003   1.00009389815146     
  0.143548306320014       2.521463757114230E-002  0.000000000000000E+000
   3.29061718426094     
  0.233821110527380       0.108586896539823       0.000000000000000E+000
 -0.878564516833194       7.549630708272248E-003  1.208754696724192E-003
  0.000000000000000E+000  8.758385404996440E-003   1.00008898701671     
  0.140394767559045       2.256283552449095E-002  0.000000000000000E+000
   3.25137852383595     
  0.245223715027843       0.110327156937690       0.000000000000000E+000
 -0.900003741802948       7.365573563708623E-003  1.057955365449849E-003
  0.000000000000000E+000  8.423528929158472E-003   1.00008109426834     
  0.137067094022471       1.978750668130477E-002  0.000000000000000E+000
   3.20982179470239     
  0.256938939632838       0.111904976619564       0.000000000000000E+000
 -0.914194752582944       7.146079087338161E-003  9.089519716499347E-004
  0.000000000000000E+000  8.055031058988095E-003   1.00007444292837     
  0.133065430284484       1.703870482052636E-002  0.000000000000000E+000
   3.16015924421495     
  0.268953043206634       0.113343420909289       0.000000000000000E+000
 -0.912575582812678       6.905831908800756E-003  7.748170290475367E-004
  0.000000000000000E+000  7.680648937848293E-003   1.00007133472819     
  0.128653504349794       1.454750409907926E-002  0.000000000000000E+000
   3.10530154390939     
  0.281256350040147       0.114631332684262       0.000000000000000E+000
 -0.917797678940360       6.663357340364956E-003  6.470800887801708E-004
  0.000000000000000E+000  7.310437429145127E-003   1.00006664793936     
  0.124186822641183       1.217052325119921E-002  0.000000000000000E+000
   3.04912563238348     
  0.293837661680303       0.115758004221215       0.000000000000000E+000
 -0.923720545847573       6.417446608442614E-003  5.259251978469953E-004
  0.000000000000000E+000  6.943371806289610E-003   1.00006156290352     
  0.119640480573332       9.915736953631245E-003  0.000000000000000E+000
   2.99120976386018     
  0.306684271886264       0.116713296861924       0.000000000000000E+000
 -0.929603415708016       6.160959521574087E-003  4.112041542655039E-004
  0.000000000000000E+000  6.572163675839591E-003   1.00005635314679     
  0.114881667181034       7.783133966001232E-003  0.000000000000000E+000
   2.92973822545957     
  0.319781997853375       0.117487759464701       0.000000000000000E+000
 -0.934348292809773       5.881649598484752E-003  3.029146248320785E-004
  0.000000000000000E+000  6.184564223316830E-003   1.00005063192597     
  0.109683498953115       5.774912279348689E-003  0.000000000000000E+000
   2.86151640884767     
  0.333115228139865       0.118072743118733       0.000000000000000E+000
 -0.935899836738372       5.568210116995778E-003  2.018200194616770E-004
  0.000000000000000E+000  5.770030136457455E-003   1.00004530157716     
  0.103834575043535       3.904112542213655E-003  0.000000000000000E+000
   2.78317361006559     
  0.346666987346685       0.118460509682972       0.000000000000000E+000
 -0.933441837100418       5.212326884173163E-003  1.094219575767299E-004
  0.000000000000000E+000  5.321748841749893E-003   1.00004005901751     
  9.718126879434297E-002  2.198065099000800E-003  0.000000000000000E+000
   2.69167884169057     
  0.360419017220480       0.118644331852680       0.000000000000000E+000
 -0.936536402167121       4.816732582864857E-003  2.450466757080773E-005
  0.000000000000000E+000  4.841237250435664E-003   1.00003385370519     
  8.977600212788388E-002  6.288840701075866E-004  0.000000000000000E+000
   2.58634184100870     
  0.374351657536118       0.118599735812830       0.000000000000000E+000
 -0.928282283403632       4.431029135288916E-003 -4.778453525408666E-005
  0.000000000000000E+000  4.478813670543003E-003   1.00003040472852     
  8.254803595541083E-002 -7.469357014479494E-004  0.000000000000000E+000
   2.47945158154771     
  0.388443975093159       0.118340734081514       0.000000000000000E+000
 -0.903538205761379       4.134497451841841E-003 -1.054697714949782E-004
  0.000000000000000E+000  4.239967223336819E-003   1.00002923965466     
  7.697801826521029E-002 -1.870461938110453E-003  0.000000000000000E+000
   2.39393717139550     
  0.402674927308451       0.117876042855627       0.000000000000000E+000
 -0.870752261862208       3.947060502422749E-003 -1.504501667711418E-004
  0.000000000000000E+000  4.097510669193891E-003   1.00002911438387     
  7.344418824370748E-002 -2.747136044727831E-003  0.000000000000000E+000
   2.33814247366207     
  0.417024826793957       0.117250480630193       0.000000000000000E+000
 -0.834613110125701       3.839536704417023E-003 -1.851813981228901E-004
  0.000000000000000E+000  4.024718102539912E-003   1.00003025543889     
  7.140743102126781E-002 -3.416671661426406E-003  0.000000000000000E+000
   2.30545952139354     
  0.431473419276523       0.116486438727998       0.000000000000000E+000
 -0.807958294522678       3.773998655338030E-003 -2.161004998088878E-004
  0.000000000000000E+000  3.990099155146917E-003   1.00003039105547     
  7.015616521995147E-002 -3.996520861055540E-003  0.000000000000000E+000
   2.28520900723235     
  0.445999530522357       0.115590841704079       0.000000000000000E+000
 -0.786037199258544       3.718220944773356E-003 -2.452660285799480E-004
  0.000000000000000E+000  3.963486973353305E-003   1.00003009091359     
  6.908601426502531E-002 -4.537925108020898E-003  0.000000000000000E+000
   2.26778519242648     
  0.460581378532824       0.114565942490363       0.000000000000000E+000
 -0.767161122254038       3.662806092637339E-003 -2.729594282319413E-004
  0.000000000000000E+000  3.935765520869281E-003   1.00002963764072     
  6.802043918224721E-002 -5.049328780298529E-003  0.000000000000000E+000
   2.25031359514843     
  0.475196894420534       0.113414659712623       0.000000000000000E+000
 -0.749464055153794       3.604560797555614E-003 -2.989349407268957E-004
  0.000000000000000E+000  3.903495738282509E-003   1.00002934828361     
  6.690025921212461E-002 -5.527286619061244E-003  0.000000000000000E+000
   2.23180224782600     
  0.489823853955360       0.112140551511644       0.000000000000000E+000
 -0.732138105891408       3.542596967516485E-003 -3.230546364647533E-004
  0.000000000000000E+000  3.865651603981238E-003   1.00002935345194     
  6.570998363200378E-002 -5.969952531029075E-003  0.000000000000000E+000
   2.21197287932526     
  0.504440010627111       0.110747783062385       0.000000000000000E+000
 -0.715025601138905       3.477342964439559E-003 -3.452878695639984E-004
  0.000000000000000E+000  3.822630834003557E-003   1.00002964648037     
  6.445821435861844E-002 -6.377235403995761E-003  0.000000000000000E+000
   2.19093813418472     
  0.519023228609707       0.109241088340407       0.000000000000000E+000
 -0.697956022627295       3.410848775544286E-003 -3.657960106540229E-004
  0.000000000000000E+000  3.776644786198309E-003   1.00003026833648     
  6.318313544177755E-002 -6.752892662108297E-003  0.000000000000000E+000
   2.16931497894801     
  0.533551614012321       0.107625726758251       0.000000000000000E+000
 -0.680952914016189       3.345519490549989E-003 -3.848498512639008E-004
  0.000000000000000E+000  3.730369341813890E-003   1.00003113825632     
  6.192956345178829E-002 -7.101288509011096E-003  0.000000000000000E+000
   2.14785779406971     
  0.548003642835214       0.105907435350924       0.000000000000000E+000
 -0.665045345882163       3.280572495670631E-003 -4.027337561532817E-004
  0.000000000000000E+000  3.683306251823913E-003   1.00003208934079     
  6.068228784847349E-002 -7.426443526198293E-003  0.000000000000000E+000
   2.12629369313483     
  0.562357914367911       0.104089548332321       0.000000000000000E+000
 -0.649456612395170       3.216950652062758E-003 -4.201220543847222E-004
  0.000000000000000E+000  3.637072706447480E-003   1.00003326347668     
  5.945674902623006E-002 -7.743026274701243E-003  0.000000000000000E+000
   2.10488599658992     
  0.576593301183164       0.102174001558003       0.000000000000000E+000
 -0.630782473070440       3.160980957985971E-003 -4.367595547414408E-004
  0.000000000000000E+000  3.597740512727412E-003   1.00003511406366     
  5.837276795076560E-002 -8.047968383663919E-003  0.000000000000000E+000
   2.08579220994416     
  0.590691007540851       0.100175015366927       0.000000000000000E+000
 -0.611321147934859       3.115101149239627E-003 -4.526955688372881E-004
  0.000000000000000E+000  3.567796718076915E-003   1.00003730974446     
  5.747764512715393E-002 -8.338179707757853E-003  0.000000000000000E+000
   2.06992430926200     
  0.604632152620243       9.809968326704964E-002  0.000000000000000E+000
 -0.593502239946702       3.074778135127472E-003 -4.683153503828753E-004
  0.000000000000000E+000  3.543093485510348E-003   1.00003938884842     
  5.668573521283202E-002 -8.619781538364893E-003  0.000000000000000E+000
   2.05580131571244     
  0.618398767356870       9.595530459748400E-002  0.000000000000000E+000
 -0.575909664845994       3.036575389144298E-003 -4.832031865994849E-004
  0.000000000000000E+000  3.519778575743782E-003   1.00004153640925     
  5.593334527052563E-002 -8.887238351281881E-003  0.000000000000000E+000
   2.04230188270273     
  0.631973875204954       9.374932557357482E-002  0.000000000000000E+000
 -0.558290948197055       3.000644385949649E-003 -4.974417454769033E-004
  0.000000000000000E+000  3.498086131426552E-003   1.00004378985303     
  5.522328174374568E-002 -9.142349093439152E-003  0.000000000000000E+000
   2.02948958192593     
  0.645341561711325       9.148928086499748E-002  0.000000000000000E+000
 -0.540778437321705       2.967304038799953E-003 -5.111448696543290E-004
  0.000000000000000E+000  3.478448908454282E-003   1.00004609676380     
  5.456147171538302E-002 -9.387137712153477E-003  0.000000000000000E+000
   2.01748584108862     
  0.658487032460470       8.918273632689959E-002  0.000000000000000E+000
 -0.523494452802879       2.936609282998425E-003 -5.243855651593486E-004
  0.000000000000000E+000  3.460994848157774E-003   1.00004845042486     
  5.394898007840888E-002 -9.622798246541038E-003  0.000000000000000E+000
   2.00632361131207     
  0.671396659147174       8.683723345429874E-002  0.000000000000000E+000
 -0.506709046308742       2.908372733468872E-003 -5.372453817765668E-004
  0.000000000000000E+000  3.445618115245439E-003   1.00005071192362     
  5.338230766506817E-002 -9.850270146844989E-003  0.000000000000000E+000
   1.99594900920841     
  0.684057926817920       8.445978176828073E-002  0.000000000000000E+000
 -0.492903909025245       2.874819482142724E-003 -5.498825211620780E-004
  0.000000000000000E+000  3.424702003304803E-003   1.00005251740008     
  5.271412373466891E-002 -1.006725735303373E-002  0.000000000000000E+000
   1.98358318345357     
  0.696457009756855       8.204455059641663E-002  0.000000000000000E+000
 -0.476047102856683       2.829978214783398E-003 -5.593357814449028E-004
  0.000000000000000E+000  3.389313996228301E-003   1.00005496782251     
  5.183989547807655E-002 -1.022755274195447E-002  0.000000000000000E+000
   1.96723723109884     
  0.708586470077838       7.961241839177066E-002  0.000000000000000E+000
 -0.456117044610664       2.784596476629984E-003 -5.660553546284669E-004
  0.000000000000000E+000  3.350651831258451E-003   1.00005796017581     
  5.096201076776201E-002 -1.034338426823482E-002  0.000000000000000E+000
   1.95069705309145     
  0.720437589293776       7.717038565345311E-002  0.000000000000000E+000
 -0.438899267851184       2.745035905966875E-003 -5.729885327725917E-004
  0.000000000000000E+000  3.318024438739466E-003   1.00006046382070     
  5.019231149931062E-002 -1.046177879965970E-002  0.000000000000000E+000
   1.93608411587165     
  0.732002874789943       7.472519948394538E-002  0.000000000000000E+000
 -0.422029165673848       2.708387386643851E-003 -5.796271570948265E-004
  0.000000000000000E+000  3.288014543738677E-003   1.00006293031321     
  4.947734157752315E-002 -1.057432429956192E-002  0.000000000000000E+000
   1.92240966066731     
  0.743276039700671       7.228331675834701E-002  0.000000000000000E+000
 -0.405725749217027       2.674267523659667E-003 -5.862127597676180E-004
  0.000000000000000E+000  3.260480283427286E-003   1.00006526829688     
  4.880937334162642E-002 -1.068470887675786E-002  0.000000000000000E+000
   1.90954385414360     
  0.754251516276834       6.984883772104880E-002  0.000000000000000E+000
 -0.392655730482829       2.633818461585034E-003 -5.924034290002990E-004
  0.000000000000000E+000  3.226221890585333E-003   1.00006704601765     
  4.802180927386485E-002 -1.078000949621545E-002  0.000000000000000E+000
   1.89419501136850     
  0.764922479079319       6.741537439328085E-002  0.000000000000000E+000
 -0.377192232690732       2.583487577247554E-003 -5.951468791888070E-004
  0.000000000000000E+000  3.178634456436361E-003   1.00006929998288     
  4.705600260011533E-002 -1.081816165123544E-002  0.000000000000000E+000
   1.87518911333074     
  0.775289286491162       6.500305435059497E-002  0.000000000000000E+000
 -0.358197894277964       2.540769091647313E-003 -5.968905207545861E-004
  0.000000000000000E+000  3.137659612401900E-003   1.00007216720368     
  4.623665506892650E-002 -1.084788724919246E-002  0.000000000000000E+000
   1.85896816077540     
  0.785350147713937       6.261697999386603E-002  0.000000000000000E+000
 -0.340481240868712       2.513831807434569E-003 -6.015653508842713E-004
  0.000000000000000E+000  3.115397158318840E-003   1.00007479856029     
  4.570739760709421E-002 -1.092701663264389E-002  0.000000000000000E+000
   1.84845217784150     
  0.795104265278641       6.026184502753028E-002  0.000000000000000E+000
 -0.327180981796118       2.484992925482842E-003 -6.066197496313260E-004
  0.000000000000000E+000  3.091612675114168E-003   1.00007667865622     
  4.514129411614620E-002 -1.100208223415419E-002  0.000000000000000E+000
   1.83707045774557     
  0.804549046001778       5.793099190110072E-002  0.000000000000000E+000
 -0.314725525805898       2.442539845877175E-003 -6.084510233555228E-004
  0.000000000000000E+000  3.050990869232698E-003   1.00007843291181     
  4.432581876432845E-002 -1.101941118603528E-002  0.000000000000000E+000
   1.82050126891829     
  0.813686640280770       5.563348310234283E-002  0.000000000000000E+000
 -0.297630068250101       2.403958295997205E-003 -6.089079626800915E-004
  0.000000000000000E+000  3.012866258677296E-003   1.00008100238458     
  4.358618759154246E-002 -1.102664088245013E-002  0.000000000000000E+000
   1.80541341325259     
  0.822520515931278       5.337940905212880E-002  0.000000000000000E+000
 -0.279005521653744       2.386643498154916E-003 -6.132117127128639E-004
  0.000000000000000E+000  2.999855210867779E-003   1.00008384492724     
  4.323799509567793E-002 -1.110443013786676E-002  0.000000000000000E+000
   1.79835062890014     
  0.831053279521718       5.117184391432711E-002  0.000000000000000E+000
 -0.267231281352679       2.370698439870332E-003 -6.197473736004786E-004
  0.000000000000000E+000  2.990445813470811E-003   1.00008550734397     
  4.290992775122129E-002 -1.120334878877115E-002  0.000000000000000E+000
   1.79158266458916     
  0.839284046798224       4.899781436490785E-002  0.000000000000000E+000
 -0.255253956225943       2.335457386829908E-003 -6.208257004145511E-004
  0.000000000000000E+000  2.956283087244459E-003   1.00008727323325     
  4.223277813900337E-002 -1.120560919858791E-002  0.000000000000000E+000
   1.77745878324969     
  0.847220555042184       4.687458431648927E-002  0.000000000000000E+000
 -0.235491422325140       2.302314855863681E-003 -6.193676577467000E-004
  0.000000000000000E+000  2.921682513610381E-003   1.00009038823588     
  4.160347346212262E-002 -1.117762879364432E-002  0.000000000000000E+000
   1.76430510772700     
  0.854867769317858       4.480585355348144E-002  0.000000000000000E+000
 -0.221882397015861       2.275233355225013E-003 -6.205714928949988E-004
  0.000000000000000E+000  2.895804848120012E-003   1.00009239251488     
  4.108128309874645E-002 -1.118552438702864E-002  0.000000000000000E+000
   1.75327192567664     
  0.862227574961843       4.278197553576788E-002  0.000000000000000E+000
 -0.210801625125669       2.234325474172930E-003 -6.183281799342239E-004
  0.000000000000000E+000  2.852653654107154E-003   1.00009398402377     
  4.030819147686465E-002 -1.112632176782083E-002  0.000000000000000E+000
   1.73673606696089     
  0.869306984750208       4.081036494176526E-002  0.000000000000000E+000
 -0.193412520658512       2.189621336799659E-003 -6.124751121729625E-004
  0.000000000000000E+000  2.802096448972621E-003   1.00009665517538     
  3.947512422853423E-002 -1.101452194261665E-002  0.000000000000000E+000
   1.71878893234601     
  0.876113524273209       3.889811052339501E-002  0.000000000000000E+000
 -0.180688993216336       2.148439816864877E-003 -6.081948016344953E-004
  0.000000000000000E+000  2.756634618499372E-003   1.00009847011169     
  3.870304557496500E-002 -1.092775523793248E-002  0.000000000000000E+000
   1.70197548734713     
  0.882649869949307       3.703368575641169E-002  0.000000000000000E+000
 -0.171366793153993       2.109131334845684E-003 -6.045742773768248E-004
  0.000000000000000E+000  2.713705612222509E-003   1.00009969494099     
  3.796125779097986E-002 -1.085913575813594E-002  0.000000000000000E+000
   1.68569722532827     
  0.888924831087416       3.522611387352755E-002  0.000000000000000E+000
 -0.154814275961598       2.086832012881666E-003 -6.032791683269067E-004
  0.000000000000000E+000  2.690111181208572E-003   1.00010217641752     
  3.753505437997967E-002 -1.084295495030832E-002  0.000000000000000E+000
   1.67636933607645     
  0.894946141762811       3.347918774144930E-002  0.000000000000000E+000
 -0.144312312195098       2.071082350934138E-003 -6.055989032554940E-004
  0.000000000000000E+000  2.676681254189632E-003   1.00010364106988     
  3.722454656706140E-002 -1.086727219733150E-002  0.000000000000000E+000
   1.66944191737927     
  0.900716477088310       3.177866893172925E-002  0.000000000000000E+000
 -0.132612740488639       2.036628967886484E-003 -6.017534771796193E-004
  0.000000000000000E+000  2.638382445066104E-003   1.00010534666541     
  3.658195294441371E-002 -1.077610386716314E-002  0.000000000000000E+000
   1.65493953152010     
  0.906247468045366       3.014017748049783E-002  0.000000000000000E+000
 -0.117691290049834       1.990104184272860E-003 -5.926675901647174E-004
  0.000000000000000E+000  2.582771774437577E-003   1.00010760807478     
  3.572824968846861E-002 -1.060149829944302E-002  0.000000000000000E+000
   1.63554298276931     
  0.911543655973359       2.855457872398600E-002  0.000000000000000E+000
 -0.109073594908523       1.943687503057727E-003 -5.844447542545897E-004
  0.000000000000000E+000  2.528132257312316E-003   1.00010881020416     
  3.486993890253794E-002 -1.044725194423025E-002  0.000000000000000E+000
   1.61583754543208     
  0.916612892154485       2.702366676737863E-002  0.000000000000000E+000
 -9.594711308682236E-002  1.905229152751883E-003 -5.770397528950033E-004
  0.000000000000000E+000  2.482268905646887E-003   1.00011076963372     
  3.415961579796993E-002 -1.031662629390107E-002  0.000000000000000E+000
   1.59940205467941     
  0.921463494423029       2.555029530093469E-002  0.000000000000000E+000
 -8.635780526060444E-002  1.869357955787058E-003 -5.710995502352759E-004
  0.000000000000000E+000  2.440457506022334E-003   1.00011209773452     
  3.349677931280329E-002 -1.019592562863695E-002  0.000000000000000E+000
   1.58380958284471     
  0.926100214920753       2.412556976570594E-002  0.000000000000000E+000
 -7.518858242792703E-002  1.826525557002627E-003 -5.619430216942591E-004
  0.000000000000000E+000  2.388468578696886E-003   1.00011363346064     
  3.271337852983571E-002 -1.002096136751996E-002  0.000000000000000E+000
   1.56518021578885     
  0.930533728209394       2.275982291870194E-002  0.000000000000000E+000
 -6.559900014258346E-002  1.779598396280666E-003 -5.516420779668011E-004
  0.000000000000000E+000  2.331240474247467E-003   1.00011489367426     
  3.185644275597298E-002 -9.824904547453221E-003  0.000000000000000E+000
   1.54454714569272     
  0.934767263589124       2.143929465905546E-002  0.000000000000000E+000
 -5.630535043542295E-002  1.732029660448738E-003 -5.407632447609757E-004
  0.000000000000000E+000  2.272792905209714E-003   1.00011619056720     
  3.098642258950694E-002 -9.627353838520002E-003  0.000000000000000E+000
   1.52335942342816     
  0.938811787298329       2.017532686980616E-002  0.000000000000000E+000
 -4.539679757408521E-002  1.690815568611561E-003 -5.311014961480782E-004
  0.000000000000000E+000  2.221917064759639E-003   1.00011776651050     
  3.023288491161231E-002 -9.456843954847444E-003  0.000000000000000E+000
   1.50481633179716     
  0.942671223445317       1.895684736696353E-002  0.000000000000000E+000
 -3.579612614521466E-002  1.656905901024301E-003 -5.237716662537100E-004
  0.000000000000000E+000  2.180677567278011E-003   1.00011907032824     
  2.960987019502709E-002 -9.325014538951650E-003  0.000000000000000E+000
   1.48929285252740     
  0.946355060862811       1.779083441290907E-002  0.000000000000000E+000
 -2.562438395875688E-002  1.627785407216910E-003 -5.174880775738023E-004
  0.000000000000000E+000  2.145273484790712E-003   1.00012045172087     
  2.907507720444852E-002 -9.212277666999748E-003  0.000000000000000E+000
   1.47585118500151     
  0.949867926602981       1.666915774305359E-002  0.000000000000000E+000
 -1.673212230252830E-002  1.602705189666630E-003 -5.123806053095068E-004
  0.000000000000000E+000  2.115085794976137E-003   1.00012158910148     
  2.861308184105533E-002 -9.118520636049458E-003  0.000000000000000E+000
   1.46412187262995     
  0.953218437815019       1.559667123856959E-002  0.000000000000000E+000
 -8.120066639548895E-003  1.580502178509115E-003 -5.079547217720411E-004
  0.000000000000000E+000  2.088456900281156E-003   1.00012267129396     
  2.820354693135471E-002 -9.038215734500265E-003  0.000000000000000E+000
   1.45366388756130     
  0.956411300581948       1.456637329918481E-002  0.000000000000000E+000
  6.051993530036270E-004  1.562533769069289E-003 -5.046596367983835E-004
  0.000000000000000E+000  2.067193405867673E-003   1.00012376175278     
  2.786933289118820E-002 -8.981140739163524E-003  0.000000000000000E+000
   1.44509757598014     
  0.959454686078606       1.358253981383462E-002  0.000000000000000E+000
  9.040653625561390E-003  1.549488770583491E-003 -5.029004083160308E-004
  0.000000000000000E+000  2.052389178899521E-003   1.00012482703152     
  2.762340928902135E-002 -8.951567237399979E-003  0.000000000000000E+000
   1.43878884765648     
  0.962352958592379       1.263811973746066E-002  0.000000000000000E+000
  1.780517505790158E-002  1.541634377694261E-003 -5.025184851775756E-004
  0.000000000000000E+000  2.044152862871837E-003   1.00012596240473     
  2.747048709536680E-002 -8.948725655485438E-003  0.000000000000000E+000
   1.43488760886648     
  0.965114107571897       1.173776400680617E-002  0.000000000000000E+000
  2.625924731273699E-002  1.538285288188405E-003 -5.036939394172399E-004
  0.000000000000000E+000  2.041979227605645E-003   1.00012709230695     
  2.739855267868489E-002 -8.970929495577510E-003  0.000000000000000E+000
   1.43308292826365     
  0.967741912691418       1.087372884708337E-002  0.000000000000000E+000
  3.453197990052104E-002  1.537808182118042E-003 -5.056336815706555E-004
  0.000000000000000E+000  2.043441863688697E-003   1.00012821329440     
  2.737845112083880E-002 -9.005827785802230E-003  0.000000000000000E+000
   1.43261037322021     
  0.970244136213279       1.005098553011847E-002  0.000000000000000E+000
  4.265575431759316E-002  1.539690491526739E-003 -5.081636391181960E-004
  0.000000000000000E+000  2.047854130644935E-003   1.00012927322268     
  2.740165064201860E-002 -9.051907597445778E-003  0.000000000000000E+000
   1.43328408687728     
  0.972624391238569       9.262435230447409E-003  0.000000000000000E+000
  4.962890019191946E-002  1.543346858811770E-003 -5.114728865324447E-004
  0.000000000000000E+000  2.054819745344215E-003   1.00013011189810     
  2.745510548007876E-002 -9.110635490293929E-003  0.000000000000000E+000
   1.43472951375257     
  0.974889567082758       8.511464795911611E-003  0.000000000000000E+000
  5.743894278930384E-002  1.550279158144374E-003 -5.153056854933517E-004
  0.000000000000000E+000  2.065584843637725E-003   1.00013103368249     
  2.756805223577758E-002 -9.185949051523824E-003  0.000000000000000E+000
   1.43778782398454     
  0.977043743041470       7.793543921573009E-003  0.000000000000000E+000
  6.360420229248120E-002  1.561659087401110E-003 -5.210356725126369E-004
  0.000000000000000E+000  2.082694759913747E-003   1.00013164466972     
  2.775801191501339E-002 -9.292801960858320E-003  0.000000000000000E+000
   1.44282335564847     
  0.979092499624146       7.109213951586838E-003  0.000000000000000E+000
  7.077920477354382E-002  1.578315658831621E-003 -5.279959835556915E-004
  0.000000000000000E+000  2.106311642387312E-003   1.00013237314737     
  2.804234524663076E-002 -9.429485859578946E-003  0.000000000000000E+000
   1.45034654724027     
  0.981040412003663       6.456571309978007E-003  0.000000000000000E+000
  7.645382758641972E-002  1.602293732024519E-003 -5.378269238510517E-004
  0.000000000000000E+000  2.140120655875571E-003   1.00013285882897     
  2.845407582515406E-002 -9.617660029066321E-003  0.000000000000000E+000
   1.46111410595280     
  0.982891947157505       5.833935565282952E-003  0.000000000000000E+000
  8.332798813239606E-002  1.636222581090661E-003 -5.505560787610870E-004
  0.000000000000000E+000  2.186778659851748E-003   1.00013355796899     
  2.904032256418339E-002 -9.871530414371710E-003  0.000000000000000E+000
   1.47635498649551     
  0.984651967760095       5.241361940622983E-003  0.000000000000000E+000
  8.930352645961648E-002  1.684274729864426E-003 -5.684250461003780E-004
  0.000000000000000E+000  2.252699775964804E-003   1.00013415937943     
  2.987207219925979E-002 -1.022635498110666E-002  0.000000000000000E+000
   1.49769382239877     
  0.986324073484050       4.675688102940933E-003  0.000000000000000E+000
  9.647389878659851E-002  1.751680545285741E-003 -5.925883532914236E-004
  0.000000000000000E+000  2.344268898577165E-003   1.00013498081939     
  3.104059915010052E-002 -1.071659486732251E-002  0.000000000000000E+000
   1.52721545770731     
  0.987913151962970       4.138102405654422E-003  0.000000000000000E+000
  0.103524506607982       1.847682275174611E-003 -6.266504560194634E-004
  0.000000000000000E+000  2.474332731194074E-003   1.00013584670470     
  3.270542901904125E-002 -1.141348047421878E-002  0.000000000000000E+000
   1.56836159030309     
  0.989422284346865       3.624972708483789E-003  0.000000000000000E+000
  0.110493024167454       1.982201283669720E-003 -6.740340947893745E-004
  0.000000000000000E+000  2.656235378459095E-003   1.00013678431495     
  3.503965690294387E-002 -1.238291594420886E-002  0.000000000000000E+000
   1.62428004116926     
  0.990855986116638       3.137404434411224E-003  0.000000000000000E+000
  0.117700549853680       2.167456488881235E-003 -7.383957817250001E-004
  0.000000000000000E+000  2.905852270606235E-003   1.00013779874075     
  3.825826305862796E-002 -1.370703751997413E-002  0.000000000000000E+000
   1.69840787555317     
  0.992217346477003       2.672802303082331E-003  0.000000000000000E+000
  0.123780904964633       2.416950344314080E-003 -8.252402867170448E-004
  0.000000000000000E+000  3.242190631031125E-003   1.00013870966868     
  4.259440746002569E-002 -1.548359430892619E-002  0.000000000000000E+000
   1.79337652708126     
  0.993510174322061       2.231164727309214E-003  0.000000000000000E+000
  0.129947031381562       2.745251758417503E-003 -9.390591044717682E-004
  0.000000000000000E+000  3.684310862889271E-003   1.00013952814103     
  4.830255583342950E-002 -1.781469571863183E-002  0.000000000000000E+000
   1.91123836431261     
  0.994737525725376       1.810755225233402E-003  0.000000000000000E+000
  0.138915945104827       3.178664353209460E-003 -1.089348687510517E-003
  0.000000000000000E+000  4.268013040719977E-003   1.00014031236834     
  5.582521521903291E-002 -2.092825596940588E-002  0.000000000000000E+000
   2.05653981688255     
  0.995902771433444       1.411209649882540E-003  0.000000000000000E+000
  0.139060590856616       3.738902923725208E-003 -1.283650503226694E-003
  0.000000000000000E+000  5.022553426951902E-003   1.00014046600275     
  6.556609754462817E-002 -2.490337383285577E-002  0.000000000000000E+000
   2.23037482961946     
  0.997008737262081       1.031015434896345E-003  0.000000000000000E+000
  0.127037301091377       4.392766964442241E-003 -1.510838764117730E-003
  0.000000000000000E+000  5.903605728559971E-003   1.00014076914643     
  7.701917693911121E-002 -2.929536055637271E-002  0.000000000000000E+000
   2.41733354729448     
  0.998058487802895       6.697802340236996E-004  0.000000000000000E+000
  0.122460859339753       5.057624932499126E-003 -1.741881685427587E-003
  0.000000000000000E+000  6.799506617926713E-003   1.00014243286360     
  8.879177251573381E-002 -3.339368436652719E-002  0.000000000000000E+000
   2.59350323211312     
  0.999054695653817       3.263822780710836E-004  0.000000000000000E+000
  7.942889319770075E-002  5.649146483953723E-003 -1.948858716703362E-003
  0.000000000000000E+000  7.598005200657085E-003   1.00013884315203     
  9.936876025718200E-002 -3.674234295499805E-002  0.000000000000000E+000
   2.74053169863702     
   1.00000000000000      -1.665324653670056E-017  0.000000000000000E+000
  0.198010901762245       6.409648268518365E-003 -1.134208119322199E-003
  0.000000000000000E+000  7.543856387840563E-003   1.00015939668712     
  0.112938795843246      -5.894962613857932E-002  0.000000000000000E+000
   3.07952739993961     
