 variables = "X","Y","Z","Cp","Cfx","Cfy","Cfz","Cf","T","u","v","w","yplus"
 zone i=         151
   1.00000000000000       1.665324653670056E-017  0.000000000000000E+000
  0.219494081006133       7.812209513383970E-003 -2.140916421047016E-004
  0.000000000000000E+000  8.026301155488672E-003   1.00019629216094     
  0.147533480362806      -3.399628893879109E-002  0.000000000000000E+000
   3.39106142627744     
  0.999001425599671       5.447267690042997E-005  0.000000000000000E+000
  0.176166231194202       7.169105826072898E-003 -3.905063059127351E-004
  0.000000000000000E+000  7.559612131985633E-003   1.00019671207676     
  0.134357299066678      -4.673290036404177E-003  0.000000000000000E+000
   3.17277385389309     
  0.997949997818270       1.116616879644300E-004  0.000000000000000E+000
  0.189433292801596       6.631475695449578E-003 -3.600928301408109E-004
  0.000000000000000E+000  6.991568525590389E-003   1.00019685919995     
  0.124268512737060      -4.557988913906822E-003  0.000000000000000E+000
   3.05146132640179     
  0.996843037128316       1.716701774105140E-004  0.000000000000000E+000
  0.196453834864769       6.170388839625266E-003 -3.341063219485715E-004
  0.000000000000000E+000  6.504495161573838E-003   1.00019655730300     
  0.115613034905109      -4.518200867275168E-003  0.000000000000000E+000
   2.94343006271793     
  0.995677746198344       2.346938777538863E-004  0.000000000000000E+000
  0.201480840172053       5.785753968132590E-003 -3.123534612448393E-004
  0.000000000000000E+000  6.098107429377430E-003   1.00019606296028     
  0.108393442761332      -4.473311390277167E-003  0.000000000000000E+000
   2.85019169918997     
  0.994451193364049       3.007928008083059E-004  0.000000000000000E+000
  0.206201559527244       5.465746825490613E-003 -2.940272155965978E-004
  0.000000000000000E+000  5.759774041087211E-003   1.00019571980006     
  0.102387717605952      -4.421576870227957E-003  0.000000000000000E+000
   2.77024060089919     
  0.993160320569400       3.701124539357903E-004  0.000000000000000E+000
  0.210137031826434       5.202086214077236E-003 -2.789058865406591E-004
  0.000000000000000E+000  5.480992100617895E-003   1.00019540612669     
  9.743937932249568E-002 -4.382377741758314E-003  0.000000000000000E+000
   2.70259606246854     
  0.991801936040528       4.428260084685768E-004  0.000000000000000E+000
  0.212528816162603       4.989639760696450E-003 -2.665085600335771E-004
  0.000000000000000E+000  5.256148320730027E-003   1.00019497834764     
  9.345203490372309E-002 -4.355660690601504E-003  0.000000000000000E+000
   2.64684068141669     
  0.990372703239448       5.189985854962523E-004  0.000000000000000E+000
  0.213705385387811       4.822778445498407E-003 -2.565471900500422E-004
  0.000000000000000E+000  5.079325635548449E-003   1.00019454397612     
  9.032030199461102E-002 -4.335281139829882E-003  0.000000000000000E+000
   2.60221820853910     
  0.988869149734546       5.988289370959963E-004  0.000000000000000E+000
  0.214499990331433       4.694623191963107E-003 -2.487527334463407E-004
  0.000000000000000E+000  4.943375925409448E-003   1.00019430904327     
  8.791506501538290E-002 -4.320259852279161E-003  0.000000000000000E+000
   2.56742537234971     
  0.987287653567351       6.824581442352054E-004  0.000000000000000E+000
  0.213840538020349       4.599189173164885E-003 -2.425218557028960E-004
  0.000000000000000E+000  4.841711028867782E-003   1.00019402179283     
  8.612410453912223E-002 -4.307535569940665E-003  0.000000000000000E+000
   2.54121523598944     
  0.985624436699843       7.699165229630898E-004  0.000000000000000E+000
  0.214317388300060       4.529916159133702E-003 -2.378879633050158E-004
  0.000000000000000E+000  4.767804122438718E-003   1.00019382617417     
  8.482445508165667E-002 -4.292933579615771E-003  0.000000000000000E+000
   2.52202446122868     
  0.983875589210279       8.616377525778661E-004  0.000000000000000E+000
  0.214663344685732       4.481216164528402E-003 -2.340141113236235E-004
  0.000000000000000E+000  4.715230275852025E-003   1.00019372255261     
  8.391109526415122E-002 -4.278515469060562E-003  0.000000000000000E+000
   2.50845729142167     
  0.982037001885699       9.572376115019621E-004  0.000000000000000E+000
  0.214059707651359       4.450851422628344E-003 -2.314011159391581E-004
  0.000000000000000E+000  4.682252538567503E-003   1.00019376488367     
  8.334123465524068E-002 -4.278163625183643E-003  0.000000000000000E+000
   2.49996490869445     
  0.980104478202655       1.057699935824212E-003  0.000000000000000E+000
  0.212499885432180       4.435865304303129E-003 -2.291451581883337E-004
  0.000000000000000E+000  4.665010462491463E-003   1.00019372923984     
  8.306056792026614E-002 -4.270370847535199E-003  0.000000000000000E+000
   2.49578169697874     
  0.978073553669464       1.161948348956863E-003  0.000000000000000E+000
  0.210813136287697       4.431143561677910E-003 -2.274511300630072E-004
  0.000000000000000E+000  4.658594691740917E-003   1.00019372737946     
  8.297289990929324E-002 -4.256151390143452E-003  0.000000000000000E+000
   2.49448016440587     
  0.975939733923639       1.271478426898274E-003  0.000000000000000E+000
  0.209567346518497       4.431941761172493E-003 -2.261515411435050E-004
  0.000000000000000E+000  4.658093302315998E-003   1.00019379842757     
  8.298902108874109E-002 -4.240193561508109E-003  0.000000000000000E+000
   2.49473257095020     
  0.973698227034776       1.385180156087390E-003  0.000000000000000E+000
  0.208095855702823       4.438056767491932E-003 -2.248089039947152E-004
  0.000000000000000E+000  4.662865671486647E-003   1.00019376030294     
  8.310470835932940E-002 -4.228623107015138E-003  0.000000000000000E+000
   2.49648431855582     
  0.971344194597081       1.504258504303337E-003  0.000000000000000E+000
  0.207439982797268       4.451024519676887E-003 -2.239952824913933E-004
  0.000000000000000E+000  4.675019802168280E-003   1.00019376328030     
  8.334862890993935E-002 -4.226290136487803E-003  0.000000000000000E+000
   2.50015955851844     
  0.968872537262536       1.628001624485897E-003  0.000000000000000E+000
  0.206355026768733       4.471787352484353E-003 -2.231909608435005E-004
  0.000000000000000E+000  4.694978313327853E-003   1.00019361994198     
  8.373881172643610E-002 -4.225576823549576E-003  0.000000000000000E+000
   2.50601965267979     
  0.966278062333970       1.757096938973359E-003  0.000000000000000E+000
  0.205976193714605       4.500543376192812E-003 -2.229450010138531E-004
  0.000000000000000E+000  4.723488377206666E-003   1.00019355030686     
  8.427872476209411E-002 -4.231939656338358E-003  0.000000000000000E+000
   2.51409854770932     
  0.963555373647426       1.891373763395130E-003  0.000000000000000E+000
  0.205376150310258       4.536577805889307E-003 -2.226659770835337E-004
  0.000000000000000E+000  4.759243782972840E-003   1.00019342825931     
  8.495540883148063E-002 -4.235982981730670E-003  0.000000000000000E+000
   2.52418289738828     
  0.960698927782761       2.030904889090778E-003  0.000000000000000E+000
  0.205225312600305       4.576269994935779E-003 -2.226613176323980E-004
  0.000000000000000E+000  4.798931312568176E-003   1.00019339701699     
  8.570106959765642E-002 -4.233664647669937E-003  0.000000000000000E+000
   2.53523948310620     
  0.957703044267799       2.176098169407578E-003  0.000000000000000E+000
  0.204744347273845       4.613409681762763E-003 -2.221746038876476E-004
  0.000000000000000E+000  4.835584285650411E-003   1.00019334519343     
  8.639968789615603E-002 -4.213753353951208E-003  0.000000000000000E+000
   2.54554930258207     
  0.954561846157195       2.326415247496387E-003  0.000000000000000E+000
  0.204536584971947       4.645446554257344E-003 -2.214429905503910E-004
  0.000000000000000E+000  4.866889544807735E-003   1.00019338465294     
  8.700264998003271E-002 -4.190449068258837E-003  0.000000000000000E+000
   2.55441487147037     
  0.951269384357213       2.482757904136671E-003  0.000000000000000E+000
  0.204239147972203       4.672810930095310E-003 -2.202235365774188E-004
  0.000000000000000E+000  4.893034466672729E-003   1.00019343138615     
  8.751827008206745E-002 -4.159749785397098E-003  0.000000000000000E+000
   2.56197363818940     
  0.947819482538107       2.644120805717701E-003  0.000000000000000E+000
  0.204016363816436       4.696059010663126E-003 -2.186819073933563E-004
  0.000000000000000E+000  4.914740918056482E-003   1.00019347729545     
  8.795681666910432E-002 -4.124250950880449E-003  0.000000000000000E+000
   2.56838620464171     
  0.944205942257812       2.811651156899837E-003  0.000000000000000E+000
  0.203992588159736       4.715456032105661E-003 -2.168327625545364E-004
  0.000000000000000E+000  4.932288794660197E-003   1.00019354307572     
  8.832332164504780E-002 -4.083676951240817E-003  0.000000000000000E+000
   2.57373474893340     
  0.940422342196095       2.984205242399509E-003  0.000000000000000E+000
  0.203757442355482       4.731426594635305E-003 -2.145301317333361E-004
  0.000000000000000E+000  4.945956726368641E-003   1.00019355942998     
  8.862580679685468E-002 -4.035996802024423E-003  0.000000000000000E+000
   2.57814222533308     
  0.936462258150449       3.162718150678633E-003  0.000000000000000E+000
  0.204124245706453       4.744097553168458E-003 -2.121260677116990E-004
  0.000000000000000E+000  4.956223620880157E-003   1.00019368125589     
  8.886644022717241E-002 -3.986258476761739E-003  0.000000000000000E+000
   2.58164471299028     
  0.932319101600151       3.346467535361265E-003  0.000000000000000E+000
  0.203987786838525       4.753903535514908E-003 -2.090964860035832E-004
  0.000000000000000E+000  4.963000021518491E-003   1.00019369810419     
  8.905371711073264E-002 -3.926652450174522E-003  0.000000000000000E+000
   2.58436966243057     
  0.927986251584928       3.535462227755561E-003  0.000000000000000E+000
  0.204714645082959       4.761199989772316E-003 -2.062156405275182E-004
  0.000000000000000E+000  4.967415630299834E-003   1.00019384814893     
  8.919375085106007E-002 -3.869435703783215E-003  0.000000000000000E+000
   2.58640740854846     
  0.923457056336885       3.730240913818279E-003  0.000000000000000E+000
  0.204378186918802       4.766606015479224E-003 -2.025247549102106E-004
  0.000000000000000E+000  4.969130770389435E-003   1.00019381397701     
  8.929885581853270E-002 -3.799217296322233E-003  0.000000000000000E+000
   2.58793883849128     
  0.918724734063985       3.928866629792209E-003  0.000000000000000E+000
  0.205429361649976       4.770300917434871E-003 -1.992593448141355E-004
  0.000000000000000E+000  4.969560262249007E-003   1.00019401465815     
  8.937149531683328E-002 -3.735574137685094E-003  0.000000000000000E+000
   2.58899898150610     
  0.913782702004972       4.134308086652536E-003  0.000000000000000E+000
  0.205352142598031       4.773100271165803E-003 -1.949728338646802E-004
  0.000000000000000E+000  4.968073105030483E-003   1.00019400389097     
  8.942799100815788E-002 -3.655953535179221E-003  0.000000000000000E+000
   2.58982704058961     
  0.908624062312831       4.341309162270438E-003  0.000000000000000E+000
  0.205089563125284       4.776161972166517E-003 -1.905750816383704E-004
  0.000000000000000E+000  4.966737053804887E-003   1.00019394567816     
  8.948943342654257E-002 -3.573505049438920E-003  0.000000000000000E+000
   2.59072569862795     
  0.903242385263693       4.554834075679027E-003  0.000000000000000E+000
  0.206568513749289       4.777453218228539E-003 -1.865710361079395E-004
  0.000000000000000E+000  4.964024254336478E-003   1.00019419236136     
  8.951742235091616E-002 -3.495627552514861E-003  0.000000000000000E+000
   2.59113981629331     
  0.897630946103148       4.770477692087010E-003  0.000000000000000E+000
  0.206363335911647       4.777754829775421E-003 -1.813368005340531E-004
  0.000000000000000E+000  4.959091630309474E-003   1.00019412382724     
  8.952750414778263E-002 -3.398613491419945E-003  0.000000000000000E+000
   2.59129605711925     
  0.891783373400719       4.989646083122509E-003  0.000000000000000E+000
  0.208538258719955       4.776796776439387E-003 -1.772262942540540E-004
  0.000000000000000E+000  4.954023070693441E-003   1.00019447598209     
  8.951319544133463E-002 -3.319136694816393E-003  0.000000000000000E+000
   2.59109882812871     
  0.885693421287334       5.213290243712273E-003  0.000000000000000E+000
  0.208312894472556       4.774549500659312E-003 -1.713752445237945E-004
  0.000000000000000E+000  4.945924745183107E-003   1.00019442193039     
  8.947569150219932E-002 -3.210517892140763E-003  0.000000000000000E+000
   2.59056648989584     
  0.879354799790459       5.435549238576376E-003  0.000000000000000E+000
  0.208019665338497       4.774430002388564E-003 -1.655526219108078E-004
  0.000000000000000E+000  4.939982624299372E-003   1.00019431200505     
  8.947794163572723E-002 -3.103141135266305E-003  0.000000000000000E+000
   2.59060995901247     
  0.872761850024891       5.661595916410732E-003  0.000000000000000E+000
  0.210741955299454       4.771779347303415E-003 -1.606423922359007E-004
  0.000000000000000E+000  4.932421739539316E-003   1.00019471947507     
  8.943218870888953E-002 -3.006858577096133E-003  0.000000000000000E+000
   2.58995712682198     
  0.865908887614107       5.888050303986711E-003  0.000000000000000E+000
  0.210440139777575       4.765344291837770E-003 -1.537453418609739E-004
  0.000000000000000E+000  4.919089633698743E-003   1.00019459194166     
  8.931638801970213E-002 -2.877582539054818E-003  0.000000000000000E+000
   2.58828958039584     
  0.858790596690845       6.112150921137999E-003  0.000000000000000E+000
  0.210770754017858       4.760311811087119E-003 -1.475038993891248E-004
  0.000000000000000E+000  4.907815710476244E-003   1.00019452755445     
  8.922630415598996E-002 -2.762048814755211E-003  0.000000000000000E+000
   2.58699493941532     
  0.851402232938537       6.337426796155764E-003  0.000000000000000E+000
  0.213202608368192       4.752705073551361E-003 -1.414170998252438E-004
  0.000000000000000E+000  4.894122173376605E-003   1.00019483475141     
  8.908780674040212E-002 -2.644372643726102E-003  0.000000000000000E+000
   2.58499580662276     
  0.843739242234269       6.559807874772471E-003  0.000000000000000E+000
  0.213079333627093       4.741474595032840E-003 -1.335009648305657E-004
  0.000000000000000E+000  4.874975559863406E-003   1.00019470443918     
  8.888199823880984E-002 -2.496072850795058E-003  0.000000000000000E+000
   2.58201708323044     
  0.835797614343686       6.776554441764220E-003  0.000000000000000E+000
  0.213291995691861       4.732215236678061E-003 -1.262571882500897E-004
  0.000000000000000E+000  4.858472424928151E-003   1.00019456581581     
  8.871255099507497E-002 -2.362207803868482E-003  0.000000000000000E+000
   2.57956455197811     
  0.827574033874230       6.990933322577417E-003  0.000000000000000E+000
  0.216188235551954       4.722009389922623E-003 -1.197915509246540E-004
  0.000000000000000E+000  4.841800940847277E-003   1.00019494172361     
  8.852483257110881E-002 -2.239217738536504E-003  0.000000000000000E+000
   2.57684307495247     
  0.819065622350018       7.200829533666883E-003  0.000000000000000E+000
  0.216247487704322       4.711392603087437E-003 -1.110844820148001E-004
  0.000000000000000E+000  4.822477085102237E-003   1.00019485650603     
  8.833001887231240E-002 -2.078337752086332E-003  0.000000000000000E+000
   2.57401330546426     
  0.810270040767068       7.398615321999188E-003  0.000000000000000E+000
  0.215702415562191       4.706257570255295E-003 -1.023935027397990E-004
  0.000000000000000E+000  4.808651072995094E-003   1.00019454076373     
  8.823771271821595E-002 -1.918426387050819E-003  0.000000000000000E+000
   2.57267482143929     
  0.801185958372473       7.589628713596443E-003  0.000000000000000E+000
  0.218029397935197       4.700913813542990E-003 -9.525296991224469E-005
  0.000000000000000E+000  4.796166783455235E-003   1.00019472920374     
  8.814068105925331E-002 -1.781945816147407E-003  0.000000000000000E+000
   2.57126575071020     
  0.791812627973472       7.772394067772765E-003  0.000000000000000E+000
  0.219936649956708       4.687766540593248E-003 -8.694570002486978E-005
  0.000000000000000E+000  4.774712240618118E-003   1.00019491362297     
  8.789736409084958E-002 -1.622145977725060E-003  0.000000000000000E+000
   2.56771740724018     
  0.782150065254686       7.942422822669317E-003  0.000000000000000E+000
  0.219547531700528       4.670645968992488E-003 -7.706931828252245E-005
  0.000000000000000E+000  4.747715287275011E-003   1.00019466812646     
  8.757948825734921E-002 -1.437426627830274E-003  0.000000000000000E+000
   2.56307088839013     
  0.772199185767239       8.095718475719276E-003  0.000000000000000E+000
  0.219110134396260       4.656460720913873E-003 -6.765690377105771E-005
  0.000000000000000E+000  4.724117624684931E-003   1.00019431129926     
  8.731607234556479E-002 -1.263205950757068E-003  0.000000000000000E+000
   2.55921352657034     
  0.761961923922881       8.235501917519613E-003  0.000000000000000E+000
  0.220504785574576       4.643340741890771E-003 -5.918195128125296E-005
  0.000000000000000E+000  4.702522693172024E-003   1.00019427961124     
  8.707199941982072E-002 -1.103474377018275E-003  0.000000000000000E+000
   2.55563279125206     
  0.751441078648974       8.360036325710233E-003  0.000000000000000E+000
  0.222732019892192       4.625434828553492E-003 -5.039457125539965E-005
  0.000000000000000E+000  4.675829399808891E-003   1.00019450963048     
  8.673777899891610E-002 -9.361855259035631E-004  0.000000000000000E+000
   2.55071920325147     
  0.740640446574066       8.467539394565621E-003  0.000000000000000E+000
  0.222897816234081       4.604873323005480E-003 -3.989837939719785E-005
  0.000000000000000E+000  4.644771702402677E-003   1.00019438292296     
  8.635335491107987E-002 -7.399998868540634E-004  0.000000000000000E+000
   2.54505074715200     
  0.729564815658738       8.549226778783900E-003  0.000000000000000E+000
  0.221820678887070       4.587861149311098E-003 -2.917012216067981E-005
  0.000000000000000E+000  4.617031271471778E-003   1.00019397980834     
  8.603490715103590E-002 -5.412238193398328E-004  0.000000000000000E+000
   2.54034081656803     
  0.718220157151689       8.609815858319162E-003  0.000000000000000E+000
  0.222487750269693       4.573397004690380E-003 -1.975094873370054E-005
  0.000000000000000E+000  4.593147953424081E-003   1.00019388808993     
  8.576339326498574E-002 -3.645558640441902E-004  0.000000000000000E+000
   2.53631233924467     
  0.706613454876314       8.648074977020741E-003  0.000000000000000E+000
  0.223336953374883       4.557908457101201E-003 -1.026085779767960E-005
  0.000000000000000E+000  4.568169314898881E-003   1.00019383492600     
  8.547157773148308E-002 -1.861209035473311E-004  0.000000000000000E+000
   2.53196594646300     
  0.694752788406665       8.662372544331720E-003  0.000000000000000E+000
  0.224413100048650       4.539650257958670E-003 -6.355861561444443E-007
  0.000000000000000E+000  4.540285844114814E-003   1.00019377811617     
  8.512661920119199E-002 -4.316994376901455E-006  0.000000000000000E+000
   2.52681126935138     
  0.682647343539202       8.651157664054129E-003  0.000000000000000E+000
  0.225230515918611       4.518545628761308E-003  9.568135945203286E-006
  0.000000000000000E+000  4.528113764706512E-003   1.00019372820247     
  8.472722036779073E-002  1.875385708926305E-004  0.000000000000000E+000
   2.52082641432201     
  0.670307422204054       8.610315629881678E-003  0.000000000000000E+000
  0.224434255457481       4.498571571391247E-003  2.042141530212856E-005
  0.000000000000000E+000  4.518992986693375E-003   1.00019341508095     
  8.434802570898990E-002  3.894513791791114E-004  0.000000000000000E+000
   2.51511992016239     
  0.657744432187388       8.537819516044324E-003  0.000000000000000E+000
  0.223380521815898       4.482105434834779E-003  3.074954363294776E-005
  0.000000000000000E+000  4.512854978467726E-003   1.00019299135223     
  8.403380575548927E-002  5.818785785563852E-004  0.000000000000000E+000
   2.51036544370498     
  0.644970813927204       8.436245338104848E-003  0.000000000000000E+000
  0.223256098193360       4.467069386941919E-003  4.040318179771272E-005
  0.000000000000000E+000  4.507472568739632E-003   1.00019272451467     
  8.374562457809721E-002  7.628016438261414E-004  0.000000000000000E+000
   2.50598576485931     
  0.632000051176599       8.304733450058579E-003  0.000000000000000E+000
  0.223085175431834       4.451669279933949E-003  4.999299090832000E-005
  0.000000000000000E+000  4.501662270842269E-003   1.00019244251840     
  8.344969272643582E-002  9.426116525068204E-004  0.000000000000000E+000
   2.50147424001779     
  0.618846621299056       8.142643113908310E-003  0.000000000000000E+000
  0.222788223423777       4.435676344838217E-003  5.947093043305291E-005
  0.000000000000000E+000  4.495147275271269E-003   1.00019211557184     
  8.314170557367132E-002  1.120343826726480E-003  0.000000000000000E+000
   2.49676502860457     
  0.605525942452643       7.949576021555563E-003  0.000000000000000E+000
  0.222491941518683       4.418895157129770E-003  6.878536932635804E-005
  0.000000000000000E+000  4.487680526456128E-003   1.00019180034098     
  8.281798724706319E-002  1.295102326404261E-003  0.000000000000000E+000
   2.49180124883640     
  0.592054310759683       7.725396929789890E-003  0.000000000000000E+000
  0.222639845228059       4.401290600395470E-003  7.799159006603919E-005
  0.000000000000000E+000  4.479282190461509E-003   1.00019158619301     
  8.247781409382218E-002  1.467638361789934E-003  0.000000000000000E+000
   2.48656966708575     
  0.578448841139469       7.469587338919363E-003  0.000000000000000E+000
  0.221635138730790       4.384806914181628E-003  8.751786705908348E-005
  0.000000000000000E+000  4.472324781240712E-003   1.00019105371055     
  8.215736133761524E-002  1.644767611715621E-003  0.000000000000000E+000
   2.48161179465633     
  0.564727426131715       7.179798545920949E-003  0.000000000000000E+000
  0.219901641849219       4.371756926009589E-003  9.663093987996238E-005
  0.000000000000000E+000  4.468387865889551E-003   1.00019030345407     
  8.190006204958897E-002  1.814048453930245E-003  0.000000000000000E+000
   2.47758440460291     
  0.550908452145140       6.860707846468249E-003  0.000000000000000E+000
  0.218895052655398       4.361091984525580E-003  1.048320047437416E-004
  0.000000000000000E+000  4.465923989269322E-003   1.00018967563694     
  8.168593995978894E-002  1.967049738682666E-003  0.000000000000000E+000
   2.47418179050678     
  0.537010910895377       6.513416561857800E-003  0.000000000000000E+000
  0.217797801924007       4.351400371831252E-003  1.126756198319396E-004
  0.000000000000000E+000  4.464075991663192E-003   1.00018896792537     
  8.148827588268800E-002  2.113243911626621E-003  0.000000000000000E+000
   2.47099905343266     
  0.523054228165777       6.139328491792367E-003  0.000000000000000E+000
  0.216847604672921       4.342626288070267E-003  1.201163257194142E-004
  0.000000000000000E+000  4.462742613789681E-003   1.00018820932524     
  8.130661061901105E-002  2.251820055356383E-003  0.000000000000000E+000
   2.46803823708708     
  0.509058155752480       5.740143054580419E-003  0.000000000000000E+000
  0.215983487401445       4.334910927689679E-003  1.271140928603302E-004
  0.000000000000000E+000  4.462025020550009E-003   1.00018737500448     
  8.114386898511522E-002  2.381838316783949E-003  0.000000000000000E+000
   2.46534769424954     
  0.495042659692362       5.317842972884984E-003  0.000000000000000E+000
  0.215089287917863       4.328805323331182E-003  1.336436410646090E-004
  0.000000000000000E+000  4.462448964395791E-003   1.00018645418218     
  8.101040936219699E-002  2.502918605264436E-003  0.000000000000000E+000
   2.46308546415409     
  0.481027806142041       4.874676585191666E-003  0.000000000000000E+000
  0.214400124998292       4.324287076571446E-003  1.396654084176705E-004
  0.000000000000000E+000  4.463952484989116E-003   1.00018556673364     
  8.090584539764682E-002  2.614566776578244E-003  0.000000000000000E+000
   2.46124660448256     
  0.467033646316841       4.413134998349662E-003  0.000000000000000E+000
  0.214254953292084       4.320879303377098E-003  1.451523926273121E-004
  0.000000000000000E+000  4.466031696004411E-003   1.00018472856712     
  8.082079494729438E-002  2.716169545132189E-003  0.000000000000000E+000
   2.45968168206262     
  0.453080108148714       3.935745123473622E-003  0.000000000000000E+000
  0.214081565199649       4.318918460913865E-003  1.502764943136546E-004
  0.000000000000000E+000  4.469194955227520E-003   1.00018380114590     
  8.076047993604221E-002  2.810562276384937E-003  0.000000000000000E+000
   2.45845478334249     
  0.439186917314490       3.444124449314979E-003  0.000000000000000E+000
  0.214635550620642       4.318596351636960E-003  1.546376051122695E-004
  0.000000000000000E+000  4.473233956749229E-003   1.00018261065308     
  8.072900930003893E-002  2.890977419383355E-003  0.000000000000000E+000
   2.45763394987185     
  0.425373323286012       2.943537917647252E-003  0.000000000000000E+000
  0.218049787107702       4.316110916681464E-003  1.578508206153574E-004
  0.000000000000000E+000  4.473961737296821E-003   1.00018187463054     
  8.065637684365548E-002  2.952217115681050E-003  0.000000000000000E+000
   2.45616955759904     
  0.411658191042757       2.437221773305309E-003  0.000000000000000E+000
  0.224782304093651       4.298546987016805E-003  1.616668040955243E-004
  0.000000000000000E+000  4.460213791112329E-003   1.00018199618197     
  8.029847227005932E-002  3.030240286668697E-003  0.000000000000000E+000
   2.45032234889188     
  0.398060300010423       1.916233981970908E-003  0.000000000000000E+000
  0.230870647467555       4.249065903026771E-003  1.702769274185043E-004
  0.000000000000000E+000  4.419342830445276E-003   1.00018190335673     
  7.933280432522460E-002  3.202305667588566E-003  0.000000000000000E+000
   2.43504756545144     
  0.384598635456386       1.352902573853140E-003  0.000000000000000E+000
  0.232520267273685       4.160497481538639E-003  1.846878039848890E-004
  0.000000000000000E+000  4.345185285523528E-003   1.00018096508585     
  7.762110726757016E-002  3.482077489852873E-003  0.000000000000000E+000
   2.40797792268086     
  0.371291267288200       7.281164213263902E-004  0.000000000000000E+000
  0.229377441858105       4.038465094744679E-003  2.002639618516046E-004
  0.000000000000000E+000  4.238729056596283E-003   1.00017910669253     
  7.527495341892015E-002  3.778684060504650E-003  0.000000000000000E+000
   2.37052536034910     
  0.358154780898738       4.178473641569574E-005  0.000000000000000E+000
  0.225268817964206       3.904714839470751E-003  2.137425043490801E-004
  0.000000000000000E+000  4.118457343819831E-003   1.00017709565414     
  7.270861973669754E-002  4.025352520929318E-003  0.000000000000000E+000
   2.32891295216080     
  0.345204555188213      -6.996594131643285E-004  0.000000000000000E+000
  0.219201863729495       3.786356582722407E-003  2.269179091432673E-004
  0.000000000000000E+000  4.013274491865675E-003   1.00017495710046     
  7.042639250846564E-002  4.257350441022201E-003  0.000000000000000E+000
   2.29112862853841     
  0.332455505085775      -1.498146808410845E-003  0.000000000000000E+000
  0.211626859755597       3.690744943855386E-003  2.394141350864411E-004
  0.000000000000000E+000  3.930159078941827E-003   1.00017284102233     
  6.856508907630601E-002  4.479392101840984E-003  0.000000000000000E+000
   2.25962481151208     
  0.319920537181743      -2.339667901782980E-003  0.000000000000000E+000
  0.206754660763863       3.606849799796650E-003  2.492518798390796E-004
  0.000000000000000E+000  3.856101679635730E-003   1.00017148094645     
  6.692290261970493E-002  4.655501964072046E-003  0.000000000000000E+000
   2.23132488866192     
  0.307611656831778      -3.214917519367286E-003  0.000000000000000E+000
  0.202372706208052       3.526703764496686E-003  2.571376851372510E-004
  0.000000000000000E+000  3.783841449633936E-003   1.00017052426704     
  6.535074899501109E-002  4.795099823054741E-003  0.000000000000000E+000
   2.20382448924088     
  0.295539909591286      -4.117285986877651E-003  0.000000000000000E+000
  0.197552407914827       3.450657978015278E-003  2.635866412188306E-004
  0.000000000000000E+000  3.714244619234109E-003   1.00016986459108     
  6.385366160910838E-002  4.906881570027012E-003  0.000000000000000E+000
   2.17721749601170     
  0.283715218424319      -5.040365564571752E-003  0.000000000000000E+000
  0.192510608343355       3.380226778040341E-003  2.688456362431619E-004
  0.000000000000000E+000  3.649072414283502E-003   1.00016941748518     
  6.245927639498966E-002  4.995403423931833E-003  0.000000000000000E+000
   2.15200599737728     
  0.272146384621058      -5.978022424434283E-003  0.000000000000000E+000
  0.185920597307586       3.317529043786582E-003  2.738526822610054E-004
  0.000000000000000E+000  3.591381726047588E-003   1.00016909324605     
  6.120513905511980E-002  5.076823488575469E-003  0.000000000000000E+000
   2.12887826618938     
  0.260841459952367      -6.928699530984975E-003  0.000000000000000E+000
  0.177921850623761       3.264718941144872E-003  2.784325227108293E-004
  0.000000000000000E+000  3.543151463855701E-003   1.00016895670427     
  6.013115263379530E-002  5.149967935627589E-003  0.000000000000000E+000
   2.10860096769807     
  0.249806769810523      -7.883567295849768E-003  0.000000000000000E+000
  0.170653832434709       3.219440773176399E-003  2.813657038020141E-004
  0.000000000000000E+000  3.500806476978413E-003   1.00016918076017     
  5.919694485344547E-002  5.193934014844638E-003  0.000000000000000E+000
   2.09057036720565     
  0.239047492115207      -8.833844321215513E-003  0.000000000000000E+000
  0.163399102880931       3.179457434019402E-003  2.830335822107026E-004
  0.000000000000000E+000  3.462491016230105E-003   1.00016993153884     
  5.835969045171355E-002  5.213408516927950E-003  0.000000000000000E+000
   2.07405816475705     
  0.228568063927081      -9.774779615069130E-003  0.000000000000000E+000
  0.155384918893787       3.147355160977271E-003  2.843049723107777E-004
  0.000000000000000E+000  3.431660133288049E-003   1.00017102068519     
  5.766415748262553E-002  5.223753163082657E-003  0.000000000000000E+000
   2.05986886658788     
  0.218371927887734      -1.070216068614966E-002  0.000000000000000E+000
  0.145984395392134       3.125501265867383E-003  2.856566848140746E-004
  0.000000000000000E+000  3.411157950681458E-003   1.00017228306705     
  5.715200243219845E-002  5.233968875794968E-003  0.000000000000000E+000
   2.04877653849174     
  0.208461650332017      -1.161318441176501E-002  0.000000000000000E+000
  0.136127399897532       3.113831364022221E-003  2.865631894719489E-004
  0.000000000000000E+000  3.400394553494170E-003   1.00017387120006     
  5.682254609060412E-002  5.236094128886038E-003  0.000000000000000E+000
   2.04081861499228     
  0.198838436947398      -1.250075963881363E-002  0.000000000000000E+000
  0.126535367038741       3.110282843607177E-003  2.866044166759418E-004
  0.000000000000000E+000  3.396887260283119E-003   1.00017603281649     
  5.663811761820554E-002  5.222734806158857E-003  0.000000000000000E+000
   2.03534743057100     
  0.189502895766597      -1.336127223884795E-002  0.000000000000000E+000
  0.115897193087676       3.113583669370461E-003  2.863371077616011E-004
  0.000000000000000E+000  3.399920777132062E-003   1.00017872240837     
  5.657153821876242E-002  5.203540768289502E-003  0.000000000000000E+000
   2.03184160563971     
  0.180454910724205      -1.419260156117742E-002  0.000000000000000E+000
  0.105671595538070       3.122169961902778E-003  2.851650696491222E-004
  0.000000000000000E+000  3.407335031551900E-003   1.00018190401362     
  5.659530168032265E-002  5.168333555976398E-003  0.000000000000000E+000
   2.02982441227590     
  0.171693255296651      -1.498933665163374E-002  0.000000000000000E+000
  9.702698951468847E-002  3.133273209836022E-003  2.824598507340801E-004
  0.000000000000000E+000  3.415733060570102E-003   1.00018570033649     
  5.665975325792522E-002  5.106184804070912E-003  0.000000000000000E+000
   2.02841203280310     
  0.163216160245772      -1.574824056262389E-002  0.000000000000000E+000
  8.743015115396702E-002  3.145518250220469E-003  2.790234142966965E-004
  0.000000000000000E+000  3.424541664517166E-003   1.00018998279221     
  5.673470876987018E-002  5.030215538576731E-003  0.000000000000000E+000
   2.02699540584253     
  0.155021505005991      -1.646991939561590E-002  0.000000000000000E+000
  7.272806600553849E-002  3.173769603463334E-003  2.763724688634253E-004
  0.000000000000000E+000  3.450142072326760E-003   1.00019410782325     
  5.708730181665023E-002  4.954594751398171E-003  0.000000000000000E+000
   2.03029399476053     
  0.147106334224531      -1.715296303207054E-002  0.000000000000000E+000
  6.363399895076327E-002  3.219062717495724E-003  2.718033147817316E-004
  0.000000000000000E+000  3.490866032277456E-003   1.00019973192133     
  5.774356952611819E-002  4.853844886208383E-003  0.000000000000000E+000
   2.03888085241898     
  0.139466267089614      -1.778558548152064E-002  0.000000000000000E+000
  5.858209334246567E-002  3.257654276513247E-003  2.651735080135998E-004
  0.000000000000000E+000  3.522827784526847E-003   1.00020698225913     
  5.826501229319991E-002  4.728827773131844E-003  0.000000000000000E+000
   2.04482923395725     
  0.132098175810340      -1.837689199987649E-002  0.000000000000000E+000
  3.791437249878982E-002  3.316624466391424E-003  2.614901639236307E-004
  0.000000000000000E+000  3.578114630315055E-003   1.00021077246070     
  5.912398717173029E-002  4.617473203741927E-003  0.000000000000000E+000
   2.05613930448961     
  0.124997769952504      -1.892872200988259E-002  0.000000000000000E+000
  2.895354284373752E-002  3.411430678342098E-003  2.548062248508107E-004
  0.000000000000000E+000  3.666236903192908E-003   1.00021688350111     
  6.062251935219720E-002  4.468851105860152E-003  0.000000000000000E+000
   2.07838131048197     
  0.118158763957459      -1.942103531766246E-002  0.000000000000000E+000
  3.077184124413179E-002  3.500541636801286E-003  2.449620829975263E-004
  0.000000000000000E+000  3.745503719798812E-003   1.00023030494854     
  6.199921943312973E-002  4.295404080973386E-003  0.000000000000000E+000
   2.09803226382789     
  0.111577324482708      -1.987073175919550E-002  0.000000000000000E+000
  2.092463953204060E-003  3.618076700815264E-003  2.402281066485705E-004
  0.000000000000000E+000  3.858304807463835E-003   1.00023551489049     
  6.382706942241181E-002  4.143190679566166E-003  0.000000000000000E+000
   2.12412659539177     
  0.105248108561165      -2.028128798648830E-002  0.000000000000000E+000
 -7.605682107850953E-003  3.804697469826504E-003  2.300524617016981E-004
  0.000000000000000E+000  4.034749931528202E-003   1.00024018919008     
  6.687948036316457E-002  3.897339685330003E-003  0.000000000000000E+000
   2.16994656094496     
  9.916376395001603E-002 -2.062514136152142E-002  0.000000000000000E+000
 -3.827897860446683E-004  4.019635001829272E-003  2.175963604182822E-004
  0.000000000000000E+000  4.237231362247554E-003   1.00025355211211     
  7.038478018376043E-002  3.665102865662331E-003  0.000000000000000E+000
   2.22141748723019     
  9.332012723962402E-002 -2.093049604161815E-002  0.000000000000000E+000
 -2.074173104460897E-002  4.267600490520773E-003  2.090518809859916E-004
  0.000000000000000E+000  4.476652371506765E-003   1.00026088145280     
  7.437784488806795E-002  3.450775142327022E-003  0.000000000000000E+000
   2.27786609706871     
  8.771055058917909E-002 -2.119011388496281E-002  0.000000000000000E+000
 -2.195029511699431E-002  4.557142145162137E-003  1.877407369090584E-004
  0.000000000000000E+000  4.744882882071195E-003   1.00026982348732     
  7.909323931423326E-002  3.032403048126942E-003  0.000000000000000E+000
   2.34366450110038     
  8.232832898163722E-002 -2.138787159074580E-002  0.000000000000000E+000
 -3.474264273268091E-002  4.886560463232657E-003  1.665126486778972E-004
  0.000000000000000E+000  5.053073111910555E-003   1.00027834396138     
  8.439848337753685E-002  2.612078183049586E-003  0.000000000000000E+000
   2.41478603313286     
  7.716826630280238E-002 -2.155356702706770E-002  0.000000000000000E+000
 -4.789611470732780E-002  5.271236691810766E-003  1.367540936622077E-004
  0.000000000000000E+000  5.407990785472974E-003   1.00028477523987     
  9.059090709691721E-002  2.012153757109654E-003  0.000000000000000E+000
   2.49529848686313     
  7.222301122247532E-002 -2.165524915438587E-002  0.000000000000000E+000
 -3.771307900206011E-002  5.689999859566017E-003  9.177595081155684E-005
  0.000000000000000E+000  5.781775810377573E-003   1.00029619408025     
  9.731852353859001E-002  1.222418836449373E-003  0.000000000000000E+000
   2.57990994125732     
  6.748705146715417E-002 -2.171479524477504E-002  0.000000000000000E+000
 -5.782879377352401E-002  6.154037279832483E-003  4.902185196426510E-005
  0.000000000000000E+000  6.203059131796748E-003   1.00029976462275     
  0.104620205586124       4.160782454956937E-004  0.000000000000000E+000
   2.66678084344810     
  6.295371259758120E-002 -2.173446819730835E-002  0.000000000000000E+000
 -5.494794748619825E-002  6.648203758486744E-003 -2.440485320653422E-005
  0.000000000000000E+000  6.672608611693279E-003   1.00030194673178     
  0.112441216019753      -8.750027111043956E-004  0.000000000000000E+000
   2.75765635647411     
  5.861711578290607E-002 -2.168853676842170E-002  0.000000000000000E+000
 -7.789897820748592E-002  7.214751990726384E-003 -9.929661286643205E-005
  0.000000000000000E+000  7.314048603592816E-003   1.00029806283297     
  0.121245826411877      -2.223739581630322E-003  0.000000000000000E+000
   2.85470288260477     
  5.447044604999962E-002 -2.162336907966074E-002  0.000000000000000E+000
 -8.836427219625875E-002  7.868553387363158E-003 -2.122156011271611E-004
  0.000000000000000E+000  8.080768988490319E-003   1.00029322282096     
  0.131484691768668      -4.266636410267465E-003  0.000000000000000E+000
   2.96502472299183     
  5.050903214194746E-002 -2.147729249486757E-002  0.000000000000000E+000
 -6.660689628392902E-002  8.571818244305147E-003 -3.530159181374084E-004
  0.000000000000000E+000  8.924834162442555E-003   1.00029324766932     
  0.142422112410653      -6.558720296255838E-003  0.000000000000000E+000
   3.07802134156253     
  4.672541388620077E-002 -2.131085761769123E-002  0.000000000000000E+000
 -6.282220297475760E-002  9.282846788667287E-003 -5.045697391440325E-004
  0.000000000000000E+000  9.787416527811319E-003   1.00029084082637     
  0.153164471610884      -9.086915447261479E-003  0.000000000000000E+000
   3.18211374048129     
  4.311516124701154E-002 -2.108321818922540E-002  0.000000000000000E+000
 -4.635626820777361E-002  9.973698488944780E-003 -7.103517410943921E-004
  0.000000000000000E+000  1.068405023003917E-002   1.00029133229996     
  0.163616814717503      -1.244041326795592E-002  0.000000000000000E+000
   3.28140708868659     
  3.967223005436371E-002 -2.081626001427382E-002  0.000000000000000E+000
 -7.094337829926189E-002  1.074107930060765E-002 -9.325943641136866E-004
  0.000000000000000E+000  1.167367366472134E-002   1.00028598337339     
  0.174939477245516      -1.615101462712153E-002  0.000000000000000E+000
   3.38334625078614     
  3.639054179185175E-002 -2.050759722952964E-002  0.000000000000000E+000
 -7.170598310722198E-002  1.153894676813908E-002 -1.234616496603001E-003
  0.000000000000000E+000  1.277356326474208E-002   1.00028292342997     
  0.186898804075606      -2.105280054127409E-002  0.000000000000000E+000
   3.49124908690247     
  3.326778181846923E-002 -2.014011535744205E-002  0.000000000000000E+000
 -9.075920172222141E-002  1.232431949466570E-002 -1.548441773460416E-003
  0.000000000000000E+000  1.387276126812612E-002   1.00027509627934     
  0.198250990510578      -2.582662845717876E-002  0.000000000000000E+000
   3.58709786885689     
  3.029382127105174E-002 -1.975029503451204E-002  0.000000000000000E+000
 -7.578640203564646E-002  1.288247681429566E-002 -1.933128512750550E-003
  0.000000000000000E+000  1.481560532704621E-002   1.00027319269142     
  0.206275839121490      -3.173304901611017E-002  0.000000000000000E+000
   3.65652855598869     
  2.747317396944959E-002 -1.928113185504812E-002  0.000000000000000E+000
 -9.332626045943471E-002  1.336448799901181E-002 -2.306679567291378E-003
  0.000000000000000E+000  1.567116756630319E-002   1.00026651237307     
  0.212661017626207      -3.741230551208521E-002  0.000000000000000E+000
   3.70767349458787     
  2.478833495795718E-002 -1.880921559024042E-002  0.000000000000000E+000
 -8.045744656760689E-002  1.364188356377912E-002 -2.764800050380746E-003
  0.000000000000000E+000  1.640668361415986E-002   1.00026472151883     
  0.216393872179013      -4.448344146098412E-002  0.000000000000000E+000
   3.74442831451106     
  2.225501326225521E-002 -1.823565211469499E-002  0.000000000000000E+000
 -7.651782960419951E-002  1.393864521129042E-002 -3.234927290169916E-003
  0.000000000000000E+000  1.717357250146033E-002   1.00026090935163     
  0.220195459388711      -5.191420813343654E-002  0.000000000000000E+000
   3.78190124600169     
  1.984559696190713E-002 -1.767184233715069E-002  0.000000000000000E+000
 -6.644200939990696E-002  1.424385627068302E-002 -3.819383719321585E-003
  0.000000000000000E+000  1.806323999000460E-002   1.00025736074489     
  0.224552249074598      -6.138450455161909E-002  0.000000000000000E+000
   3.83333451937921     
  1.758713226318775E-002 -1.699731615131953E-002  0.000000000000000E+000
 -1.242423874123233E-002  1.467089929318831E-002 -4.524157178468820E-003
  0.000000000000000E+000  1.919505647165713E-002   1.00026081438244     
  0.231266737130119      -7.288345302725044E-002  0.000000000000000E+000
   3.91337193707303     
  1.544650428983374E-002 -1.632605898462604E-002  0.000000000000000E+000
  9.477719932647233E-003  1.531694427958539E-002 -5.386902248382626E-003
  0.000000000000000E+000  2.070384652796801E-002   1.00025602270512     
  0.241214790442664      -8.734174124136969E-002  0.000000000000000E+000
   4.02601262078396     
  1.345295496273136E-002 -1.555732975657546E-002  0.000000000000000E+000
  8.489643945858916E-002  1.604859696667116E-002 -6.502707349481509E-003
  0.000000000000000E+000  2.255130431615267E-002   1.00025900679539     
  0.253828382473110      -0.105821288549089       0.000000000000000E+000
   4.17916508831834     
  1.157947612225185E-002 -1.477144945561017E-002  0.000000000000000E+000
  0.158965351941788       1.689300435808747E-002 -7.805947436315821E-003
  0.000000000000000E+000  2.469895179440329E-002   1.00026222218627     
  0.267998790341220      -0.127729593409975       0.000000000000000E+000
   4.35207480315422     
  9.848531301419383E-003 -1.390624975671154E-002  0.000000000000000E+000
  0.266237265708469       1.746130117817307E-002 -9.364519204061769E-003
  0.000000000000000E+000  2.682582038223483E-002   1.00026974260825     
  0.279879024625542      -0.154230010520004       0.000000000000000E+000
   4.54006646592134     
  8.249723698091849E-003 -1.299967384081004E-002  0.000000000000000E+000
  0.371368622590353       1.779718844456509E-002 -1.093403008432460E-002
  0.000000000000000E+000  2.873121852888968E-002   1.00027634147033     
  0.288020705718341      -0.180731131184315       0.000000000000000E+000
   4.70524615292527     
  6.785477286839425E-003 -1.203901627367612E-002  0.000000000000000E+000
  0.495546945826618       1.717995227852003E-002 -1.241486366763952E-002
  0.000000000000000E+000  2.959481594615955E-002   1.00028682005101     
  0.283162610750184      -0.207030415279189       0.000000000000000E+000
   4.81871021272279     
  5.478550221508449E-003 -1.101314324896579E-002  0.000000000000000E+000
  0.569123583720284       1.618080872033682E-002 -1.354186601857415E-002
  0.000000000000000E+000  2.972267473891097E-002   1.00029059238800     
  0.270881083031840      -0.227977033342262       0.000000000000000E+000
   4.87491761740789     
  4.290827434544564E-003 -9.965556159078107E-003  0.000000000000000E+000
  0.792311626390301       1.423302990060265E-002 -1.429582575226800E-002
  0.000000000000000E+000  2.852885565287066E-002   1.00032273590288     
  0.244654179723944      -0.243295448068952       0.000000000000000E+000
   4.85894566590300     
  3.296772041745166E-003 -8.840112919361187E-003  0.000000000000000E+000
  0.870150256004536       1.211024476963197E-002 -1.439965090176127E-002
  0.000000000000000E+000  2.650989567139325E-002   1.00032924925960     
  0.212475825419575      -0.248742315052433       0.000000000000000E+000
   4.77032227447115     
  2.396870789097783E-003 -7.727149985343641E-003  0.000000000000000E+000
   1.15581539686036       9.642249967427314E-003 -1.415090392309035E-002
  0.000000000000000E+000  2.379315389051766E-002   1.00037063240835     
  0.174099858959033      -0.247558998739973       0.000000000000000E+000
   4.62619055010075     
  1.722008488210358E-003 -6.549785302129726E-003  0.000000000000000E+000
   1.34990744949664       7.285846358481883E-003 -1.322576418437987E-002
  0.000000000000000E+000  2.051161054286176E-002   1.00039294715874     
  0.136473058443160      -0.234212269383303       0.000000000000000E+000
   4.41230906570584     
  1.113140182790850E-003 -5.409418156526647E-003  0.000000000000000E+000
   1.29362019834866       4.950313834055409E-003 -1.150772742802053E-002
  0.000000000000000E+000  1.645804126207594E-002   1.00037074546615     
  9.949479275976997E-002 -0.204216600478939       0.000000000000000E+000
   4.05782506320994     
  7.225228813823037E-004 -4.248492033251204E-003  0.000000000000000E+000
   1.37567473956165       2.837997861366244E-003 -8.968158467688885E-003
  0.000000000000000E+000  1.180615632905513E-002   1.00037241291092     
  6.361458516165809E-002 -0.160526986261322       0.000000000000000E+000
   3.55713885621819     
  3.880251048486993E-004 -3.130464215962858E-003  0.000000000000000E+000
   1.29220820478190       1.403058100418159E-003 -5.943855672012401E-003
  0.000000000000000E+000  7.346913772430560E-003   1.00034488328284     
  3.938433850126051E-002 -0.105982293851029       0.000000000000000E+000
   2.88302471286824     
  1.970395846617734E-004 -2.043563727562371E-003  0.000000000000000E+000
   1.25925460319559       4.333558282585665E-004 -3.194432615481425E-003
  0.000000000000000E+000  3.627788443739992E-003   1.00033262800061     
  1.828409154557253E-002 -5.757725694781755E-002  0.000000000000000E+000
   2.11253683079679     
  9.598016850720370E-005 -9.954425719247947E-004  0.000000000000000E+000
   1.16849613904355       1.156002034940673E-004 -1.205969622207627E-003
  0.000000000000000E+000  1.321569825701694E-003   1.00031563931334     
  9.019371848600577E-003 -2.161359503385252E-002  0.000000000000000E+000
   1.31565131045822     
  0.000000000000000E+000  0.000000000000000E+000  0.000000000000000E+000
   1.07438207931546       9.936014335895653E-007  2.431525037177366E-004
  0.000000000000000E+000  2.441461051513262E-004   1.00029964841698     
  6.594632811669444E-003  4.538273414684419E-003  0.000000000000000E+000
  0.769119313188828     
 zone i=         151
  0.000000000000000E+000  0.000000000000000E+000  0.000000000000000E+000
   1.07438207931546       9.936014335895653E-007  2.431525037177366E-004
  0.000000000000000E+000  2.441461051513262E-004   1.00029964841698     
  6.594632811669444E-003  4.538273414684419E-003  0.000000000000000E+000
  0.769119313188828     
  8.124748189053399E-005  9.967570191826214E-004  0.000000000000000E+000
   1.09299570892153       1.235979472930957E-004  1.523790161898998E-003
  0.000000000000000E+000  1.647388109192094E-003   1.00030538495356     
  7.966482282554289E-003  2.769980641404221E-002  0.000000000000000E+000
   1.45995411220347     
  1.668552160047909E-004  2.047006305551404E-003  0.000000000000000E+000
   1.20925691849288       3.210656459422273E-004  3.112362224613969E-003
  0.000000000000000E+000  3.433427870556196E-003   1.00032525776711     
  1.385415214050708E-002  5.669115943817603E-002  0.000000000000000E+000
   2.07729795159145     
  3.042454035129261E-004  3.145845697375883E-003  0.000000000000000E+000
   1.17851846563713       9.632373025112630E-004  5.226708469562998E-003
  0.000000000000000E+000  6.189945772074261E-003   1.00031469447893     
  2.798664629391073E-002  9.446194860122245E-002  0.000000000000000E+000
   2.69577750816728     
  5.825742921587995E-004  4.281733555009661E-003  0.000000000000000E+000
   1.19644925971488       1.894315274602125E-003  7.749728064674722E-003
  0.000000000000000E+000  9.644043339276848E-003   1.00031838757486     
  4.504320209264154E-002  0.140228135781977       0.000000000000000E+000
   3.29450113874534     
  8.757422479155341E-004  5.478181120376323E-003  0.000000000000000E+000
   1.09227621491186       3.135724127885432E-003  1.049935379313897E-002
  0.000000000000000E+000  1.363507792102440E-002   1.00030016969431     
  6.910639006339446E-002  0.189724363411284       0.000000000000000E+000
   3.85523604882642     
  1.308808987989130E-003  6.698568453762158E-003  0.000000000000000E+000
  0.978200290486029       4.922287310710916E-003  1.312884463595483E-002
  0.000000000000000E+000  1.805113194666574E-002   1.00027511683329     
  0.100052134697492       0.237446673710794       0.000000000000000E+000
   4.35102699985806     
  1.812850180215042E-003  7.968367674832801E-003  0.000000000000000E+000
   1.14704805824454       6.537477311862488E-003  1.566128588522908E-002
  0.000000000000000E+000  2.219876319709157E-002   1.00031656706718     
  0.128852366873390       0.283935491590001       0.000000000000000E+000
   4.78680672963318     
  2.391032082076583E-003  9.283225230158919E-003  0.000000000000000E+000
   1.05093861186197       8.591880504670794E-003  1.762675604021586E-002
  0.000000000000000E+000  2.621863654488666E-002   1.00031901952461     
  0.164121317691817       0.319925919557970       0.000000000000000E+000
   5.13580035536407     
  3.109272514030703E-003  1.061639973803102E-002  0.000000000000000E+000
   1.08297680878377       1.019780742486332E-002  1.895870761670266E-002
  0.000000000000000E+000  2.915651504156599E-002   1.00033888772202     
  0.190937824447645       0.345429816404391       0.000000000000000E+000
   5.38082929876091     
  3.865287533979300E-003  1.201969020640781E-002  0.000000000000000E+000
  0.819689071935272       1.159931710544634E-002  1.931218097167738E-002
  0.000000000000000E+000  3.091149807712372E-002   1.00030771610720     
  0.213569918179015       0.353137963674612       0.000000000000000E+000
   5.49977921335199     
  4.796892805706054E-003  1.341452172343449E-002  0.000000000000000E+000
  0.497894692037107       1.257464867877992E-002  1.879817378701259E-002
  0.000000000000000E+000  3.137282246579251E-002   1.00026252808620     
  0.229532515709646       0.344707082525237       0.000000000000000E+000
   5.50773508020141     
  5.781289545338408E-003  1.487974781579076E-002  0.000000000000000E+000
  0.448596035649416       1.286362881393545E-002  1.802661019556314E-002
  0.000000000000000E+000  3.089023900949859E-002   1.00026445414502     
  0.234599110354570       0.331296190274888       0.000000000000000E+000
   5.45580028874804     
  6.903066221750631E-003  1.635814064742308E-002  0.000000000000000E+000
  0.276156162470670       1.311785806372199E-002  1.687924607240264E-002
  0.000000000000000E+000  2.999710413612464E-002   1.00024387391361     
  0.238467222252872       0.310985768167661       0.000000000000000E+000
   5.36043263513341     
  8.121082669093838E-003  1.788532551851348E-002  0.000000000000000E+000
  0.237541510460915       1.296873728420130E-002  1.572346120393500E-002
  0.000000000000000E+000  2.869219848813630E-002   1.00024208985506     
  0.236196304492255       0.289966646385900       0.000000000000000E+000
   5.23897696709025     
  9.454664975969473E-003  1.944636852175496E-002  0.000000000000000E+000
  0.143559159376991       1.293020563555352E-002  1.461807665072009E-002
  0.000000000000000E+000  2.754828228627362E-002   1.00023241401451     
  0.236005153933585       0.269553776135233       0.000000000000000E+000
   5.12874035212545     
  1.091465694568861E-002  2.103826502945663E-002  0.000000000000000E+000
  0.117208330269477       1.285629519298574E-002  1.375913175139445E-002
  0.000000000000000E+000  2.661542694438020E-002   1.00023597211758     
  0.235341880294560       0.253595039940385       0.000000000000000E+000
   5.04196373087632     
  1.248068226265642E-002  2.268129049048521E-002  0.000000000000000E+000
  5.074305073048890E-002  1.289865310868564E-002  1.301384243629981E-002
  0.000000000000000E+000  2.591249554498545E-002   1.00022892952387     
  0.236453916887073       0.239933563025155       0.000000000000000E+000
   4.97672911839796     
  1.419429961991825E-002  2.434216187368587E-002  0.000000000000000E+000
  1.131856956726551E-002  1.294654889003141E-002  1.241537354314973E-002
  0.000000000000000E+000  2.536192243318114E-002   1.00022621128267     
  0.237754892555904       0.228847127128608       0.000000000000000E+000
   4.92732941305929     
  1.601361488792574E-002  2.606691124135281E-002  0.000000000000000E+000
 -5.687979831122902E-002  1.301731105737896E-002  1.186251778106455E-002
  0.000000000000000E+000  2.487982883844351E-002   1.00021844914919     
  0.239241721823310       0.218832551381945       0.000000000000000E+000
   4.88569208712286     
  1.799565339072173E-002  2.780171742430116E-002  0.000000000000000E+000
 -0.112020530465543       1.306601825431742E-002  1.135543540620465E-002
  0.000000000000000E+000  2.442145366052207E-002   1.00021294097534     
  0.240340118350418       0.209535941151678       0.000000000000000E+000
   4.84620890352016     
  2.009007559783660E-002  2.960816297912750E-002  0.000000000000000E+000
 -0.172673293167918       1.307955077967433E-002  1.086603258997686E-002
  0.000000000000000E+000  2.394558336965119E-002   1.00020639407611     
  0.240720161498292       0.200666092601762       0.000000000000000E+000
   4.80581304228066     
  2.235822310174784E-002  3.142202494474521E-002  0.000000000000000E+000
 -0.233173143491967       1.307190465739136E-002  1.038511741725331E-002
  0.000000000000000E+000  2.345702207464467E-002   1.00019974222140     
  0.240687950778841       0.191844783592338       0.000000000000000E+000
   4.76338640256812     
  2.475097164205420E-002  3.331006025542243E-002  0.000000000000000E+000
 -0.278745819794722       1.301784653179123E-002  9.930218552836797E-003
  0.000000000000000E+000  2.294806508462803E-002   1.00019512628450     
  0.239788456092020       0.183530263155266       0.000000000000000E+000
   4.71889086712732     
  2.732553371060575E-002  3.520789227439446E-002  0.000000000000000E+000
 -0.334957729889766       1.295753992172156E-002  9.472826182654994E-003
  0.000000000000000E+000  2.243036610437656E-002   1.00018865704249     
  0.238733031055338       0.175109992554487       0.000000000000000E+000
   4.67289574577171     
  3.004143949855176E-002  3.717698010381925E-002  0.000000000000000E+000
 -0.360761226605518       1.285452706827053E-002  9.053519221157023E-003
  0.000000000000000E+000  2.190804628942755E-002   1.00018680795203     
  0.236885173810177       0.167383554920185       0.000000000000000E+000
   4.62546786383256     
  3.294506594798641E-002  3.916321447822407E-002  0.000000000000000E+000
 -0.402091268107370       1.272780566600582E-002  8.605430584555568E-003
  0.000000000000000E+000  2.133323625056138E-002   1.00018155955281     
  0.234523142169229       0.159186491652736       0.000000000000000E+000
   4.57250087025589     
  3.601062444512038E-002  4.121202403846924E-002  0.000000000000000E+000
 -0.421391831386018       1.250095642421607E-002  8.163229125687522E-003
  0.000000000000000E+000  2.066418554990359E-002   1.00017922474703     
  0.230282604906529       0.151092248660590       0.000000000000000E+000
   4.50715862592851     
  3.926803159936587E-002  4.329038172008163E-002  0.000000000000000E+000
 -0.470015268927455       1.221210285415006E-002  7.664451825210546E-003
  0.000000000000000E+000  1.987655467936060E-002   1.00017155410540     
  0.224918413462926       0.141944627958482       0.000000000000000E+000
   4.42891107786070     
  4.271133564957319E-002  4.541642506618195E-002  0.000000000000000E+000
 -0.500512382899387       1.186165769567950E-002  7.203605562299600E-003
  0.000000000000000E+000  1.906526325797910E-002   1.00016760999798     
  0.218427077758151       0.133374426188188       0.000000000000000E+000
   4.34393504613366     
  4.634900923004337E-002  4.758970502284576E-002  0.000000000000000E+000
 -0.553103618744217       1.156468304446700E-002  6.755213745467170E-003
  0.000000000000000E+000  1.831989678993417E-002   1.00016009469871     
  0.213023448752362       0.124966013648463       0.000000000000000E+000
   4.26704961633022     
  5.019957705178091E-002  4.978897567330897E-002  0.000000000000000E+000
 -0.561562512726823       1.138178505777676E-002  6.441890948087914E-003
  0.000000000000000E+000  1.782367600586467E-002   1.00016008328800     
  0.209696186477997       0.118918701974111       0.000000000000000E+000
   4.21485793377021     
  5.424543798258119E-002  5.205884839569135E-002  0.000000000000000E+000
 -0.598157299301874       1.132228243648587E-002  6.165824040227476E-003
  0.000000000000000E+000  1.748810647671335E-002   1.00015467173900     
  0.208616047149154       0.113779852218911       0.000000000000000E+000
   4.18451135127698     
  5.853393950429830E-002  5.432546487184164E-002  0.000000000000000E+000
 -0.626511528576657       1.126402401418844E-002  5.896715848637288E-003
  0.000000000000000E+000  1.716073986282573E-002   1.00015161894733     
  0.207517838135644       0.108832572457480       0.000000000000000E+000
   4.15514547222657     
  6.303378546849947E-002  5.665943247869770E-002  0.000000000000000E+000
 -0.647194262432095       1.113596886665381E-002  5.656498677913855E-003
  0.000000000000000E+000  1.679246754456766E-002   1.00014887667293     
  0.205049102465744       0.104419972374712       0.000000000000000E+000
   4.11672004600471     
  6.777483346542001E-002  5.901812249001626E-002  0.000000000000000E+000
 -0.703985337891254       1.093888688631519E-002  5.337591354963252E-003
  0.000000000000000E+000  1.627647824127845E-002   1.00014014964790     
  0.201392431733464       9.862024140253636E-002  0.000000000000000E+000
   4.06393622550734     
  7.276120658495611E-002  6.140479821277849E-002  0.000000000000000E+000
 -0.702772846695780       1.070109484469371E-002  5.060894844256095E-003
  0.000000000000000E+000  1.576198968894980E-002   1.00014254452997     
  0.196972190203110       9.343022894576566E-002  0.000000000000000E+000
   4.00630805882641     
  7.798701025703636E-002  6.384746541023499E-002  0.000000000000000E+000
 -0.736686016909744       1.049785262281815E-002  4.775273341438046E-003
  0.000000000000000E+000  1.527312596425620E-002   1.00013766616748     
  0.193250327317653       8.816637805521310E-002  0.000000000000000E+000
   3.95466166694904     
  8.348794497692369E-002  6.628226949861310E-002  0.000000000000000E+000
 -0.771098477731584       1.031225931059346E-002  4.496109394017265E-003
  0.000000000000000E+000  1.480836870461073E-002   1.00013265185549     
  0.189893317922746       8.300709912954836E-002  0.000000000000000E+000
   3.90663883313844     
  8.924823926579473E-002  6.875664231184767E-002  0.000000000000000E+000
 -0.772505857010174       1.015966405527130E-002  4.301866954755817E-003
  0.000000000000000E+000  1.446153101002712E-002   1.00013308623289     
  0.187045774291947       7.934108448180371E-002  0.000000000000000E+000
   3.86746449609587     
  9.527434682424984E-002  7.127233162980089E-002  0.000000000000000E+000
 -0.817456511033697       1.002221825711055E-002  4.062823269664189E-003
  0.000000000000000E+000  1.408504152677474E-002   1.00012594996816     
  0.184567710619010       7.500239327664140E-002  0.000000000000000E+000
   3.83030350287035     
  0.101599264593903       7.376136354798155E-002  0.000000000000000E+000
 -0.842196296807742       9.872734674297173E-003  3.824276779007454E-003
  0.000000000000000E+000  1.369701145330463E-002   1.00012253762177     
  0.181908550537296       7.060230736649564E-002  0.000000000000000E+000
   3.79151569371745     
  0.108204996297669       7.628031738371406E-002  0.000000000000000E+000
 -0.842273551742892       9.773672198568839E-003  3.664402167657034E-003
  0.000000000000000E+000  1.343807436622587E-002   1.00012295156809     
  0.180088901256804       6.759103981591708E-002  0.000000000000000E+000
   3.76428825706755     
  0.115100104736922       7.882225996758153E-002  0.000000000000000E+000
 -0.883834321610493       9.678045524655114E-003  3.468734109033127E-003
  0.000000000000000E+000  1.314677963368824E-002   1.00011570909347     
  0.178394500706937       6.406215686530803E-002  0.000000000000000E+000
   3.73756229788749     
  0.122308329775291       8.133309909903598E-002  0.000000000000000E+000
 -0.913457804035943       9.506888337918478E-003  3.241732392565038E-003
  0.000000000000000E+000  1.274862073048352E-002   1.00011033386056     
  0.175342036207756       5.995653845149121E-002  0.000000000000000E+000
   3.69672301513352     
  0.129822623133641       8.384109486352034E-002  0.000000000000000E+000
 -0.918152772950179       9.304636496945372E-003  3.043722909904761E-003
  0.000000000000000E+000  1.234835940685013E-002   1.00010895430152     
  0.171673601971253       5.630865616306922E-002  0.000000000000000E+000
   3.65077435432677     
  0.137645784603659       8.634902896078354E-002  0.000000000000000E+000
 -0.933292990227073       9.118921412562861E-003  2.856259126029283E-003
  0.000000000000000E+000  1.197518053859215E-002   1.00010534314649     
  0.168319996076948       5.285312223502170E-002  0.000000000000000E+000
   3.60829020910768     
  0.145786304884145       8.883978467035318E-002  0.000000000000000E+000
 -0.968905709257569       8.914294821334020E-003  2.640871174406764E-003
  0.000000000000000E+000  1.155516599574078E-002   1.00009759662354     
  0.164667709948639       4.894702375999022E-002  0.000000000000000E+000
   3.56199080493540     
  0.154258741196403       9.126835667997982E-002  0.000000000000000E+000
 -0.989834904609552       8.677398580878636E-003  2.427817041138710E-003
  0.000000000000000E+000  1.110521562201735E-002   1.00009208557538     
  0.160423786895266       4.504023861951434E-002  0.000000000000000E+000
   3.50946584913273     
  0.163053473889887       9.366936243119689E-002  0.000000000000000E+000
 -0.992041063656416       8.463633552316441E-003  2.251466770004316E-003
  0.000000000000000E+000  1.071510032232076E-002   1.00009003343725     
  0.156567780620228       4.177042149100020E-002  0.000000000000000E+000
   3.46182790992144     
  0.172173982757404       9.603247564546623E-002  0.000000000000000E+000
  -1.00224618573520       8.279741499048690E-003  2.086435362005681E-003
  0.000000000000000E+000  1.036617686105437E-002   1.00008607300330     
  0.153264812279714       3.873116294029907E-002  0.000000000000000E+000
   3.42031588651374     
  0.181622700146665       9.834694345664204E-002  0.000000000000000E+000
  -1.02437381598747       8.087028942615681E-003  1.907477079779332E-003
  0.000000000000000E+000  9.994506022395013E-003   1.00007879849982     
  0.149823518569738       3.546268778336271E-002  0.000000000000000E+000
   3.37689005174825     
  0.191408481281785       0.100566920969150       0.000000000000000E+000
  -1.04366109502757       7.866021080019853E-003  1.723896393510169E-003
  0.000000000000000E+000  9.589917473530021E-003   1.00007205377371     
  0.145860993590581       3.210028602054939E-002  0.000000000000000E+000
   3.32743769905093     
  0.201524401703617       0.102706535324255       0.000000000000000E+000
  -1.04626039334562       7.638023823781940E-003  1.560145211535776E-003
  0.000000000000000E+000  9.198169035317717E-003   1.00006838645208     
  0.141741300587272       2.907226533275494E-002  0.000000000000000E+000
   3.27633355869663     
  0.211966985743580       0.104764294601578       0.000000000000000E+000
  -1.05155224511623       7.429053854982945E-003  1.409426147460254E-003
  0.000000000000000E+000  8.838480002443199E-003   1.00006401237056     
  0.137962874659523       2.627928686592781E-002  0.000000000000000E+000
   3.22899663298847     
  0.222733822737104       0.106728384602269       0.000000000000000E+000
  -1.05828146179238       7.236767766569046E-003  1.266478543578627E-003
  0.000000000000000E+000  8.503246310147674E-003   1.00005883590057     
  0.134487203352699       2.363144227352129E-002  0.000000000000000E+000
   3.18499513037682     
  0.233821110527380       0.108586896539823       0.000000000000000E+000
  -1.06264255125302       7.056913829146641E-003  1.129866908291006E-003
  0.000000000000000E+000  8.186780737437647E-003   1.00005342876648     
  0.131234474890218       2.109859448882041E-002  0.000000000000000E+000
   3.14345039799611     
  0.245223715027843       0.110327156937690       0.000000000000000E+000
  -1.08033418700643       6.868127846435746E-003  9.865047075245468E-004
  0.000000000000000E+000  7.854632553960293E-003   1.00004569876505     
  0.127812235328462       1.846088419552139E-002  0.000000000000000E+000
   3.09950095124872     
  0.256938939632838       0.111904976619564       0.000000000000000E+000
  -1.08957947438466       6.644013946114863E-003  8.450913727570296E-004
  0.000000000000000E+000  7.489105318871893E-003   1.00004026754401     
  0.123718615124699       1.585197108874225E-002  0.000000000000000E+000
   3.04709000747688     
  0.268953043206634       0.113343420909289       0.000000000000000E+000
  -1.08312349115749       6.398997825614184E-003  7.179515449505991E-004
  0.000000000000000E+000  7.116949370564783E-003   1.00003771713221     
  0.119213351287845       1.349002733259463E-002  0.000000000000000E+000
   2.98914559733222     
  0.281256350040147       0.114631332684262       0.000000000000000E+000
  -1.08544932992504       6.149923786097061E-003  5.972204805983322E-004
  0.000000000000000E+000  6.747144266695392E-003   1.00003285602612     
  0.114619660951993       1.124506722710015E-002  0.000000000000000E+000
   2.92927026063669     
  0.293837661680303       0.115758004221215       0.000000000000000E+000
  -1.08771814114857       5.890556069767235E-003  4.827453011825128E-004
  0.000000000000000E+000  6.373301370949748E-003   1.00002777138577     
  0.109819171930718       9.118571198427522E-003  0.000000000000000E+000
   2.86576256488782     
  0.306684271886264       0.116713296861924       0.000000000000000E+000
  -1.08778967385433       5.611210179199225E-003  3.745120130420651E-004
  0.000000000000000E+000  5.985722192241290E-003   1.00002282332773     
  0.104631914503076       7.110660329494757E-003  0.000000000000000E+000
   2.79595318965564     
  0.319781997853375       0.117487759464701       0.000000000000000E+000
  -1.08388676589470       5.303389570829231E-003  2.731333590852957E-004
  0.000000000000000E+000  5.576522929914526E-003   1.00001821024673     
  9.890108581595011E-002  5.231849032586706E-003  0.000000000000000E+000
   2.71719625824792     
  0.333115228139865       0.118072743118733       0.000000000000000E+000
  -1.07619456828365       4.962784548508336E-003  1.798764209239932E-004
  0.000000000000000E+000  5.142660969432330E-003   1.00001412833471     
  9.254608975532916E-002  3.504629967916412E-003  0.000000000000000E+000
   2.62750389549766     
  0.346666987346685       0.118460509682972       0.000000000000000E+000
  -1.06693171632128       4.589730927123958E-003  9.635192481647892E-005
  0.000000000000000E+000  4.686082851940437E-003   1.00000989377988     
  8.557478075311561E-002  1.959287185589215E-003  0.000000000000000E+000
   2.52580367634524     
  0.360419017220480       0.118644331852680       0.000000000000000E+000
  -1.06440284103223       4.193742959979294E-003  2.133533459498278E-005
  0.000000000000000E+000  4.215078294574277E-003   1.00000438637079     
  7.816619265660721E-002  5.658427560472041E-004  0.000000000000000E+000
   2.41328993549182     
  0.374351657536118       0.118599735812830       0.000000000000000E+000
  -1.04957558829733       3.823755825040939E-003 -4.123562715743188E-005
  0.000000000000000E+000  3.864991452198371E-003   1.00000178154717     
  7.123649932417610E-002 -6.351139727663952E-004  0.000000000000000E+000
   2.30328524175324     
  0.388443975093159       0.118340734081514       0.000000000000000E+000
  -1.01861491455975       3.549610745623539E-003 -9.054947867921278E-005
  0.000000000000000E+000  3.640160224302752E-003   1.00000170600717     
  6.608983836640811E-002 -1.601877681263689E-003  0.000000000000000E+000
   2.21815188538866     
  0.402674927308451       0.117876042855627       0.000000000000000E+000
 -0.980785712577244       3.382457780469279E-003 -1.289291956180648E-004
  0.000000000000000E+000  3.511386976087344E-003   1.00000246000643     
  6.293976134845408E-002 -2.353981696513948E-003  0.000000000000000E+000
   2.16446212428182     
  0.417024826793957       0.117250480630193       0.000000000000000E+000
 -0.939408997130840       3.292921135329597E-003 -1.588180551909605E-004
  0.000000000000000E+000  3.451739190520558E-003   1.00000446475536     
  6.124260485183205E-002 -2.933126734437263E-003  0.000000000000000E+000
   2.13505323172905     
  0.431473419276523       0.116486438727998       0.000000000000000E+000
 -0.907027851804514       3.245347540463309E-003 -1.858297536936771E-004
  0.000000000000000E+000  3.431177294156986E-003   1.00000564012148     
  6.032982613543333E-002 -3.440620678029366E-003  0.000000000000000E+000
   2.11912133060328     
  0.445999530522357       0.115590841704079       0.000000000000000E+000
 -0.879712686662515       3.207667127332938E-003 -2.115882310132200E-004
  0.000000000000000E+000  3.419255358346158E-003   1.00000641885206     
  5.960055386837335E-002 -3.918901488923335E-003  0.000000000000000E+000
   2.10634383715135     
  0.460581378532824       0.114565942490363       0.000000000000000E+000
 -0.855605443609647       3.170750964103711E-003 -2.362905278797835E-004
  0.000000000000000E+000  3.407041491983494E-003   1.00000705972467     
  5.888340706841304E-002 -4.375313598297995E-003  0.000000000000000E+000
   2.09371496191740     
  0.475196894420534       0.113414659712623       0.000000000000000E+000
 -0.832956347404206       3.132041862747969E-003 -2.597478073364768E-004
  0.000000000000000E+000  3.391789670084445E-003   1.00000782842127     
  5.813095972535696E-002 -4.807270888777057E-003  0.000000000000000E+000
   2.08038547451086     
  0.489823853955360       0.112140551511644       0.000000000000000E+000
 -0.811206919959659       3.090087954997578E-003 -2.817896768866497E-004
  0.000000000000000E+000  3.371877631884227E-003   1.00000880675905     
  5.731712030718623E-002 -5.211846029770315E-003  0.000000000000000E+000
   2.06587914438719     
  0.504440010627111       0.110747783062385       0.000000000000000E+000
 -0.789808037130797       3.044654788666719E-003 -3.023234661252605E-004
  0.000000000000000E+000  3.346978254791979E-003   1.00001006028452     
  5.643808236025318E-002 -5.587933201634065E-003  0.000000000000000E+000
   2.05010450779987     
  0.519023228609707       0.109241088340407       0.000000000000000E+000
 -0.768633515508327       2.997235684320235E-003 -3.214381343784396E-004
  0.000000000000000E+000  3.318673818698675E-003   1.00001161247553     
  5.552169288603574E-002 -5.937908033903538E-003  0.000000000000000E+000
   2.03353895543727     
  0.533551614012321       0.107625726758251       0.000000000000000E+000
 -0.747842405353595       2.949994333312413E-003 -3.393508521829232E-004
  0.000000000000000E+000  3.289345185495336E-003   1.00001336587165     
  5.460825272730280E-002 -6.265485456395858E-003  0.000000000000000E+000
   2.01690307455764     
  0.548003642835214       0.105907435350924       0.000000000000000E+000
 -0.728361190433361       2.901411190420437E-003 -3.561866825991960E-004
  0.000000000000000E+000  3.257597873019633E-003   1.00001515944705     
  5.366912296716807E-002 -6.571018248284249E-003  0.000000000000000E+000
   1.99964909175127     
  0.562357914367911       0.104089548332321       0.000000000000000E+000
 -0.709353086409692       2.851450873084122E-003 -3.723891143695194E-004
  0.000000000000000E+000  3.223839987453641E-003   1.00001713892554     
  5.270185250761487E-002 -6.865429846694845E-003  0.000000000000000E+000
   1.98170984469665     
  0.576593301183164       0.102174001558003       0.000000000000000E+000
 -0.687505979975640       2.807391012757317E-003 -3.879032712007794E-004
  0.000000000000000E+000  3.195294283958096E-003   1.00001974924832     
  5.184344050271508E-002 -7.150117943926332E-003  0.000000000000000E+000
   1.96567768705824     
  0.590691007540851       0.100175015366927       0.000000000000000E+000
 -0.664969411547418       2.772777506147081E-003 -4.029481019686840E-004
  0.000000000000000E+000  3.175725608115765E-003   1.00002266893630     
  5.116155261917534E-002 -7.424447697279577E-003  0.000000000000000E+000
   1.95288501623512     
  0.604632152620243       9.809968326704964E-002  0.000000000000000E+000
 -0.644073168592058       2.743171783293227E-003 -4.178088314411853E-004
  0.000000000000000E+000  3.160980614734412E-003   1.00002546028493     
  5.057251135862197E-002 -7.692678505922904E-003  0.000000000000000E+000
   1.94178682542538     
  0.618398767356870       9.595530459748400E-002  0.000000000000000E+000
 -0.623576446597099       2.715028095704451E-003 -4.320361142443183E-004
  0.000000000000000E+000  3.147064209948770E-003   1.00002827697030     
  5.001063360301045E-002 -7.948532633761163E-003  0.000000000000000E+000
   1.93114949383900     
  0.631973875204954       9.374932557357482E-002  0.000000000000000E+000
 -0.603268409878865       2.688381618912372E-003 -4.456753539002726E-004
  0.000000000000000E+000  3.134056972812644E-003   1.00003114118125     
  4.947659340132518E-002 -8.193143741232808E-003  0.000000000000000E+000
   1.92099341808974     
  0.645341561711325       9.148928086499748E-002  0.000000000000000E+000
 -0.583331499368342       2.663556001295140E-003 -4.588215331114620E-004
  0.000000000000000E+000  3.122377534406602E-003   1.00003399628799     
  4.897640475509213E-002 -8.428293895465580E-003  0.000000000000000E+000
   1.91144265037872     
  0.658487032460470       8.918273632689959E-002  0.000000000000000E+000
 -0.563664644732398       2.641199141978360E-003 -4.716346557708570E-004
  0.000000000000000E+000  3.112833797749217E-003   1.00003687325980     
  4.852196000374262E-002 -8.657234994759729E-003  0.000000000000000E+000
   1.90273976530365     
  0.671396659147174       8.683723345429874E-002  0.000000000000000E+000
 -0.544177234992503       2.622312020529803E-003 -4.844031889687991E-004
  0.000000000000000E+000  3.106715209498602E-003   1.00003971231639     
  4.813161450918825E-002 -8.884452211961630E-003  0.000000000000000E+000
   1.89525461264851     
  0.684057926817920       8.445978176828073E-002  0.000000000000000E+000
 -0.527627222563979       2.599423718542237E-003 -4.972060620096964E-004
  0.000000000000000E+000  3.096629780551934E-003   1.00004209308000     
  4.766412146584603E-002 -9.106035958880473E-003  0.000000000000000E+000
   1.88618675790400     
  0.696457009756855       8.204455059641663E-002  0.000000000000000E+000
 -0.508791219089289       2.564403702455881E-003 -5.068458631488312E-004
  0.000000000000000E+000  3.071249565604712E-003   1.00004498769088     
  4.697508982057551E-002 -9.269570799374533E-003  0.000000000000000E+000
   1.87266216814385     
  0.708586470077838       7.961241839177066E-002  0.000000000000000E+000
 -0.487136646206864       2.525622912694018E-003 -5.134109685906278E-004
  0.000000000000000E+000  3.039033881284646E-003   1.00004838327815     
  4.622264983087163E-002 -9.382118004265066E-003  0.000000000000000E+000
   1.85777884082319     
  0.720437589293776       7.717038565345311E-002  0.000000000000000E+000
 -0.467981612490576       2.491051102851418E-003 -5.199726948604680E-004
  0.000000000000000E+000  3.011023797711886E-003   1.00005131355774     
  4.554837747767872E-002 -9.494863549068675E-003  0.000000000000000E+000
   1.84434693468966     
  0.732002874789943       7.472519948394538E-002  0.000000000000000E+000
 -0.449263882225068       2.460189634095225E-003 -5.265098826409393E-004
  0.000000000000000E+000  2.986699516736164E-003   1.00005417733169     
  4.494317184673619E-002 -9.606994346822053E-003  0.000000000000000E+000
   1.83221302253232     
  0.743276039700671       7.228331675834701E-002  0.000000000000000E+000
 -0.430901402665995       2.433387835854319E-003 -5.334107333591240E-004
  0.000000000000000E+000  2.966798569213443E-003   1.00005694939975     
  4.441274738473423E-002 -9.724643496711219E-003  0.000000000000000E+000
   1.82152041363102     
  0.754251516276834       6.984883772104880E-002  0.000000000000000E+000
 -0.416109141715197       2.400907050394109E-003 -5.400165548567719E-004
  0.000000000000000E+000  2.940923605250881E-003   1.00005910455866     
  4.377505843182856E-002 -9.828562479022994E-003  0.000000000000000E+000
   1.80850883084430     
  0.764922479079319       6.741537439328085E-002  0.000000000000000E+000
 -0.399390905026394       2.357570630984244E-003 -5.431033679982505E-004
  0.000000000000000E+000  2.900673998982495E-003   1.00006165089785     
  4.294109443204217E-002 -9.873427884224642E-003  0.000000000000000E+000
   1.79132934961761     
  0.775289286491162       6.500305435059497E-002  0.000000000000000E+000
 -0.378966834937273       2.321212847950768E-003 -5.453112411441953E-004
  0.000000000000000E+000  2.866524089094964E-003   1.00006484100333     
  4.224099531552436E-002 -9.912406980518913E-003  0.000000000000000E+000
   1.77683889866325     
  0.785350147713937       6.261697999386603E-002  0.000000000000000E+000
 -0.359788739993974       2.300995536418692E-003 -5.506331746868849E-004
  0.000000000000000E+000  2.851628711105576E-003   1.00006779812623     
  4.183715851203013E-002 -1.000443347433792E-002  0.000000000000000E+000
   1.76847626678107     
  0.795104265278641       6.026184502753028E-002  0.000000000000000E+000
 -0.345116782435980       2.279251742714032E-003 -5.563955975040133E-004
  0.000000000000000E+000  2.835647340218045E-003   1.00006998301672     
  4.140355946115539E-002 -1.009346958107899E-002  0.000000000000000E+000
   1.75938399560117     
  0.804549046001778       5.793099190110072E-002  0.000000000000000E+000
 -0.331438137767691       2.243929887935950E-003 -5.589761167076159E-004
  0.000000000000000E+000  2.802906004643566E-003   1.00007201136605     
  4.072128876941915E-002 -1.012534027274468E-002  0.000000000000000E+000
   1.74492220025404     
  0.813686640280770       5.563348310234283E-002  0.000000000000000E+000
 -0.313063262790820       2.212360658275748E-003 -5.603774510364283E-004
  0.000000000000000E+000  2.772738109312176E-003   1.00007486501548     
  4.011183908216082E-002 -1.015054618678304E-002  0.000000000000000E+000
   1.73197831852788     
  0.822520515931278       5.337940905212880E-002  0.000000000000000E+000
 -0.293307256663638       2.201959843387648E-003 -5.657600597992512E-004
  0.000000000000000E+000  2.767719903186899E-003   1.00007796120335     
  3.989144057320483E-002 -1.024864396133134E-002  0.000000000000000E+000
   1.72737486877091     
  0.831053279521718       5.117184391432711E-002  0.000000000000000E+000
 -0.280262020496821       2.193302563190004E-003 -5.733725906204851E-004
  0.000000000000000E+000  2.766675153810489E-003   1.00007990018150     
  3.969834227466972E-002 -1.036839798288358E-002  0.000000000000000E+000
   1.72325397459927     
  0.839284046798224       4.899781436490785E-002  0.000000000000000E+000
 -0.267044367802328       2.165787785312810E-003 -5.757230799024620E-004
  0.000000000000000E+000  2.741510865215272E-003   1.00008193401600     
  3.916401852917800E-002 -1.039433866951798E-002  0.000000000000000E+000
   1.71168110157865     
  0.847220555042184       4.687458431648927E-002  0.000000000000000E+000
 -0.246705303763065       2.139453206625311E-003 -5.755546938927226E-004
  0.000000000000000E+000  2.715007900518033E-003   1.00008519323548     
  3.866000190157483E-002 -1.038948314129450E-002  0.000000000000000E+000
   1.70076406656832     
  0.854867769317858       4.480585355348144E-002  0.000000000000000E+000
 -0.232665454264179       2.117816317300572E-003 -5.776358859328693E-004
  0.000000000000000E+000  2.695452203233441E-003   1.00008730692983     
  3.823860203141918E-002 -1.041362427940309E-002  0.000000000000000E+000
   1.69153812480060     
  0.862227574961843       4.278197553576788E-002  0.000000000000000E+000
 -0.221228970384118       2.082485859179199E-003 -5.763080207456871E-004
  0.000000000000000E+000  2.658793879924886E-003   1.00008898554745     
  3.756855618503276E-002 -1.037215531340240E-002  0.000000000000000E+000
   1.67669076836469     
  0.869306984750208       4.081036494176526E-002  0.000000000000000E+000
 -0.203105134048883       2.044526689453757E-003 -5.718896198888868E-004
  0.000000000000000E+000  2.616416309342644E-003   1.00009181298305     
  3.685855867097296E-002 -1.028788994836823E-002  0.000000000000000E+000
   1.66087053219722     
  0.876113524273209       3.889811052339501E-002  0.000000000000000E+000
 -0.189217649019611       2.010365591481709E-003 -5.691078213796387E-004
  0.000000000000000E+000  2.579473412861347E-003   1.00009386940695     
  3.621505096875172E-002 -1.022827696597013E-002  0.000000000000000E+000
   1.64638196142363     
  0.882649869949307       3.703368575641169E-002  0.000000000000000E+000
 -0.179420196275032       1.975952626196044E-003 -5.663991196387017E-004
  0.000000000000000E+000  2.542351745834746E-003   1.00009522569602     
  3.556416688622871E-002 -1.017415915374467E-002  0.000000000000000E+000
   1.63161390554764     
  0.888924831087416       3.522611387352755E-002  0.000000000000000E+000
 -0.163031717940839       1.954914305130241E-003 -5.651432740347895E-004
  0.000000000000000E+000  2.520057579165031E-003   1.00009772510197     
  3.516249533319492E-002 -1.015730710480294E-002  0.000000000000000E+000
   1.62252414887154     
  0.894946141762811       3.347918774144930E-002  0.000000000000000E+000
 -0.151898591839881       1.940051258759988E-003 -5.672844995894673E-004
  0.000000000000000E+000  2.507335758349456E-003   1.00009933340474     
  3.486931944529129E-002 -1.018065525562813E-002  0.000000000000000E+000
   1.61577386978062     
  0.900716477088310       3.177866893172925E-002  0.000000000000000E+000
 -0.139811085212386       1.910473291694207E-003 -5.644788347145619E-004
  0.000000000000000E+000  2.474952126408769E-003   1.00010113733136     
  3.431508470531189E-002 -1.011191406914589E-002  0.000000000000000E+000
   1.60286885406559     
  0.906247468045366       3.014017748049783E-002  0.000000000000000E+000
 -0.125019050966557       1.871599569060975E-003 -5.573760490433161E-004
  0.000000000000000E+000  2.428975618104291E-003   1.00010340879351     
  3.359959223363090E-002 -9.974471923326570E-003  0.000000000000000E+000
   1.58610459841098     
  0.911543655973359       2.855457872398600E-002  0.000000000000000E+000
 -0.116149257521556       1.831508458615251E-003 -5.507137899783627E-004
  0.000000000000000E+000  2.382222248593613E-003   1.00010467074502     
  3.285695471325947E-002 -9.846277670772135E-003  0.000000000000000E+000
   1.56852069435329     
  0.916612892154485       2.702366676737863E-002  0.000000000000000E+000
 -0.103155127384298       1.795878575327469E-003 -5.439205713515858E-004
  0.000000000000000E+000  2.339799146679055E-003   1.00010662119097     
  3.219919388242395E-002 -9.724321870438611E-003  0.000000000000000E+000
   1.55282974048922     
  0.921463494423029       2.555029530093469E-002  0.000000000000000E+000
 -9.325242182353577E-002  1.764547295113529E-003 -5.390792946014316E-004
  0.000000000000000E+000  2.303626589714960E-003   1.00010804854508     
  3.161718335690111E-002 -9.629553475403891E-003  0.000000000000000E+000
   1.53877332966922     
  0.926100214920753       2.412556976570594E-002  0.000000000000000E+000
 -8.104164669111924E-002  1.734773652024563E-003 -5.337149236372858E-004
  0.000000000000000E+000  2.268488575661849E-003   1.00010986844646     
  3.106578013415828E-002 -9.531898785605916E-003  0.000000000000000E+000
   1.52536602841164     
  0.930533728209394       2.275982291870194E-002  0.000000000000000E+000
 -7.014987082925472E-002  1.708269063686013E-003 -5.295313284576379E-004
  0.000000000000000E+000  2.237800392143650E-003   1.00011145549740     
  3.057338249851132E-002 -9.451394951191369E-003  0.000000000000000E+000
   1.51328047860459     
  0.934767263589124       2.143929465905546E-002  0.000000000000000E+000
 -6.054183204287256E-002  1.682767294506402E-003 -5.253828634050003E-004
  0.000000000000000E+000  2.208150157911402E-003   1.00011281372262     
  3.009897765706539E-002 -9.373442554342176E-003  0.000000000000000E+000
   1.50154341557290     
  0.938811787298329       2.017532686980616E-002  0.000000000000000E+000
 -4.988589375375341E-002  1.660176240537312E-003 -5.214773894686086E-004
  0.000000000000000E+000  2.181653630005921E-003   1.00011433492487     
  2.968002349738988E-002 -9.301703465139644E-003  0.000000000000000E+000
   1.49112363340671     
  0.942671223445317       1.895684736696353E-002  0.000000000000000E+000
 -4.103424431832536E-002  1.640215654011322E-003 -5.184956404321998E-004
  0.000000000000000E+000  2.158711294443521E-003   1.00011553019114     
  2.930775848783545E-002 -9.243533308157078E-003  0.000000000000000E+000
   1.48177691863927     
  0.946355060862811       1.779083441290907E-002  0.000000000000000E+000
 -3.193634313970506E-002  1.621503604838481E-003 -5.154910353153268E-004
  0.000000000000000E+000  2.136994640153808E-003   1.00011674277929     
  2.895980479091923E-002 -9.186667510332851E-003  0.000000000000000E+000
   1.47300454169208     
  0.949867926602981       1.666915774305359E-002  0.000000000000000E+000
 -2.348318348845169E-002  1.604676038853277E-003 -5.130106806487195E-004
  0.000000000000000E+000  2.117686719501997E-003   1.00011782019289     
  2.864542165719880E-002 -9.138924088356329E-003  0.000000000000000E+000
   1.46502556793717     
  0.953218437815019       1.559667123856959E-002  0.000000000000000E+000
 -1.510973256563375E-002  1.589215355703116E-003 -5.107550345712492E-004
  0.000000000000000E+000  2.099970390274365E-003   1.00011887315079     
  2.835677261391372E-002 -9.095355965783439E-003  0.000000000000000E+000
   1.45766907008195     
  0.956411300581948       1.456637329918481E-002  0.000000000000000E+000
 -7.063594385499528E-003  1.575130508399325E-003 -5.087280710539348E-004
  0.000000000000000E+000  2.083858579453260E-003   1.00011985073823     
  2.809330431686403E-002 -9.056015387645257E-003  0.000000000000000E+000
   1.45091458405017     
  0.959454686078606       1.358253981383462E-002  0.000000000000000E+000
  5.303793245730049E-004  1.561862086061193E-003 -5.069162780001202E-004
  0.000000000000000E+000  2.068778364061313E-003   1.00012076824030     
  2.784513330440114E-002 -9.019837071142303E-003  0.000000000000000E+000
   1.44452574556658     
  0.962352958592379       1.263811973746066E-002  0.000000000000000E+000
  7.843031468610207E-003  1.549529381627806E-003 -5.050919782603636E-004
  0.000000000000000E+000  2.054621359888169E-003   1.00012164406006     
  2.761457642907988E-002 -8.984413787809488E-003  0.000000000000000E+000
   1.43856059831108     
  0.965114107571897       1.173776400680617E-002  0.000000000000000E+000
  1.418603164847809E-002  1.537085712263754E-003 -5.033011503267122E-004
  0.000000000000000E+000  2.040386862590466E-003   1.00012238579160     
  2.738306803406265E-002 -8.946311226879240E-003  0.000000000000000E+000
   1.43252736484959     
  0.967741912691418       1.087372884708337E-002  0.000000000000000E+000
  2.076955095685662E-002  1.524873634326926E-003 -5.013807824801685E-004
  0.000000000000000E+000  2.026254416807094E-003   1.00012319202185     
  2.715427726985187E-002 -8.911862626280066E-003  0.000000000000000E+000
   1.42657585015235     
  0.970244136213279       1.005098553011847E-002  0.000000000000000E+000
  2.771268968899676E-002  1.515889422134566E-003 -5.003082681315349E-004
  0.000000000000000E+000  2.016197690266100E-003   1.00012404242276     
  2.698360525232888E-002 -8.895566200916354E-003  0.000000000000000E+000
   1.42216565726353     
  0.972624391238569       9.262435230447409E-003  0.000000000000000E+000
  3.390397399812173E-002  1.510518208750921E-003 -5.005933073067842E-004
  0.000000000000000E+000  2.011111516057705E-003   1.00012474791048     
  2.687577531354204E-002 -8.903127403338098E-003  0.000000000000000E+000
   1.41939101409479     
  0.974889567082758       8.511464795911611E-003  0.000000000000000E+000
  4.124466368966750E-002  1.509330566935419E-003 -5.016945609442033E-004
  0.000000000000000E+000  2.011025127879622E-003   1.00012559148683     
  2.684471258241309E-002 -8.929149535709776E-003  0.000000000000000E+000
   1.41867455380051     
  0.977043743041470       7.793543921573009E-003  0.000000000000000E+000
  4.741570404530648E-002  1.511620047258537E-003 -5.043405273606346E-004
  0.000000000000000E+000  2.015960574619171E-003   1.00012620294338     
  2.687494151657725E-002 -8.976361276105595E-003  0.000000000000000E+000
   1.41952180973192     
  0.979092499624146       7.109213951586838E-003  0.000000000000000E+000
  5.448960290755167E-002  1.517821795212694E-003 -5.077588926629663E-004
  0.000000000000000E+000  2.025580687875661E-003   1.00012690470941     
  2.697442068131605E-002 -9.047869332739588E-003  0.000000000000000E+000
   1.42228246837933     
  0.981040412003663       6.456571309978007E-003  0.000000000000000E+000
  6.035119979856063E-002  1.531532581488566E-003 -5.140751911247159E-004
  0.000000000000000E+000  2.045607772613282E-003   1.00012740971905     
  2.720359208534623E-002 -9.175079704615244E-003  0.000000000000000E+000
   1.42848850999627     
  0.982891947157505       5.833935565282952E-003  0.000000000000000E+000
  6.737571384019247E-002  1.557020401272399E-003 -5.239061338854587E-004
  0.000000000000000E+000  2.080926535157858E-003   1.00012812919476     
  2.763872351198956E-002 -9.381858022218477E-003  0.000000000000000E+000
   1.44018179001697     
  0.984651967760095       5.241361940622983E-003  0.000000000000000E+000
  7.341759001110404E-002  1.599179140127545E-003 -5.397061774379560E-004
  0.000000000000000E+000  2.138885317565501E-003   1.00012874232934     
  2.836440294161619E-002 -9.705411180374728E-003  0.000000000000000E+000
   1.45937136194531     
  0.986324073484050       4.675688102940933E-003  0.000000000000000E+000
  8.029606483682983E-002  1.662535623725162E-003 -5.624308896979351E-004
  0.000000000000000E+000  2.224966513423097E-003   1.00012953278653     
  2.946059199188081E-002 -1.017256557235723E-002  0.000000000000000E+000
   1.48785019163292     
  0.987913151962970       4.138102405654422E-003  0.000000000000000E+000
  8.687511825883121E-002  1.754559267915626E-003 -5.950673340080862E-004
  0.000000000000000E+000  2.349626601923712E-003   1.00013031941520     
  3.105607847278294E-002 -1.084163061190233E-002  0.000000000000000E+000
   1.52833150495183     
  0.989422284346865       3.624972708483789E-003  0.000000000000000E+000
  9.339117907188665E-002  1.883374568842196E-003 -6.404287410756296E-004
  0.000000000000000E+000  2.523803309917826E-003   1.00013115740786     
  3.329201014662272E-002 -1.176799788516711E-002  0.000000000000000E+000
   1.58327498211173     
  0.990855986116638       3.137404434411224E-003  0.000000000000000E+000
  0.100005466294988       2.059454078999216E-003 -7.016021831664429E-004
  0.000000000000000E+000  2.761056262165659E-003   1.00013205784803     
  3.635267162689707E-002 -1.302226230454233E-002  0.000000000000000E+000
   1.65555437780416     
  0.992217346477003       2.672802303082331E-003  0.000000000000000E+000
  0.105584157153771       2.294191800461181E-003 -7.833257739942028E-004
  0.000000000000000E+000  3.077517574455384E-003   1.00013287474885     
  4.043442692258762E-002 -1.468776401299726E-002  0.000000000000000E+000
   1.74723869151189     
  0.993510174322061       2.231164727309214E-003  0.000000000000000E+000
  0.111548882727675       2.601150592014345E-003 -8.897668993639559E-004
  0.000000000000000E+000  3.490917491378301E-003   1.00013359279500     
  4.577273357072560E-002 -1.686381948091193E-002  0.000000000000000E+000
   1.86039657077257     
  0.994737525725376       1.810755225233402E-003  0.000000000000000E+000
  0.119506332009905       3.004638798330208E-003 -1.029709012204470E-003
  0.000000000000000E+000  4.034347810534677E-003   1.00013428991819     
  5.277823494266475E-002 -1.975603674811419E-002  0.000000000000000E+000
   1.99944081005214     
  0.995902771433444       1.411209649882540E-003  0.000000000000000E+000
  0.119026804089799       3.522986696972300E-003 -1.209521546054562E-003
  0.000000000000000E+000  4.732508243026862E-003   1.00013448514164     
  6.179481971595609E-002 -2.342229241946479E-002  0.000000000000000E+000
   2.16499581913897     
  0.997008737262081       1.031015434896345E-003  0.000000000000000E+000
  0.107495925667763       4.126454271051702E-003 -1.419243752573718E-003
  0.000000000000000E+000  5.545698023625420E-003   1.00013474007466     
  7.236386132484834E-002 -2.747975068175299E-002  0.000000000000000E+000
   2.34289553585147     
  0.998058487802895       6.697802340236996E-004  0.000000000000000E+000
  0.102466108185581       4.743951915027542E-003 -1.633850486617790E-003
  0.000000000000000E+000  6.377802401645333E-003   1.00013624105319     
  8.328907401667029E-002 -3.131187261374224E-002  0.000000000000000E+000
   2.51179119871295     
  0.999054695653817       3.263822780710836E-004  0.000000000000000E+000
  6.565679034110872E-002  5.302207809143186E-003 -1.829170820177706E-003
  0.000000000000000E+000  7.131378629320893E-003   1.00013380031428     
  9.325515329450315E-002 -3.451873813810800E-002  0.000000000000000E+000
   2.65506019615429     
   1.00000000000000      -1.665324653670056E-017  0.000000000000000E+000
  0.180947742233457       6.028298669440137E-003 -1.066507122248806E-003
  0.000000000000000E+000  7.094805791688943E-003   1.00015398622635     
  0.106243545125070      -5.529704630603273E-002  0.000000000000000E+000
   2.98594107394456     
