 variables = "X","Y","Z","Cp","Cfx","Cfy","Cfz","Cf","T","u","v","w","yplus"
 zone i=         151
   1.00000000000000       1.665324653670056E-017  0.000000000000000E+000
  0.208572047436746       7.988710597173225E-003 -2.188336759884170E-004
  0.000000000000000E+000  8.207544273161642E-003   1.00019639049290     
  0.150932784606987      -3.233748155661331E-002  0.000000000000000E+000
   3.42401988008517     
  0.999001425599671       5.447267690042997E-005  0.000000000000000E+000
  0.174069056772396       7.380846294596973E-003 -4.020399602582263E-004
  0.000000000000000E+000  7.782886254855199E-003   1.00019950416117     
  0.138316452307076      -4.972989675128107E-003  0.000000000000000E+000
   3.21923755579646     
  0.997949997818270       1.116616879644300E-004  0.000000000000000E+000
  0.183370734068603       6.864258839525556E-003 -3.727330848166327E-004
  0.000000000000000E+000  7.236991924342189E-003   1.00019902777013     
  0.128621001657698      -4.892250736669509E-003  0.000000000000000E+000
   3.10450665734546     
  0.996843037128316       1.716701774105140E-004  0.000000000000000E+000
  0.191457100386970       6.421282364190233E-003 -3.476913836091697E-004
  0.000000000000000E+000  6.768973747799402E-003   1.00019887813876     
  0.120306983088752      -4.826831516661422E-003  0.000000000000000E+000
   3.00263881112014     
  0.995677746198344       2.346938777538863E-004  0.000000000000000E+000
  0.198880712922573       6.046830630990342E-003 -3.264481151179558E-004
  0.000000000000000E+000  6.373278746108298E-003   1.00019882549694     
  0.113279106021183      -4.772309700300293E-003  0.000000000000000E+000
   2.91376029233256     
  0.994451193364049       3.007928008083059E-004  0.000000000000000E+000
  0.204112130022850       5.736342714447892E-003 -3.085837910419902E-004
  0.000000000000000E+000  6.044926505489882E-003   1.00019857953559     
  0.107451363657852      -4.734961783974284E-003  0.000000000000000E+000
   2.83796130796534     
  0.993160320569400       3.701124539357903E-004  0.000000000000000E+000
  0.207384074052243       5.484512948645510E-003 -2.940479806396620E-004
  0.000000000000000E+000  5.778560929285172E-003   1.00019810383659     
  0.102724528472035      -4.708366658517040E-003  0.000000000000000E+000
   2.77496814926417     
  0.991801936040528       4.428260084685768E-004  0.000000000000000E+000
  0.209968971468925       5.283166093300792E-003 -2.821865015769705E-004
  0.000000000000000E+000  5.565352594877762E-003   1.00019762070084     
  9.894556146900568E-002 -4.682804404206910E-003  0.000000000000000E+000
   2.72356360101079     
  0.990372703239448       5.189985854962523E-004  0.000000000000000E+000
  0.211765084526405       5.124960701793391E-003 -2.726217432879213E-004
  0.000000000000000E+000  5.397582445081313E-003   1.00019727984295     
  9.597644822607601E-002 -4.660968575858503E-003  0.000000000000000E+000
   2.68248896380132     
  0.988869149734546       5.988289370959963E-004  0.000000000000000E+000
  0.212800307001089       5.003403249471507E-003 -2.651139791339113E-004
  0.000000000000000E+000  5.268517228605418E-003   1.00019715410473     
  9.369518491705228E-002 -4.644454357970073E-003  0.000000000000000E+000
   2.65050157108851     
  0.987287653567351       6.824581442352054E-004  0.000000000000000E+000
  0.212135175058847       4.912205257650141E-003 -2.590276437764153E-004
  0.000000000000000E+000  5.171232901426556E-003   1.00019692287783     
  9.198415611875732E-002 -4.624570024189382E-003  0.000000000000000E+000
   2.62625613343606     
  0.985624436699843       7.699165229630898E-004  0.000000000000000E+000
  0.213092875621442       4.843080501087363E-003 -2.543337483648792E-004
  0.000000000000000E+000  5.097414249452242E-003   1.00019673776570     
  9.068813438511071E-002 -4.594286742841554E-003  0.000000000000000E+000
   2.60773378846689     
  0.983875589210279       8.616377525778661E-004  0.000000000000000E+000
  0.215310019215394       4.789223775519950E-003 -2.500986126194647E-004
  0.000000000000000E+000  5.039322388139414E-003   1.00019666803117     
  8.967905312010986E-002 -4.559208200101001E-003  0.000000000000000E+000
   2.59322277362387     
  0.982037001885699       9.572376115019621E-004  0.000000000000000E+000
  0.216283478951254       4.750493228735516E-003 -2.469795843559146E-004
  0.000000000000000E+000  4.997472813091431E-003   1.00019673800949     
  8.895266830726889E-002 -4.548651768165385E-003  0.000000000000000E+000
   2.58273830688577     
  0.980104478202655       1.057699935824212E-003  0.000000000000000E+000
  0.215009022733739       4.728409446546652E-003 -2.442572206305288E-004
  0.000000000000000E+000  4.972666667177181E-003   1.00019664533827     
  8.853877712318280E-002 -4.540622069757637E-003  0.000000000000000E+000
   2.57675835934923     
  0.978073553669464       1.161948348956863E-003  0.000000000000000E+000
  0.213808505427778       4.719545554426712E-003 -2.422548389137985E-004
  0.000000000000000E+000  4.961800393340511E-003   1.00019661122495     
  8.837332493406037E-002 -4.527060468248521E-003  0.000000000000000E+000
   2.57437048544700     
  0.975939733923639       1.271478426898274E-003  0.000000000000000E+000
  0.213042786994947       4.717474065608526E-003 -2.407215815548531E-004
  0.000000000000000E+000  4.958195647163379E-003   1.00019667265545     
  8.833579031332275E-002 -4.507183706048781E-003  0.000000000000000E+000
   2.57383449396396     
  0.973698227034776       1.385180156087390E-003  0.000000000000000E+000
  0.211914489319952       4.719586523977702E-003 -2.390697391529755E-004
  0.000000000000000E+000  4.958656263130677E-003   1.00019662581298     
  8.837686310466786E-002 -4.485529532939288E-003  0.000000000000000E+000
   2.57444324065009     
  0.971344194597081       1.504258504303337E-003  0.000000000000000E+000
  0.211582305254296       4.726828792588263E-003 -2.378749759241328E-004
  0.000000000000000E+000  4.964703768512396E-003   1.00019665036433     
  8.851378056085665E-002 -4.473908494218120E-003  0.000000000000000E+000
   2.57644943964910     
  0.968872537262536       1.628001624485897E-003  0.000000000000000E+000
  0.210953620786995       4.740766737036019E-003 -2.366159657605037E-004
  0.000000000000000E+000  4.977382702796522E-003   1.00019652910526     
  8.877632901413884E-002 -4.463656157524965E-003  0.000000000000000E+000
   2.58028211725633     
  0.966278062333970       1.757096938973359E-003  0.000000000000000E+000
  0.211095633059131       4.761835791075720E-003 -2.358887352767184E-004
  0.000000000000000E+000  4.997724526352438E-003   1.00019650663428     
  8.917242986056745E-002 -4.460304697741996E-003  0.000000000000000E+000
   2.58604492793449     
  0.963555373647426       1.891373763395130E-003  0.000000000000000E+000
  0.210897263263860       4.789464455470268E-003 -2.350782523912924E-004
  0.000000000000000E+000  5.024542707861560E-003   1.00019651103321     
  8.969181964495318E-002 -4.454220944605873E-003  0.000000000000000E+000
   2.59357691570348     
  0.960698927782761       2.030904889090778E-003  0.000000000000000E+000
  0.211178642813593       4.820612370166671E-003 -2.345499507624827E-004
  0.000000000000000E+000  5.055162320929153E-003   1.00019664778795     
  9.027751369180928E-002 -4.443158104055404E-003  0.000000000000000E+000
   2.60203576558374     
  0.957703044267799       2.176098169407578E-003  0.000000000000000E+000
  0.211162292731842       4.849716751112879E-003 -2.335547831527811E-004
  0.000000000000000E+000  5.083271534265660E-003   1.00019674109279     
  9.082568082874042E-002 -4.415324477442157E-003  0.000000000000000E+000
   2.60992282682095     
  0.954561846157195       2.326415247496387E-003  0.000000000000000E+000
  0.211466891230657       4.874096130065243E-003 -2.323424477188623E-004
  0.000000000000000E+000  5.106438577784105E-003   1.00019687722719     
  9.128530144846467E-002 -4.383777646567133E-003  0.000000000000000E+000
   2.61651810312397     
  0.951269384357213       2.482757904136671E-003  0.000000000000000E+000
  0.211721198551459       4.893939932862898E-003 -2.306450604494934E-004
  0.000000000000000E+000  5.124584993312391E-003   1.00019699219764     
  9.166015361234969E-002 -4.344802589959061E-003  0.000000000000000E+000
   2.62188663302152     
  0.947819482538107       2.644120805717701E-003  0.000000000000000E+000
  0.212088157661810       4.909785833707340E-003 -2.286345483426972E-004
  0.000000000000000E+000  5.138420382050037E-003   1.00019711574860     
  9.196014673100494E-002 -4.301133558821840E-003  0.000000000000000E+000
   2.62617649685343     
  0.944205942257812       2.811651156899837E-003  0.000000000000000E+000
  0.212685304711840       4.921926143132868E-003 -2.263269628824382E-004
  0.000000000000000E+000  5.148253106015307E-003   1.00019726764340     
  9.219081592039340E-002 -4.252645521536966E-003  0.000000000000000E+000
   2.62947231209049     
  0.940422342196095       2.984205242399509E-003  0.000000000000000E+000
  0.213040168067891       4.930888705526081E-003 -2.235740494419137E-004
  0.000000000000000E+000  5.154462754967995E-003   1.00019737295160     
  9.236213055480047E-002 -4.197061342063371E-003  0.000000000000000E+000
   2.63191931382215     
  0.936462258150449       3.162718150678633E-003  0.000000000000000E+000
  0.214010566688330       4.936662420881930E-003 -2.207363518452179E-004
  0.000000000000000E+000  5.157398772727148E-003   1.00019757697592     
  9.247365638762620E-002 -4.139760595091305E-003  0.000000000000000E+000
   2.63351365535239     
  0.932319101600151       3.346467535361265E-003  0.000000000000000E+000
  0.214519033939268       4.939751468099646E-003 -2.172708524155295E-004
  0.000000000000000E+000  5.157022320515175E-003   1.00019768906380     
  9.253519687718600E-002 -4.072814768038013E-003  0.000000000000000E+000
   2.63439702995087     
  0.927986251584928       3.535462227755561E-003  0.000000000000000E+000
  0.215798194321678       4.940858993193567E-003 -2.139969764094505E-004
  0.000000000000000E+000  5.154855969603018E-003   1.00019792943691     
  9.255935609635299E-002 -4.009340955903007E-003  0.000000000000000E+000
   2.63474874547438     
  0.923457056336885       3.730240913818279E-003  0.000000000000000E+000
  0.215978120407726       4.941308020523267E-003 -2.099475375699562E-004
  0.000000000000000E+000  5.151255558093223E-003   1.00019796947134     
  9.257164385162014E-002 -3.934372074068754E-003  0.000000000000000E+000
   2.63493329935131     
  0.918724734063985       3.928866629792209E-003  0.000000000000000E+000
  0.217616778823640       4.941534984542838E-003 -2.064119309055460E-004
  0.000000000000000E+000  5.147946915448384E-003   1.00019826485215     
  9.257937022669283E-002 -3.866934262460768E-003  0.000000000000000E+000
   2.63505230091995     
  0.913782702004972       4.134308086652536E-003  0.000000000000000E+000
  0.218003050230436       4.941534132876763E-003 -2.018530637263831E-004
  0.000000000000000E+000  5.143387196603146E-003   1.00019834015233     
  9.258352535326239E-002 -3.782551424413233E-003  0.000000000000000E+000
   2.63512188707729     
  0.908624062312831       4.341309162270438E-003  0.000000000000000E+000
  0.218420138749707       4.942443986743627E-003 -1.972099505288899E-004
  0.000000000000000E+000  5.139653937272518E-003   1.00019840592836     
  9.260474104746413E-002 -3.696525824427888E-003  0.000000000000000E+000
   2.63543396392107     
  0.903242385263693       4.554834075679027E-003  0.000000000000000E+000
  0.220599251017347       4.942564125174818E-003 -1.930190140437479E-004
  0.000000000000000E+000  5.135583139218565E-003   1.00019876961818     
  9.261087130189283E-002 -3.616008888744117E-003  0.000000000000000E+000
   2.63553121460383     
  0.897630946103148       4.770477692087010E-003  0.000000000000000E+000
  0.221176904111644       4.942183699310291E-003 -1.875775990133189E-004
  0.000000000000000E+000  5.129761298323610E-003   1.00019882079036     
  9.260832814350534E-002 -3.514851974241135E-003  0.000000000000000E+000
   2.63550575212161     
  0.891783373400719       4.989646083122509E-003  0.000000000000000E+000
  0.223962107962961       4.939740732448331E-003 -1.832717583592430E-004
  0.000000000000000E+000  5.123012490807574E-003   1.00019926435087     
  9.256633093207060E-002 -3.431115233737251E-003  0.000000000000000E+000
   2.63491814453779     
  0.885693421287334       5.213290243712273E-003  0.000000000000000E+000
  0.224165190373469       4.935541994426876E-003 -1.771538269454293E-004
  0.000000000000000E+000  5.112695821372305E-003   1.00019926011756     
  9.249239955204122E-002 -3.317788756280917E-003  0.000000000000000E+000
   2.63387678954095     
  0.879354799790459       5.435549238576376E-003  0.000000000000000E+000
  0.224770013593115       4.934165488707711E-003 -1.710914251886379E-004
  0.000000000000000E+000  5.105256913896349E-003   1.00019927717627     
  9.247122228979388E-002 -3.206291151323526E-003  0.000000000000000E+000
   2.63358693890722     
  0.872761850024891       5.661595916410732E-003  0.000000000000000E+000
  0.228244557493781       4.929547243694540E-003 -1.659536629987679E-004
  0.000000000000000E+000  5.095500906693307E-003   1.00019980247417     
  9.238874840055658E-002 -3.104626990060712E-003  0.000000000000000E+000
   2.63242187648320     
  0.865908887614107       5.888050303986711E-003  0.000000000000000E+000
  0.228464197547964       4.919640028121345E-003 -1.587234187646400E-004
  0.000000000000000E+000  5.078363446885985E-003   1.00019975759854     
  9.220804425128643E-002 -2.968385575045529E-003  0.000000000000000E+000
   2.62985611174844     
  0.858790596690845       6.112150921137999E-003  0.000000000000000E+000
  0.229387959518363       4.911026513208831E-003 -1.521739729077946E-004
  0.000000000000000E+000  5.063200486116626E-003   1.00019979718741     
  9.205095667147792E-002 -2.847423256306456E-003  0.000000000000000E+000
   2.62762656212652     
  0.851402232938537       6.337426796155764E-003  0.000000000000000E+000
  0.232549412619846       4.901023395845065E-003 -1.458303227376159E-004
  0.000000000000000E+000  5.046853718582681E-003   1.00020024262607     
  9.186761014145856E-002 -2.726421689222529E-003  0.000000000000000E+000
   2.62501897161624     
  0.843739242234269       6.559807874772471E-003  0.000000000000000E+000
  0.233223151192533       4.889641643742356E-003 -1.376727564892109E-004
  0.000000000000000E+000  5.027314400231566E-003   1.00020026259269     
  9.165905862175835E-002 -2.575156399203419E-003  0.000000000000000E+000
   2.62204769258705     
  0.835797614343686       6.776554441764220E-003  0.000000000000000E+000
  0.234317389885746       4.881991764958109E-003 -1.302532794019628E-004
  0.000000000000000E+000  5.012245044360072E-003   1.00020028149167     
  9.151990194837883E-002 -2.438121990345908E-003  0.000000000000000E+000
   2.62006691970509     
  0.827574033874230       6.990933322577417E-003  0.000000000000000E+000
  0.237909020905363       4.872032946576371E-003 -1.235974634110624E-004
  0.000000000000000E+000  4.995630409987434E-003   1.00020077536552     
  9.133695831527228E-002 -2.310116561771549E-003  0.000000000000000E+000
   2.61745602315529     
  0.819065622350018       7.200829533666883E-003  0.000000000000000E+000
  0.238860568042583       4.858741976546491E-003 -1.145586625071504E-004
  0.000000000000000E+000  4.973300639053642E-003   1.00020084297576     
  9.109217094609198E-002 -2.141480558992398E-003  0.000000000000000E+000
   2.61395334834832     
  0.810270040767068       7.398615321999188E-003  0.000000000000000E+000
  0.239306287081718       4.849725455465595E-003 -1.055149169021468E-004
  0.000000000000000E+000  4.955240372367742E-003   1.00020071906574     
  9.092720182774282E-002 -1.974909493374513E-003  0.000000000000000E+000
   2.61159260691322     
  0.801185958372473       7.589628713596443E-003  0.000000000000000E+000
  0.242151520759990       4.840991239186554E-003 -9.809130967737425E-005
  0.000000000000000E+000  4.939082548863928E-003   1.00020100747919     
  9.076667471240607E-002 -1.833664009028999E-003  0.000000000000000E+000
   2.60929263251509     
  0.791812627973472       7.772394067772765E-003  0.000000000000000E+000
  0.244801074179350       4.825670928150970E-003 -8.950346252654198E-005
  0.000000000000000E+000  4.915174390677512E-003   1.00020131635646     
  9.048267582771655E-002 -1.669687107490825E-003  0.000000000000000E+000
   2.60521122616632     
  0.782150065254686       7.942422822669317E-003  0.000000000000000E+000
  0.245507203889929       4.807926827262459E-003 -7.933456003923601E-005
  0.000000000000000E+000  4.887261387301695E-003   1.00020127571962     
  9.015317843916697E-002 -1.480068583648628E-003  0.000000000000000E+000
   2.60046465621026     
  0.772199185767239       8.095718475719276E-003  0.000000000000000E+000
  0.246118488267030       4.793968243760010E-003 -6.965484466269357E-005
  0.000000000000000E+000  4.863623088422703E-003   1.00020114213811     
  8.989407770504426E-002 -1.300731350778946E-003  0.000000000000000E+000
   2.59672544956755     
  0.761961923922881       8.235501917519613E-003  0.000000000000000E+000
  0.248282205875057       4.781053221433180E-003 -6.093717317297245E-005
  0.000000000000000E+000  4.841990394606152E-003   1.00020126681250     
  8.965389542396972E-002 -1.136516877235218E-003  0.000000000000000E+000
   2.59325300300880     
  0.751441078648974       8.360036325710233E-003  0.000000000000000E+000
  0.251134788818263       4.763312524434149E-003 -5.189676245230850E-005
  0.000000000000000E+000  4.815209286886458E-003   1.00020160341630     
  8.932281233007425E-002 -9.645974432576231E-004  0.000000000000000E+000
   2.58845643072070     
  0.740640446574066       8.467539394565621E-003  0.000000000000000E+000
  0.252413594340624       4.742782213726275E-003 -4.109327466532937E-005
  0.000000000000000E+000  4.783875488391604E-003   1.00020169341538     
  8.893899832683386E-002 -7.624020052806753E-004  0.000000000000000E+000
   2.58287969546209     
  0.729564815658738       8.549226778783900E-003  0.000000000000000E+000
  0.252575432007689       4.725502809616332E-003 -3.004526286148433E-005
  0.000000000000000E+000  4.755548072477816E-003   1.00020154496852     
  8.861554357877736E-002 -5.573627561943804E-004  0.000000000000000E+000
   2.57816601317537     
  0.718220157151689       8.609815858319162E-003  0.000000000000000E+000
  0.254072884695461       4.710385496546175E-003 -2.034255550765415E-005
  0.000000000000000E+000  4.730728052053829E-003   1.00020163773956     
  8.833176180877433E-002 -3.753484749093808E-004  0.000000000000000E+000
   2.57401772169063     
  0.706613454876314       8.648074977020741E-003  0.000000000000000E+000
  0.255670973074530       4.694070882773623E-003 -1.056738946294906E-005
  0.000000000000000E+000  4.704638272236572E-003   1.00020175379447     
  8.802440447720883E-002 -1.916131909183619E-004  0.000000000000000E+000
   2.56950765267723     
  0.694752788406665       8.662372544331720E-003  0.000000000000000E+000
  0.257364883655100       4.675860127308585E-003 -6.546566211231978E-007
  0.000000000000000E+000  4.676514783929708E-003   1.00020185738658     
  8.768024937067134E-002 -4.933557690702004E-006  0.000000000000000E+000
   2.56443910710512     
  0.682647343539202       8.651157664054129E-003  0.000000000000000E+000
  0.259075537810077       4.656386646416774E-003  9.860017722716532E-006
  0.000000000000000E+000  4.666246664139491E-003   1.00020202057167     
  8.731131700652361E-002  1.918968615658067E-004  0.000000000000000E+000
   2.55898743989214     
  0.670307422204054       8.610315629881678E-003  0.000000000000000E+000
  0.259635741807188       4.639465387248132E-003  2.106100734103547E-005
  0.000000000000000E+000  4.660526394589167E-003   1.00020201986226     
  8.698920448857325E-002  4.000944511368770E-004  0.000000000000000E+000
   2.55420289909276     
  0.657744432187388       8.537819516044324E-003  0.000000000000000E+000
  0.259875918485022       4.626574731285986E-003  3.174067707025287E-005
  0.000000000000000E+000  4.658315408356239E-003   1.00020189265028     
  8.674183152493289E-002  5.993325040630547E-004  0.000000000000000E+000
   2.55050254685131     
  0.644970813927204       8.436245338104848E-003  0.000000000000000E+000
  0.260888645921113       4.614516291956854E-003  4.173679076600641E-005
  0.000000000000000E+000  4.656253082722860E-003   1.00020187918098     
  8.650925524310096E-002  7.868777981214505E-004  0.000000000000000E+000
   2.54700861748682     
  0.632000051176599       8.304733450058579E-003  0.000000000000000E+000
  0.261797161732375       4.601373002179388E-003  5.167418870336873E-005
  0.000000000000000E+000  4.653047190882757E-003   1.00020186736695     
  8.625537346225332E-002  9.734292664155900E-004  0.000000000000000E+000
   2.54318748978930     
  0.618846621299056       8.142643113908310E-003  0.000000000000000E+000
  0.262594535874769       4.587615987198152E-003  6.150804741710526E-005
  0.000000000000000E+000  4.649124034615257E-003   1.00020183279550     
  8.598900595664023E-002  1.157695981093416E-003  0.000000000000000E+000
   2.53916740277514     
  0.605525942452643       7.949576021555563E-003  0.000000000000000E+000
  0.263467654189526       4.574145348802477E-003  7.120202347895180E-005
  0.000000000000000E+000  4.645347372281429E-003   1.00020179175361     
  8.572701316718112E-002  1.338970135507258E-003  0.000000000000000E+000
   2.53519632168230     
  0.592054310759683       7.725396929789890E-003  0.000000000000000E+000
  0.264660000103504       4.561880101570848E-003  8.083726216205428E-005
  0.000000000000000E+000  4.642717363732903E-003   1.00020182853364     
  8.548653983654528E-002  1.518634733409705E-003  0.000000000000000E+000
   2.53152727955213     
  0.578448841139469       7.469587338919363E-003  0.000000000000000E+000
  0.264688245168372       4.552842064071793E-003  9.087173811925786E-005
  0.000000000000000E+000  4.643713802191050E-003   1.00020165596550     
  8.530516109786601E-002  1.704933426873142E-003  0.000000000000000E+000
   2.52871515294311     
  0.564727426131715       7.179798545920949E-003  0.000000000000000E+000
  0.264302362211311       4.547755304829496E-003  1.005211122900006E-004
  0.000000000000000E+000  4.648276417119497E-003   1.00020128999896     
  8.519652850573475E-002  1.884476274547739E-003  0.000000000000000E+000
   2.52696357628580     
  0.550908452145140       6.860707846468249E-003  0.000000000000000E+000
  0.264830207103159       4.544471137999523E-003  1.092400758948973E-004
  0.000000000000000E+000  4.653711213894420E-003   1.00020103394417     
  8.512005353395012E-002  2.047252083254752E-003  0.000000000000000E+000
   2.52566440459482     
  0.537010910895377       6.513416561857800E-003  0.000000000000000E+000
  0.265323131809510       4.542091574926338E-003  1.176133978291275E-004
  0.000000000000000E+000  4.659704972755465E-003   1.00020075226790     
  8.505862083450544E-002  2.203255165794855E-003  0.000000000000000E+000
   2.52456157111566     
  0.523054228165777       6.139328491792367E-003  0.000000000000000E+000
  0.265855131054423       4.540984841110090E-003  1.256028904214018E-004
  0.000000000000000E+000  4.666587731531492E-003   1.00020041017484     
  8.501972923820098E-002  2.351962427571064E-003  0.000000000000000E+000
   2.52377492227081     
  0.509058155752480       5.740143054580419E-003  0.000000000000000E+000
  0.266447894244948       4.541050249303917E-003  1.331587874170174E-004
  0.000000000000000E+000  4.674209036720935E-003   1.00020002233178     
  8.500176750880659E-002  2.492532087808134E-003  0.000000000000000E+000
   2.52328399670689     
  0.495042659692362       5.317842972884984E-003  0.000000000000000E+000
  0.267156726162739       4.542085504163724E-003  1.402282614198967E-004
  0.000000000000000E+000  4.682313765583621E-003   1.00019958154705     
  8.500099371227116E-002  2.623970763380884E-003  0.000000000000000E+000
   2.52303311469647     
  0.481027806142041       4.874676585191666E-003  0.000000000000000E+000
  0.268105173903677       4.544213450997604E-003  1.467685692681832E-004
  0.000000000000000E+000  4.690982020265787E-003   1.00019909122672     
  8.501976707280823E-002  2.745285938652801E-003  0.000000000000000E+000
   2.52305710750582     
  0.467033646316841       4.413134998349662E-003  0.000000000000000E+000
  0.269502485360590       4.547655442637722E-003  1.527705408536063E-004
  0.000000000000000E+000  4.700425983491329E-003   1.00019855767218     
  8.506174148063998E-002  2.856367241233058E-003  0.000000000000000E+000
   2.52340236430276     
  0.453080108148714       3.935745123473622E-003  0.000000000000000E+000
  0.270901954160081       4.552860805407575E-003  1.584165033302306E-004
  0.000000000000000E+000  4.711277308737806E-003   1.00019793922597     
  8.513417118901184E-002  2.960392711920360E-003  0.000000000000000E+000
   2.52415978359815     
  0.439186917314490       3.444124449314979E-003  0.000000000000000E+000
  0.273322646247152       4.558936458872564E-003  1.632435537816141E-004
  0.000000000000000E+000  4.722180012654178E-003   1.00019738578766     
  8.522085119624757E-002  3.050173925553334E-003  0.000000000000000E+000
   2.52509369045848     
  0.425373323286012       2.943537917647252E-003  0.000000000000000E+000
  0.278405013978727       4.561327894682845E-003  1.668190102452462E-004
  0.000000000000000E+000  4.728146904928091E-003   1.00019731179897     
  8.523785134862630E-002  3.118325083793576E-003  0.000000000000000E+000
   2.52497678516602     
  0.411658191042757       2.437221773305309E-003  0.000000000000000E+000
  0.286256800152614       4.550988199465797E-003  1.711610270818351E-004
  0.000000000000000E+000  4.722149226547632E-003   1.00019775653921     
  8.501327156856615E-002  3.204350808960062E-003  0.000000000000000E+000
   2.52124416879720     
  0.398060300010423       1.916233981970908E-003  0.000000000000000E+000
  0.294146699348403       4.513134023780012E-003  1.808591836206206E-004
  0.000000000000000E+000  4.693993207400633E-003   1.00019816513169     
  8.426230143566299E-002  3.395314640787905E-003  0.000000000000000E+000
   2.50957088029599     
  0.384598635456386       1.352902573853140E-003  0.000000000000000E+000
  0.297618953832398       4.440264310699938E-003  1.971068739461993E-004
  0.000000000000000E+000  4.637371184646137E-003   1.00019791863593     
  8.283990730447136E-002  3.707884548137707E-003  0.000000000000000E+000
   2.48761849233548     
  0.371291267288200       7.281164213263902E-004  0.000000000000000E+000
  0.296966528108669       4.337489372128404E-003  2.150923113794358E-004
  0.000000000000000E+000  4.552581683507839E-003   1.00019689696390     
  8.084797277286854E-002  4.048846108893963E-003  0.000000000000000E+000
   2.45671636507935     
  0.358154780898738       4.178473641569574E-005  0.000000000000000E+000
  0.297160633134126       4.219910341594465E-003  2.309961756002686E-004
  0.000000000000000E+000  4.450906517194733E-003   1.00019609213814     
  7.857703922703131E-002  4.342729717197700E-003  0.000000000000000E+000
   2.42108198727361     
  0.345204555188213      -6.996594131643285E-004  0.000000000000000E+000
  0.295923682950161       4.112328294362824E-003  2.464535256285978E-004
  0.000000000000000E+000  4.358781819991422E-003   1.00019523566050     
  7.648865046227610E-002  4.617541039865350E-003  0.000000000000000E+000
   2.38771148507378     
  0.332455505085775      -1.498146808410845E-003  0.000000000000000E+000
  0.291360212482232       4.030796161560078E-003  2.614728414381720E-004
  0.000000000000000E+000  4.292269002998250E-003   1.00019406920088     
  7.488177937114260E-002  4.882806714955897E-003  0.000000000000000E+000
   2.36142340161822     
  0.319920537181743      -2.339667901782980E-003  0.000000000000000E+000
  0.287107714772674       3.971741530838542E-003  2.744677730683711E-004
  0.000000000000000E+000  4.246209303906913E-003   1.00019335814733     
  7.369294134538491E-002  5.112693321143241E-003  0.000000000000000E+000
   2.34146741057185     
  0.307611656831778      -3.214917519367286E-003  0.000000000000000E+000
  0.283091820153913       3.926564590001269E-003  2.862921826998411E-004
  0.000000000000000E+000  4.212856772701110E-003   1.00019293499951     
  7.276025712550092E-002  5.321560561367086E-003  0.000000000000000E+000
   2.32539902374734     
  0.295539909591286      -4.117285986877651E-003  0.000000000000000E+000
  0.279068019244960       3.891514906821316E-003  2.972625338401511E-004
  0.000000000000000E+000  4.188777440661467E-003   1.00019284315861     
  7.201177740783821E-002  5.514821678951386E-003  0.000000000000000E+000
   2.31211057163391     
  0.283715218424319      -5.040365564571752E-003  0.000000000000000E+000
  0.275882426080216       3.863607145304375E-003  3.072911912458664E-004
  0.000000000000000E+000  4.170898336550242E-003   1.00019316801874     
  7.139132865936799E-002  5.690215693069088E-003  0.000000000000000E+000
   2.30072789026865     
  0.272146384621058      -5.978022424434283E-003  0.000000000000000E+000
  0.271624876766055       3.843058433742929E-003  3.172336513502841E-004
  0.000000000000000E+000  4.160292085093213E-003   1.00019371697221     
  7.090091121378257E-002  5.861194956089726E-003  0.000000000000000E+000
   2.29128974486149     
  0.260841459952367      -6.928699530984975E-003  0.000000000000000E+000
  0.265756019689661       3.832560912618911E-003  3.268610919852138E-004
  0.000000000000000E+000  4.159422004604126E-003   1.00019436799898     
  7.059024849170169E-002  6.025613355703093E-003  0.000000000000000E+000
   2.28461986163439     
  0.249806769810523      -7.883567295849768E-003  0.000000000000000E+000
  0.261028006942070       3.828416830260262E-003  3.345876719173058E-004
  0.000000000000000E+000  4.163004502177567E-003   1.00019535110321     
  7.039468024589637E-002  6.156617288847717E-003  0.000000000000000E+000
   2.27972267735801     
  0.239047492115207      -8.833844321215513E-003  0.000000000000000E+000
  0.257015737302254       3.826350809287650E-003  3.406196802907010E-004
  0.000000000000000E+000  4.166970489578351E-003   1.00019686467521     
  7.023372430479866E-002  6.255771635599454E-003  0.000000000000000E+000
   2.27527911208594     
  0.228568063927081      -9.774779615069130E-003  0.000000000000000E+000
  0.252647218831271       3.827487319141395E-003  3.457422565043910E-004
  0.000000000000000E+000  4.173229575645786E-003   1.00019865728650     
  7.012510160087768E-002  6.336601774617255E-003  0.000000000000000E+000
   2.27154608733299     
  0.218371927887734      -1.070216068614966E-002  0.000000000000000E+000
  0.246909344302594       3.833045801060590E-003  3.503230562507384E-004
  0.000000000000000E+000  4.183368857311329E-003   1.00020051989123     
  7.008956635222882E-002  6.406117729476385E-003  0.000000000000000E+000
   2.26884540095101     
  0.208461650332017      -1.161318441176501E-002  0.000000000000000E+000
  0.241011294399868       3.843797234939629E-003  3.537413130378849E-004
  0.000000000000000E+000  4.197538547977514E-003   1.00020268974878     
  7.014267103016494E-002  6.452990460947624E-003  0.000000000000000E+000
   2.26743823693617     
  0.198838436947398      -1.250075963881363E-002  0.000000000000000E+000
  0.236349066389948       3.860330944295790E-003  3.557193844085158E-004
  0.000000000000000E+000  4.216050328704306E-003   1.00020543083536     
  7.029573217898713E-002  6.472552211878119E-003  0.000000000000000E+000
   2.26751204708992     
  0.189502895766597      -1.336127223884795E-002  0.000000000000000E+000
  0.230724848497857       3.884663528742272E-003  3.572485719099731E-004
  0.000000000000000E+000  4.241912100652245E-003   1.00020865787783     
  7.058085229637745E-002  6.481197652458557E-003  0.000000000000000E+000
   2.26952721984851     
  0.180454910724205      -1.419260156117742E-002  0.000000000000000E+000
  0.224812964926286       3.921744058897256E-003  3.581945988564432E-004
  0.000000000000000E+000  4.279938657753699E-003   1.00021233052943     
  7.108892661476615E-002  6.475398937064112E-003  0.000000000000000E+000
   2.27493640195438     
  0.171693255296651      -1.498933665163374E-002  0.000000000000000E+000
  0.220768941728466       3.973585900701828E-003  3.582127708695621E-004
  0.000000000000000E+000  4.331798671571390E-003   1.00021661939792     
  7.185569501519276E-002  6.452326124332983E-003  0.000000000000000E+000
   2.28427374013561     
  0.163216160245772      -1.574824056262389E-002  0.000000000000000E+000
  0.216737702372029       4.038224106926385E-003  3.582109483017985E-004
  0.000000000000000E+000  4.396435055228184E-003   1.00022138776893     
  7.283695445916910E-002  6.428656475753212E-003  0.000000000000000E+000
   2.29668887501380     
  0.155021505005991      -1.646991939561590E-002  0.000000000000000E+000
  0.208994433195357       4.123768701811079E-003  3.590985723187502E-004
  0.000000000000000E+000  4.482867274129829E-003   1.00022531790626     
  7.417564505995311E-002  6.411129669735432E-003  0.000000000000000E+000
   2.31430052892062     
  0.147106334224531      -1.715296303207054E-002  0.000000000000000E+000
  0.206311471130903       4.233858621581139E-003  3.574881541233943E-004
  0.000000000000000E+000  4.591346775704533E-003   1.00023040633693     
  7.594807197732453E-002  6.349553007977767E-003  0.000000000000000E+000
   2.33828732119895     
  0.139466267089614      -1.778558548152064E-002  0.000000000000000E+000
  0.206939715563522       4.357106543163511E-003  3.546690699069001E-004
  0.000000000000000E+000  4.711775613070411E-003   1.00023803745905     
  7.793143439288147E-002  6.275897421905850E-003  0.000000000000000E+000
   2.36486738563546     
  0.132098175810340      -1.837689199987649E-002  0.000000000000000E+000
  0.199195665168190       4.498253790659634E-003  3.546524864658401E-004
  0.000000000000000E+000  4.852906277125474E-003   1.00024321262784     
  8.018828940787293E-002  6.237763781687107E-003  0.000000000000000E+000
   2.39458633647710     
  0.124997769952504      -1.892872200988259E-002  0.000000000000000E+000
  0.196966545800933       4.661032430619610E-003  3.481413387355315E-004
  0.000000000000000E+000  5.009173769355142E-003   1.00024877851734     
  8.282802111493692E-002  6.083960183339942E-003  0.000000000000000E+000
   2.42942434681736     
  0.118158763957459      -1.942103531766246E-002  0.000000000000000E+000
  0.199742221100450       4.835104236253549E-003  3.383525459008181E-004
  0.000000000000000E+000  5.173456782154366E-003   1.00025931433843     
  8.563735244420970E-002  5.887219645195897E-003  0.000000000000000E+000
   2.46578157303064     
  0.111577324482708      -1.987073175919550E-002  0.000000000000000E+000
  0.190297115131443       5.030862175263147E-003  3.340323039482775E-004
  0.000000000000000E+000  5.364894479211425E-003   1.00026645385667     
  8.874799780839604E-002  5.762596321632906E-003  0.000000000000000E+000
   2.50478993702033     
  0.105248108561165      -2.028128798648830E-002  0.000000000000000E+000
  0.187268620739133       5.254026823948580E-003  3.176867467355076E-004
  0.000000000000000E+000  5.571713570684087E-003   1.00027190736273     
  9.235120428796531E-002  5.423276882097237E-003  0.000000000000000E+000
   2.55002243124995     
  9.916376395001603E-002 -2.062514136152142E-002  0.000000000000000E+000
  0.191224074468664       5.501088519824379E-003  2.977924281954057E-004
  0.000000000000000E+000  5.798880948019785E-003   1.00027971780318     
  9.632202350822780E-002  5.041809833398723E-003  0.000000000000000E+000
   2.59879957320926     
  9.332012723962402E-002 -2.093049604161815E-002  0.000000000000000E+000
  0.183584938008835       5.787194392579656E-003  2.834904472134818E-004
  0.000000000000000E+000  6.070684839793138E-003   1.00028361961849     
  0.100858111720205       4.724013944374057E-003  0.000000000000000E+000
   2.65268369148952     
  8.771055058917909E-002 -2.119011388496281E-002  0.000000000000000E+000
  0.190018186543512       6.102461627530024E-003  2.514033935659549E-004
  0.000000000000000E+000  6.353865021095979E-003   1.00028899213885     
  0.105909599636833       4.120141344532999E-003  0.000000000000000E+000
   2.71218768498914     
  8.232832898163722E-002 -2.138787159074580E-002  0.000000000000000E+000
  0.188616270632565       6.446029114145465E-003  2.196525587964112E-004
  0.000000000000000E+000  6.665681672941876E-003   1.00029401537987     
  0.111328740897396       3.528737764845892E-003  0.000000000000000E+000
   2.77360473469868     
  7.716826630280238E-002 -2.155356702706770E-002  0.000000000000000E+000
  0.178551541606339       6.822617676038771E-003  1.770025080205917E-004
  0.000000000000000E+000  6.999620184059363E-003   1.00029661728432     
  0.117248625718803       2.722664617552264E-003  0.000000000000000E+000
   2.83900049534685     
  7.222301122247532E-002 -2.165524915438587E-002  0.000000000000000E+000
  0.185015022958169       7.204608323936399E-003  1.162057154455838E-004
  0.000000000000000E+000  7.320814039381983E-003   1.00030005504584     
  0.123220979515345       1.682773483895718E-003  0.000000000000000E+000
   2.90322848206444     
  6.748705146715417E-002 -2.171479524477504E-002  0.000000000000000E+000
  0.176298545904729       7.565641044852643E-003  6.026664754051450E-005
  0.000000000000000E+000  7.625907692393158E-003   1.00029968304241     
  0.128615966676517       7.464748344157301E-004  0.000000000000000E+000
   2.95706577542935     
  6.295371259758120E-002 -2.173446819730835E-002  0.000000000000000E+000
  0.192259739095562       7.854121168153419E-003 -2.883060461438900E-005
  0.000000000000000E+000  7.882951772767807E-003   1.00030075067551     
  0.132838201315518      -7.192321122203074E-004  0.000000000000000E+000
   2.99757293490683     
  5.861711578290607E-002 -2.168853676842170E-002  0.000000000000000E+000
  0.193426958817327       8.140151266473140E-003 -1.120327368888601E-004
  0.000000000000000E+000  8.252184003362001E-003   1.00029856875432     
  0.136802278415568      -2.151137657016420E-003  0.000000000000000E+000
   3.03250431604269     
  5.447044604999962E-002 -2.162336907966074E-002  0.000000000000000E+000
  0.183157094296575       8.461517968585040E-003 -2.282051740234813E-004
  0.000000000000000E+000  8.689723142608522E-003   1.00029631611261     
  0.141403839352892      -4.181674828996580E-003  0.000000000000000E+000
   3.07494900822228     
  5.050903214194746E-002 -2.147729249486757E-002  0.000000000000000E+000
  0.190994391067989       8.859947379093406E-003 -3.648818218276872E-004
  0.000000000000000E+000  9.224829200921093E-003   1.00029641540382     
  0.147220171940732      -6.509377250812402E-003  0.000000000000000E+000
   3.12955533880723     
  4.672541388620077E-002 -2.131085761769123E-002  0.000000000000000E+000
  0.191315890441956       9.400257398412310E-003 -5.109510125274470E-004
  0.000000000000000E+000  9.911208410939757E-003   1.00029335067189     
  0.155107182619103      -9.095668060456710E-003  0.000000000000000E+000
   3.20241541823591     
  4.311516124701154E-002 -2.108321818922540E-002  0.000000000000000E+000
  0.212280004090644       1.007011942694855E-002 -7.172192133558530E-004
  0.000000000000000E+000  1.078733864030441E-002   1.00029296954434     
  0.165195457135109      -1.260161698707772E-002  0.000000000000000E+000
   3.29749421328199     
  3.967223005436371E-002 -2.081626001427382E-002  0.000000000000000E+000
  0.227156185075501       1.084281248921062E-002 -9.414270178148075E-004
  0.000000000000000E+000  1.178423950702542E-002   1.00029131021354     
  0.176602515777096      -1.622507610570986E-002  0.000000000000000E+000
   3.39962313729626     
  3.639054179185175E-002 -2.050759722952964E-002  0.000000000000000E+000
  0.249821563975956       1.153018270291257E-002 -1.233676768377888E-003
  0.000000000000000E+000  1.276385947129046E-002   1.00029146631828     
  0.186780671688538      -2.080242161869756E-002  0.000000000000000E+000
   3.49022753204052     
  3.326778181846923E-002 -2.014011535744205E-002  0.000000000000000E+000
  0.257499631882865       1.212184567739203E-002 -1.523002024535787E-003
  0.000000000000000E+000  1.364484770192781E-002   1.00028844696877     
  0.195023489052369      -2.515096806572377E-002  0.000000000000000E+000
   3.55783064448033     
  3.029382127105174E-002 -1.975029503451204E-002  0.000000000000000E+000
  0.285125424772787       1.248361213507021E-002 -1.873270620001456E-003
  0.000000000000000E+000  1.435688275507167E-002   1.00028801653049     
  0.199924220064480      -3.050117997163484E-002  0.000000000000000E+000
   3.59981123785920     
  2.747317396944959E-002 -1.928113185504812E-002  0.000000000000000E+000
  0.296415564752351       1.279987537996770E-002 -2.209228497781967E-003
  0.000000000000000E+000  1.500910387774966E-002   1.00028618314010     
  0.203703353711454      -3.565861008913424E-002  0.000000000000000E+000
   3.62885891601786     
  2.478833495795718E-002 -1.880921559024042E-002  0.000000000000000E+000
  0.328627581799537       1.297036002771187E-002 -2.628697551278991E-003
  0.000000000000000E+000  1.559905757899087E-002   1.00028801018417     
  0.205763339225816      -4.216853057621384E-002  0.000000000000000E+000
   3.65146443935779     
  2.225501326225521E-002 -1.823565211469499E-002  0.000000000000000E+000
  0.361526245543018       1.315154342497190E-002 -3.052253878298682E-003
  0.000000000000000E+000  1.620379730327058E-002   1.00029039853920     
  0.207807740412205      -4.876065704132357E-002  0.000000000000000E+000
   3.67393234109558     
  1.984559696190713E-002 -1.767184233715069E-002  0.000000000000000E+000
  0.394405334734984       1.326071714465778E-002 -3.555737634911356E-003
  0.000000000000000E+000  1.681645477956913E-002   1.00029334468947     
  0.209153983125253      -5.674802246544398E-002  0.000000000000000E+000
   3.69902960360120     
  1.758713226318775E-002 -1.699731615131953E-002  0.000000000000000E+000
  0.449685291225478       1.335778883038763E-002 -4.119223063749588E-003
  0.000000000000000E+000  1.747701189413721E-002   1.00029954238581     
  0.210747073166587      -6.575466062790603E-002  0.000000000000000E+000
   3.73446876329138     
  1.544650428983374E-002 -1.632605898462604E-002  0.000000000000000E+000
  0.517952967539941       1.344556905830841E-002 -4.728661862515877E-003
  0.000000000000000E+000  1.817423092082428E-002   1.00030471200799     
  0.212147403880945      -7.549635427499066E-002  0.000000000000000E+000
   3.77235915447873     
  1.345295496273136E-002 -1.555732975657546E-002  0.000000000000000E+000
  0.611941369251781       1.338524857881936E-002 -5.423528375539515E-003
  0.000000000000000E+000  1.880877695435888E-002   1.00031406300470     
  0.212228161432487      -8.694020954344553E-002  0.000000000000000E+000
   3.81694894757113     
  1.157947612225185E-002 -1.477144945561017E-002  0.000000000000000E+000
  0.691135752845412       1.315230341919604E-002 -6.077248424089130E-003
  0.000000000000000E+000  1.922955184328517E-002   1.00032345772566     
  0.209689313509637      -9.717704108674660E-002  0.000000000000000E+000
   3.84030912068460     
  9.848531301419383E-003 -1.390624975671154E-002  0.000000000000000E+000
  0.791199318518920       1.230488566145446E-002 -6.598964263025814E-003
  0.000000000000000E+000  1.890384992448027E-002   1.00033767658981     
  0.198805228914700      -0.105718656884785       0.000000000000000E+000
   3.81138550467830     
  8.249723698091849E-003 -1.299967384081004E-002  0.000000000000000E+000
  0.892297825437481       1.109010720361277E-002 -6.813118214180928E-003
  0.000000000000000E+000  1.790322541779370E-002   1.00035401607251     
  0.181487384472903      -0.109318426682431       0.000000000000000E+000
   3.71448592423761     
  6.785477286839425E-003 -1.203901627367612E-002  0.000000000000000E+000
   1.05871534583298       9.199603216067968E-003 -6.647305770650722E-003
  0.000000000000000E+000  1.584690898671869E-002   1.00038255855041     
  0.154519407045060      -0.106827282665039       0.000000000000000E+000
   3.52666896677324     
  5.478550221508449E-003 -1.101314324896579E-002  0.000000000000000E+000
   1.14122207349260       6.970911223411024E-003 -5.833623145368508E-003
  0.000000000000000E+000  1.280453436877953E-002   1.00039676055533     
  0.120658966231056      -9.345795731077525E-002  0.000000000000000E+000
   3.20095551719713     
  4.290827434544564E-003 -9.965556159078107E-003  0.000000000000000E+000
   1.23182388720829       4.351776991965444E-003 -4.368261278383272E-003
  0.000000000000000E+000  8.720038270348715E-003   1.00041274865701     
  8.080719973104231E-002 -6.835411659968041E-002  0.000000000000000E+000
   2.69129515809773     
  3.296772041745166E-003 -8.840112919361187E-003  0.000000000000000E+000
   1.31268787636941       1.863797007362560E-003 -2.215767989424714E-003
  0.000000000000000E+000  4.079564996787275E-003   1.00042047866555     
  3.941479465962582E-002 -3.262420519448433E-002  0.000000000000000E+000
   1.88666548597726     
  2.396870789097783E-003 -7.727149985343641E-003  0.000000000000000E+000
   1.12071849664540       2.085751723258393E-005 -2.519955377136076E-005
  0.000000000000000E+000  4.605707100394469E-005   1.00039528846444     
  7.409218509476016E-003  4.351104289913318E-003  0.000000000000000E+000
  0.779463934217730     
  1.722008488210358E-003 -6.549785302129726E-003  0.000000000000000E+000
  0.998999864966436      -9.753393768135319E-004  1.770676860443951E-003
  0.000000000000000E+000 -2.746016237257483E-003   1.00037302940184     
 -1.250107273709963E-002  3.453481886368535E-002  0.000000000000000E+000
   1.62397870490640     
  1.113140182790850E-003 -5.409418156526647E-003  0.000000000000000E+000
  0.998958569581191      -1.442300771111672E-003  3.362333265698206E-003
  0.000000000000000E+000 -4.804634036809878E-003   1.00035490452018     
 -1.985247661454444E-002  6.359899565118171E-002  0.000000000000000E+000
   2.19740048618013     
  7.225228813823037E-004 -4.248492033251204E-003  0.000000000000000E+000
  0.965286094314024      -1.582787503946378E-003  5.002333541774779E-003
  0.000000000000000E+000 -6.585121045721157E-003   1.00034470777818     
 -2.315148865676094E-002  9.344320426023522E-002  0.000000000000000E+000
   2.65574361164075     
  3.880251048486993E-004 -3.130464215962858E-003  0.000000000000000E+000
  0.928372452075337      -1.538460958481204E-003  6.534497377623076E-003
  0.000000000000000E+000 -8.072958336104280E-003   1.00033474368275     
 -2.252192841979419E-002  0.121392356026815       0.000000000000000E+000
   3.01239014175762     
  1.970395846617734E-004 -2.043563727562371E-003  0.000000000000000E+000
  0.839303234422914      -1.060361990701741E-003  7.834712967970387E-003
  0.000000000000000E+000 -8.895074958672129E-003   1.00031706849173     
 -1.473222725102829E-002  0.145287279825300       0.000000000000000E+000
   3.28413142058681     
  9.598016850720370E-005 -9.954425719247947E-004  0.000000000000000E+000
  0.822252880393307      -8.630835045736286E-004  9.003900570972620E-003
  0.000000000000000E+000 -9.866984075546249E-003   1.00031297930731     
 -1.085246170841385E-002  0.166784468934695       0.000000000000000E+000
   3.51428955808809     
  0.000000000000000E+000  0.000000000000000E+000  0.000000000000000E+000
  0.775271914785435      -7.220821972809684E-005  1.023929266657099E-002
  0.000000000000000E+000 -1.031150088629909E-002   1.00030097994574     
  5.004117929703429E-003  0.189130289190535       0.000000000000000E+000
   3.73869083263380     
 zone i=         151
  0.000000000000000E+000  0.000000000000000E+000  0.000000000000000E+000
  0.775271914785435      -7.220821972809684E-005  1.023929266657099E-002
  0.000000000000000E+000 -1.031150088629909E-002   1.00030097994574     
  5.004117929703429E-003  0.189130289190535       0.000000000000000E+000
   3.73869083263380     
  8.124748189053399E-005  9.967570191826214E-004  0.000000000000000E+000
  0.802943769434478       9.412043808859214E-004  1.160373782365823E-002
  0.000000000000000E+000  1.254494220454415E-002   1.00030153167330     
  2.368853723495842E-002  0.213935302360046       0.000000000000000E+000
   3.98931681595778     
  1.668552160047909E-004  2.047006305551404E-003  0.000000000000000E+000
  0.889497729563345       1.382108488690377E-003  1.340408544297000E-002
  0.000000000000000E+000  1.478619393166037E-002   1.00031558630515     
  3.473262248384781E-002  0.246724330110920       0.000000000000000E+000
   4.29180358822347     
  3.042454035129261E-004  3.145845697375883E-003  0.000000000000000E+000
  0.784294775652597       2.872726474027060E-003  1.560812033432273E-002
  0.000000000000000E+000  1.848084680834979E-002   1.00029767069594     
  6.359882567402034E-002  0.285749863604137       0.000000000000000E+000
   4.64638896460776     
  5.825742921587995E-004  4.281733555009661E-003  0.000000000000000E+000
  0.920996097023135       4.350133011951645E-003  1.779658785822400E-002
  0.000000000000000E+000  2.214672087017565E-002   1.00032713343285     
  8.827826604331293E-002  0.325725121145736       0.000000000000000E+000
   4.98644388512520     
  8.757422479155341E-004  5.478181120376323E-003  0.000000000000000E+000
  0.730697796153891       5.806253850378577E-003  1.944860339389607E-002
  0.000000000000000E+000  2.525485724427465E-002   1.00029908867563     
  0.112919153700361       0.355930787231652       0.000000000000000E+000
   5.24214350043794     
  1.308808987989130E-003  6.698568453762158E-003  0.000000000000000E+000
  0.461042080179595       7.673814813511148E-003  2.046839644686095E-002
  0.000000000000000E+000  2.814221126037210E-002   1.00025122840840     
  0.145205535674720       0.374236681128970       0.000000000000000E+000
   5.43002356614012     
  1.812850180215042E-003  7.968367674832801E-003  0.000000000000000E+000
  0.677281175298731       8.971813383521420E-003  2.149340717727263E-002
  0.000000000000000E+000  3.046522056079405E-002   1.00029841024384     
  0.169260978357936       0.392837670187483       0.000000000000000E+000
   5.60586448540893     
  2.391032082076583E-003  9.283225230158919E-003  0.000000000000000E+000
  0.514291469955197       1.076225651448568E-002  2.208067431030005E-002
  0.000000000000000E+000  3.284293082478573E-002   1.00028550761052     
  0.199845935563131       0.403572451787629       0.000000000000000E+000
   5.74684732664608     
  3.109272514030703E-003  1.061639973803102E-002  0.000000000000000E+000
  0.487518897797372       1.204041283057999E-002  2.238428880112980E-002
  0.000000000000000E+000  3.442470163170979E-002   1.00029322660790     
  0.222657497208461       0.409358515052719       0.000000000000000E+000
   5.84586129119895     
  3.865287533979300E-003  1.201969020640781E-002  0.000000000000000E+000
  0.246156275964722       1.335563247912691E-002  2.223652453125799E-002
  0.000000000000000E+000  3.559215701038489E-002   1.00026386497215     
  0.245257597619090       0.407021155328775       0.000000000000000E+000
   5.90075607807487     
  4.796892805706054E-003  1.341452172343449E-002  0.000000000000000E+000
 -4.041313367247312E-002  1.439042633040878E-002  2.151262771822278E-002
  0.000000000000000E+000  3.590305404863156E-002   1.00022386151254     
  0.262477544100512       0.394633273237719       0.000000000000000E+000
   5.89128480144267     
  5.781289545338408E-003  1.487974781579076E-002  0.000000000000000E+000
 -9.223968121295911E-002  1.466565735432283E-002  2.055192939196770E-002
  0.000000000000000E+000  3.521758674629053E-002   1.00022486362999     
  0.267224716377505       0.377894765809691       0.000000000000000E+000
   5.82473508922406     
  6.903066221750631E-003  1.635814064742308E-002  0.000000000000000E+000
 -0.276333422406424       1.486335227053394E-002  1.912524627702494E-002
  0.000000000000000E+000  3.398859854755888E-002   1.00020218953766     
  0.269813030529877       0.352683997477428       0.000000000000000E+000
   5.70526808979513     
  8.121082669093838E-003  1.788532551851348E-002  0.000000000000000E+000
 -0.307944670949610       1.452706997926287E-002  1.761282275138410E-002
  0.000000000000000E+000  3.213989273064697E-002   1.00020222131290     
  0.263977947549927       0.325321189897083       0.000000000000000E+000
   5.54417796597994     
  9.454664975969473E-003  1.944636852175496E-002  0.000000000000000E+000
 -0.400834927597998       1.426001993260563E-002  1.612150229973955E-002
  0.000000000000000E+000  3.038152223234518E-002   1.00019097821721     
  0.259661328667146       0.297838347066080       0.000000000000000E+000
   5.38541928924899     
  1.091465694568861E-002  2.103826502945663E-002  0.000000000000000E+000
 -0.434549471585342       1.395167788279712E-002  1.493144306308876E-002
  0.000000000000000E+000  2.888312094588589E-002   1.00019019979567     
  0.254901158778092       0.275680243017361       0.000000000000000E+000
   5.25178163179220     
  1.248068226265642E-002  2.268129049048521E-002  0.000000000000000E+000
 -0.522473850332744       1.378554810232420E-002  1.390867606693690E-002
  0.000000000000000E+000  2.769422416926110E-002   1.00017978332696     
  0.252291827605852       0.256867415655696       0.000000000000000E+000
   5.14439317487134     
  1.419429961991825E-002  2.434216187368587E-002  0.000000000000000E+000
 -0.560237155884806       1.363735174855749E-002  1.307783511473650E-002
  0.000000000000000E+000  2.671518686329399E-002   1.00017790019848     
  0.250094133963902       0.241438575765188       0.000000000000000E+000
   5.05648861103047     
  1.601361488792574E-002  2.606691124135281E-002  0.000000000000000E+000
 -0.611702771300088       1.353023253639461E-002  1.232994972001251E-002
  0.000000000000000E+000  2.586018225640711E-002   1.00017192048116     
  0.248380135085963       0.227790046704138       0.000000000000000E+000
   4.98045220796194     
  1.799565339072173E-002  2.780171742430116E-002  0.000000000000000E+000
 -0.641299768909221       1.343384587125064E-002  1.167510788356030E-002
  0.000000000000000E+000  2.510895375481094E-002   1.00016929427654     
  0.246924738016726       0.215660252121576       0.000000000000000E+000
   4.91340814096718     
  2.009007559783660E-002  2.960816297912750E-002  0.000000000000000E+000
 -0.675041198818462       1.334204866641337E-002  1.108411144495364E-002
  0.000000000000000E+000  2.442616011136701E-002   1.00016505619056     
  0.245432878878439       0.204851968001361       0.000000000000000E+000
   4.85328949158762     
  2.235822310174784E-002  3.142202494474521E-002  0.000000000000000E+000
 -0.708995979594874       1.327061516733517E-002  1.054298521715392E-002
  0.000000000000000E+000  2.381360038448908E-002   1.00016062464099     
  0.244300393514027       0.194834669796321       0.000000000000000E+000
   4.79897605158540     
  2.475097164205420E-002  3.331006025542243E-002  0.000000000000000E+000
 -0.736182497182881       1.318289707631178E-002  1.005612258121776E-002
  0.000000000000000E+000  2.323901965752954E-002   1.00015721691815     
  0.242807049050056       0.185900426990594       0.000000000000000E+000
   4.74825761309941     
  2.732553371060575E-002  3.520789227439446E-002  0.000000000000000E+000
 -0.773043088388249       1.310658631244850E-002  9.581789052723950E-003
  0.000000000000000E+000  2.268837536517245E-002   1.00015178078589     
  0.241478014025400       0.177140244854220       0.000000000000000E+000
   4.69926696563360     
  3.004143949855176E-002  3.717698010381925E-002  0.000000000000000E+000
 -0.787430441914694       1.299200430172875E-002  9.150345536803984E-003
  0.000000000000000E+000  2.214234983853273E-002   1.00015030577882     
  0.239412001637762       0.169197539645204       0.000000000000000E+000
   4.64972823320764     
  3.294506594798641E-002  3.916321447822407E-002  0.000000000000000E+000
 -0.826686315995858       1.283665857217574E-002  8.679027537249199E-003
  0.000000000000000E+000  2.151568610942494E-002   1.00014460729262     
  0.236499233840825       0.160606398112452       0.000000000000000E+000
   4.59161534760054     
  3.601062444512038E-002  4.121202403846924E-002  0.000000000000000E+000
 -0.836308913761741       1.255313728032307E-002  8.197304409091105E-003
  0.000000000000000E+000  2.075044168941417E-002   1.00014358662788     
  0.231194239371556       0.151812900662273       0.000000000000000E+000
   4.51617259606714     
  3.926803159936587E-002  4.329038172008163E-002  0.000000000000000E+000
 -0.882227638235008       1.218846734497300E-002  7.649618325040295E-003
  0.000000000000000E+000  1.983808567001330E-002   1.00013610975202     
  0.224427166250509       0.141772785749466       0.000000000000000E+000
   4.42425123692812     
  4.271133564957319E-002  4.541642506618195E-002  0.000000000000000E+000
 -0.906096911559416       1.176662136343913E-002  7.145890131910295E-003
  0.000000000000000E+000  1.891251149534943E-002   1.00013269207067     
  0.216636797056884       0.132385334858802       0.000000000000000E+000
   4.32613997539277     
  4.634900923004337E-002  4.758970502284576E-002  0.000000000000000E+000
 -0.948749662516548       1.142375075737429E-002  6.672892030863960E-003
  0.000000000000000E+000  1.809664278823825E-002   1.00012571908130     
  0.210410014924836       0.123485893555188       0.000000000000000E+000
   4.24062798130192     
  5.019957705178091E-002  4.978897567330897E-002  0.000000000000000E+000
 -0.937077150144887       1.122531258400159E-002  6.353330271897712E-003
  0.000000000000000E+000  1.757864285589930E-002   1.00012746529975     
  0.206817118483619       0.117289445197300       0.000000000000000E+000
   4.18546450676790     
  5.424543798258119E-002  5.205884839569135E-002  0.000000000000000E+000
 -0.964042804226438       1.116522943809138E-002  6.080297015112555E-003
  0.000000000000000E+000  1.724552645320393E-002   1.00012200943263     
  0.205727441130759       0.112204592375961       0.000000000000000E+000
   4.15508214674432     
  5.853393950429830E-002  5.432546487184164E-002  0.000000000000000E+000
 -0.981326741963585       1.111024163315742E-002  5.816210776944401E-003
  0.000000000000000E+000  1.692645241010182E-002   1.00011903014902     
  0.204692447847973       0.107344537771536       0.000000000000000E+000
   4.12639407678372     
  6.303378546849947E-002  5.665943247869770E-002  0.000000000000000E+000
 -0.991574890262655       1.099046088489247E-002  5.582588064489884E-003
  0.000000000000000E+000  1.657304894938235E-002   1.00011697020238     
  0.202380354540333       0.103047279049866       0.000000000000000E+000
   4.08945867443482     
  6.777483346542001E-002  5.901812249001626E-002  0.000000000000000E+000
  -1.04718304089693       1.078821694342233E-002  5.264072580185537E-003
  0.000000000000000E+000  1.605228952360787E-002   1.00010741946237     
  0.198611832264417       9.728834249451379E-002  0.000000000000000E+000
   4.03558374067876     
  7.276120658495611E-002  6.140479821277849E-002  0.000000000000000E+000
  -1.03363681125870       1.051614241192969E-002  4.973424901600242E-003
  0.000000000000000E+000  1.548956731352993E-002   1.00011049763860     
  0.193551702662365       9.186198132733778E-002  0.000000000000000E+000
   3.97128455079713     
  7.798701025703636E-002  6.384746541023499E-002  0.000000000000000E+000
  -1.06129718363900       1.026337045731379E-002  4.668612194992474E-003
  0.000000000000000E+000  1.493198265230627E-002   1.00010531277342     
  0.188917051874763       8.624661137229309E-002  0.000000000000000E+000
   3.91000827230157     
  8.348794497692369E-002  6.628226949861310E-002  0.000000000000000E+000
  -1.08723242042947       1.003685404726228E-002  4.376033707511701E-003
  0.000000000000000E+000  1.441288775477399E-002   1.00009974456234     
  0.184814123244603       8.082103530323820E-002  0.000000000000000E+000
   3.85389751409778     
  8.924823926579473E-002  6.875664231184767E-002  0.000000000000000E+000
  -1.07435499677058       9.863511168687347E-003  4.176468105791285E-003
  0.000000000000000E+000  1.403997927447863E-002   1.00010069557852     
  0.181594565053876       7.703831208170100E-002  0.000000000000000E+000
   3.81047467295664     
  9.527434682424984E-002  7.127233162980089E-002  0.000000000000000E+000
  -1.11464157527962       9.712905105117933E-003  3.937433519131767E-003
  0.000000000000000E+000  1.365033862424970E-002   1.00009206402374     
  0.178868729413070       7.270784055799802E-002  0.000000000000000E+000
   3.77054354440850     
  0.101599264593903       7.376136354798155E-002  0.000000000000000E+000
  -1.13190831660472       9.543093916319349E-003  3.696588030724966E-003
  0.000000000000000E+000  1.323968194704431E-002   1.00008751979304     
  0.175831459616860       6.826780822165665E-002  0.000000000000000E+000
   3.72750728136810     
  0.108204996297669       7.628031738371406E-002  0.000000000000000E+000
  -1.12179656464446       9.421011841531044E-003  3.532180718854755E-003
  0.000000000000000E+000  1.295319256038580E-002   1.00008811144682     
  0.173589906728615       6.516887495472581E-002  0.000000000000000E+000
   3.69559035074985     
  0.115100104736922       7.882225996758153E-002  0.000000000000000E+000
  -1.15934437263763       9.301825725983592E-003  3.333892279912533E-003
  0.000000000000000E+000  1.263571800589612E-002   1.00007990082190     
  0.171456330557714       6.159619059628194E-002  0.000000000000000E+000
   3.66404558868564     
  0.122308329775291       8.133309909903598E-002  0.000000000000000E+000
  -1.18146045923322       9.097673608603191E-003  3.102195268342635E-003
  0.000000000000000E+000  1.219986887694583E-002   1.00007416443363     
  0.167788390593752       5.740944351541107E-002  0.000000000000000E+000
   3.61614883753449     
  0.129822623133641       8.384109486352034E-002  0.000000000000000E+000
  -1.17516859488774       8.852761929014392E-003  2.895906244548144E-003
  0.000000000000000E+000  1.174866817356254E-002   1.00007307689085     
  0.163330413362783       5.360766827170148E-002  0.000000000000000E+000
   3.56089711177777     
  0.137645784603659       8.634902896078354E-002  0.000000000000000E+000
  -1.18031635018247       8.626255101521032E-003  2.701944605587477E-003
  0.000000000000000E+000  1.132819970710851E-002   1.00006930971876     
  0.159222008419375       5.002665402418362E-002  0.000000000000000E+000
   3.50935308285364     
  0.145786304884145       8.883978467035318E-002  0.000000000000000E+000
  -1.20889938305504       8.389578481923367E-003  2.485423418755904E-003
  0.000000000000000E+000  1.087500190067927E-002   1.00006047103556     
  0.154971345381641       4.609457721859352E-002  0.000000000000000E+000
   3.45547008652605     
  0.154258741196403       9.126835667997982E-002  0.000000000000000E+000
  -1.22341189664280       8.131157855933204E-003  2.274986423541465E-003
  0.000000000000000E+000  1.040614427947467E-002   1.00005387726599     
  0.150324670807623       4.222383080376302E-002  0.000000000000000E+000
   3.39712617243515     
  0.163053473889887       9.366936243119689E-002  0.000000000000000E+000
  -1.21656987899314       7.910227485164000E-003  2.104251598758770E-003
  0.000000000000000E+000  1.001447908392277E-002   1.00005139179375     
  0.146333389277731       3.904559785847503E-002  0.000000000000000E+000
   3.34666490642399     
  0.172173982757404       9.603247564546623E-002  0.000000000000000E+000
  -1.21884307177947       7.731889652616749E-003  1.948380636218288E-003
  0.000000000000000E+000  9.680270288835037E-003   1.00004691307091     
  0.143127699297085       3.617061685465328E-002  0.000000000000000E+000
   3.30516172387737     
  0.181622700146665       9.834694345664204E-002  0.000000000000000E+000
  -1.23829524141433       7.546107730592592E-003  1.779890718743683E-003
  0.000000000000000E+000  9.325998449336275E-003   1.00003936135311     
  0.139804948650637       3.309818115428946E-002  0.000000000000000E+000
   3.26194408174774     
  0.191408481281785       0.100566920969150       0.000000000000000E+000
  -1.25414999178633       7.320830500358435E-003  1.604413911136187E-003
  0.000000000000000E+000  8.925244411494622E-003   1.00003326894960     
  0.135752308634856       2.989098243136922E-002  0.000000000000000E+000
   3.21000173242644     
  0.201524401703617       0.102706535324255       0.000000000000000E+000
  -1.24946733550883       7.081317161665695E-003  1.446432165981675E-003
  0.000000000000000E+000  8.527749327647369E-003   1.00002994084635     
  0.131411444901783       2.696777671243239E-002  0.000000000000000E+000
   3.15462794976050     
  0.211966985743580       0.104764294601578       0.000000000000000E+000
  -1.24914650829419       6.865260989301890E-003  1.302464448814623E-003
  0.000000000000000E+000  8.167725438116514E-003   1.00002498478819     
  0.127494983712706       2.429473127279649E-002  0.000000000000000E+000
   3.10401610604335     
  0.222733822737104       0.106728384602269       0.000000000000000E+000
  -1.25057113347248       6.671886512303556E-003  1.167620895492034E-003
  0.000000000000000E+000  7.839507407795590E-003   1.00002040683658     
  0.123991975786168       2.179460448372905E-002  0.000000000000000E+000
   3.05812879811555     
  0.233821110527380       0.108586896539823       0.000000000000000E+000
  -1.25051490446049       6.492004563015061E-003  1.039420553505624E-003
  0.000000000000000E+000  7.531425116520685E-003   1.00001522904934     
  0.120731490827277       1.941762063291792E-002  0.000000000000000E+000
   3.01497755360521     
  0.245223715027843       0.110327156937690       0.000000000000000E+000
  -1.26573016728821       6.298935188825117E-003  9.047486747834014E-004
  0.000000000000000E+000  7.203683863608519E-003   1.00000737204184     
  0.117221615803897       1.694352768221742E-002  0.000000000000000E+000
   2.96826074167975     
  0.256938939632838       0.111904976619564       0.000000000000000E+000
  -1.26911613977177       6.063900774566879E-003  7.713034006068427E-004
  0.000000000000000E+000  6.835204175173722E-003   1.00000319103790     
  0.112917464337570       1.448463113213793E-002  0.000000000000000E+000
   2.91099908718445     
  0.268953043206634       0.113343420909289       0.000000000000000E+000
  -1.25573235373622       5.801892855165136E-003  6.509579178612983E-004
  0.000000000000000E+000  6.452850773026434E-003   1.00000131035693     
  0.108090225318573       1.225044193425196E-002  0.000000000000000E+000
   2.84624667743642     
  0.281256350040147       0.114631332684262       0.000000000000000E+000
  -1.25280353868038       5.529380457379221E-003  5.369594489062022E-004
  0.000000000000000E+000  6.066339906285423E-003  0.999996201719902     
  0.103054925395938       1.013384401151154E-002  0.000000000000000E+000
   2.77753972941384     
  0.293837661680303       0.115758004221215       0.000000000000000E+000
  -1.24684114145862       5.241173005508351E-003  4.295268690570084E-004
  0.000000000000000E+000  5.670699874565359E-003  0.999991611798399     
  9.771319544589607E-002  8.139223626039974E-003  0.000000000000000E+000
   2.70317798069165     
  0.306684271886264       0.116713296861924       0.000000000000000E+000
  -1.23755112946378       4.934613982395345E-003  3.293536682083022E-004
  0.000000000000000E+000  5.263967650603647E-003  0.999987814594590     
  9.201627794351092E-002  6.278730921114235E-003  0.000000000000000E+000
   2.62196693727622     
  0.319781997853375       0.117487759464701       0.000000000000000E+000
  -1.22528063781715       4.608603096877025E-003  2.373507753409055E-004
  0.000000000000000E+000  4.845953872217931E-003  0.999984788150062     
  8.594529103008283E-002  4.569708390303254E-003  0.000000000000000E+000
   2.53295901039514     
  0.333115228139865       0.118072743118733       0.000000000000000E+000
  -1.21056355434985       4.262614797725476E-003  1.544987912446134E-004
  0.000000000000000E+000  4.417113588970090E-003  0.999982231026118     
  7.949053161640129E-002  3.030964358221355E-003  0.000000000000000E+000
   2.43510724874092     
  0.346666987346685       0.118460509682972       0.000000000000000E+000
  -1.19585919854649       3.895530521045398E-003  8.177868358840028E-005
  0.000000000000000E+000  3.977309204633798E-003  0.999978927290855     
  7.263285031695035E-002  1.683223300583249E-003  0.000000000000000E+000
   2.32696005752954     
  0.360419017220480       0.118644331852680       0.000000000000000E+000
  -1.18751173369787       3.514667851624131E-003  1.788066311151589E-005
  0.000000000000000E+000  3.532548514735646E-003  0.999974204124474     
  6.551051104054306E-002  4.930443344264032E-004  0.000000000000000E+000
   2.20928003646219     
  0.374351657536118       0.118599735812830       0.000000000000000E+000
  -1.16663624955640       3.166176915931523E-003 -3.414421478715095E-005
  0.000000000000000E+000  3.200321130718674E-003  0.999972273580952     
  5.898730614610402E-002 -5.131585466867968E-004  0.000000000000000E+000
   2.09590053396461     
  0.388443975093159       0.118340734081514       0.000000000000000E+000
  -1.13027623922676       2.914765755639566E-003 -7.435476192684134E-005
  0.000000000000000E+000  2.989120517566408E-003  0.999973098612255     
  5.427108238340167E-002 -1.309464782311589E-003  0.000000000000000E+000
   2.01003376901445     
  0.402674927308451       0.117876042855627       0.000000000000000E+000
  -1.08668927285339       2.769650329171598E-003 -1.055708051639379E-004
  0.000000000000000E+000  2.875221134335536E-003  0.999975191596835     
  5.153789985664299E-002 -1.927957722979697E-003  0.000000000000000E+000
   1.95860514886900     
  0.417024826793957       0.117250480630193       0.000000000000000E+000
  -1.03921343129150       2.702824822050740E-003 -1.303576316779495E-004
  0.000000000000000E+000  2.833182453728689E-003  0.999978562945026     
  5.026861401358461E-002 -2.412476508100139E-003  0.000000000000000E+000
   1.93431717043527     
  0.431473419276523       0.116486438727998       0.000000000000000E+000
  -1.00093116553921       2.678493818170473E-003 -1.533715142848795E-004
  0.000000000000000E+000  2.831865332455353E-003  0.999981076276029     
  4.979282778256361E-002 -2.845733511732532E-003  0.000000000000000E+000
   1.92517983502928     
  0.445999530522357       0.115590841704079       0.000000000000000E+000
 -0.968348812373506       2.663658852997738E-003 -1.757036693431333E-004
  0.000000000000000E+000  2.839362522340871E-003  0.999983069035629     
  4.949301865740253E-002 -3.260443486981038E-003  0.000000000000000E+000
   1.91944084347857     
  0.460581378532824       0.114565942490363       0.000000000000000E+000
 -0.939027309937501       2.649558713743666E-003 -1.974502737620650E-004
  0.000000000000000E+000  2.847008987505731E-003  0.999984889136308     
  4.920483559603901E-002 -3.662326808403593E-003  0.000000000000000E+000
   1.91392156097941     
  0.475196894420534       0.113414659712623       0.000000000000000E+000
 -0.911353661599833       2.633942750053196E-003 -2.184392488590153E-004
  0.000000000000000E+000  2.852381998912211E-003  0.999986805987435     
  4.888648633684804E-002 -4.048975249707931E-003  0.000000000000000E+000
   1.90780560805131     
  0.489823853955360       0.112140551511644       0.000000000000000E+000
 -0.884798863352671       2.615590686476701E-003 -2.385195768860494E-004
  0.000000000000000E+000  2.854110263362750E-003  0.999988904587306     
  4.851599630436644E-002 -4.417814707415292E-003  0.000000000000000E+000
   1.90066395912560     
  0.504440010627111       0.110747783062385       0.000000000000000E+000
 -0.858964646218510       2.594060406985327E-003 -2.575810409086785E-004
  0.000000000000000E+000  2.851641447894006E-003  0.999991213374504     
  4.808560954194011E-002 -4.767157941990979E-003  0.000000000000000E+000
   1.89233487398495     
  0.519023228609707       0.109241088340407       0.000000000000000E+000
 -0.833682508972061       2.569721472589711E-003 -2.755894354054241E-004
  0.000000000000000E+000  2.845310907995135E-003  0.999993760622034     
  4.760234539507181E-002 -5.096670058659568E-003  0.000000000000000E+000
   1.88293819687858     
  0.533551614012321       0.107625726758251       0.000000000000000E+000
 -0.808816107948587       2.544363430631764E-003 -2.926893456500563E-004
  0.000000000000000E+000  2.837052776281820E-003  0.999996499653584     
  4.709948921671640E-002 -5.409446416500346E-003  0.000000000000000E+000
   1.87311745429007     
  0.548003642835214       0.105907435350924       0.000000000000000E+000
 -0.785501757005704       2.516847554788645E-003 -3.089764029582736E-004
  0.000000000000000E+000  2.825823957746919E-003  0.999999222185753     
  4.655556414885513E-002 -5.705303476544703E-003  0.000000000000000E+000
   1.86242423876106     
  0.562357914367911       0.104089548332321       0.000000000000000E+000
 -0.763089186450316       2.485204447428660E-003 -3.245586661008959E-004
  0.000000000000000E+000  2.809763113529556E-003   1.00000202887889     
  4.593278024641123E-002 -5.987312898019837E-003  0.000000000000000E+000
   1.85007442795744     
  0.576593301183164       0.102174001558003       0.000000000000000E+000
 -0.738107443043646       2.454912636109551E-003 -3.392005754824096E-004
  0.000000000000000E+000  2.794113211591961E-003   1.00000540635205     
  4.533444971879368E-002 -6.255063613916572E-003  0.000000000000000E+000
   1.83814556566777     
  0.590691007540851       0.100175015366927       0.000000000000000E+000
 -0.712503635816574       2.431495673014596E-003 -3.533520339034097E-004
  0.000000000000000E+000  2.784847706918006E-003   1.00000906121145     
  4.486451532094427E-002 -6.513397855796620E-003  0.000000000000000E+000
   1.82876099549421     
  0.604632152620243       9.809968326704964E-002  0.000000000000000E+000
 -0.688671344183831       2.412183376435948E-003 -3.673964307190929E-004
  0.000000000000000E+000  2.779579807155041E-003   1.00001254798898     
  4.447054985188342E-002 -6.767037985051998E-003  0.000000000000000E+000
   1.82087973269462     
  0.618398767356870       9.595530459748400E-002  0.000000000000000E+000
 -0.665453551371229       2.393398741108699E-003 -3.808559835369346E-004
  0.000000000000000E+000  2.774254724645634E-003   1.00001600769624     
  4.408629448621587E-002 -7.009310319519801E-003  0.000000000000000E+000
   1.81316501166740     
  0.631973875204954       9.374932557357482E-002  0.000000000000000E+000
 -0.642412067739087       2.375630722992581E-003 -3.938280411378587E-004
  0.000000000000000E+000  2.769458764130439E-003   1.00001949519644     
  4.372077626692539E-002 -7.242416027808009E-003  0.000000000000000E+000
   1.80580555067954     
  0.645341561711325       9.148928086499748E-002  0.000000000000000E+000
 -0.619827876943646       2.359581134002840E-003 -4.064591232421508E-004
  0.000000000000000E+000  2.766040257244991E-003   1.00002294319743     
  4.338697898409009E-002 -7.468984687571107E-003  0.000000000000000E+000
   1.79907366437143     
  0.658487032460470       8.918273632689959E-002  0.000000000000000E+000
 -0.597640301723914       2.346125347989743E-003 -4.189438073949452E-004
  0.000000000000000E+000  2.765069155384689E-003   1.00002637295709     
  4.310096178985699E-002 -7.692882733145898E-003  0.000000000000000E+000
   1.79331093978392     
  0.671396659147174       8.683723345429874E-002  0.000000000000000E+000
 -0.575710714842444       2.336443518001346E-003 -4.315965018397982E-004
  0.000000000000000E+000  2.768040019841144E-003   1.00002974555074     
  4.288437826709765E-002 -7.918975394773429E-003  0.000000000000000E+000
   1.78897483872582     
  0.684057926817920       8.445978176828073E-002  0.000000000000000E+000
 -0.556992633179334       2.322647283558102E-003 -4.442655136645702E-004
  0.000000000000000E+000  2.766912797222672E-003   1.00003260446042     
  4.258886347588994E-002 -8.139047823337613E-003  0.000000000000000E+000
   1.78294942674793     
  0.696457009756855       8.204455059641663E-002  0.000000000000000E+000
 -0.536264927152160       2.296124827440744E-003 -4.538214365576933E-004
  0.000000000000000E+000  2.749946263998437E-003   1.00003591665582     
  4.206064159913284E-002 -8.301783351252943E-003  0.000000000000000E+000
   1.77200626828169     
  0.708586470077838       7.961241839177066E-002  0.000000000000000E+000
 -0.512628422120315       2.265769138839064E-003 -4.605876532652125E-004
  0.000000000000000E+000  2.726356792104276E-003   1.00003974610759     
  4.146677581750767E-002 -8.419052182445465E-003  0.000000000000000E+000
   1.75961997763256     
  0.720437589293776       7.717038565345311E-002  0.000000000000000E+000
 -0.491469929030927       2.240107362444210E-003 -4.675916375737683E-004
  0.000000000000000E+000  2.707699000017979E-003   1.00004311923745     
  4.095964045342564E-002 -8.541015256681880E-003  0.000000000000000E+000
   1.74898885731795     
  0.732002874789943       7.472519948394538E-002  0.000000000000000E+000
 -0.471002423148320       2.218247978874193E-003 -4.747314878362245E-004
  0.000000000000000E+000  2.692979466710418E-003   1.00004637361665     
  4.052300985730788E-002 -8.664957973623454E-003  0.000000000000000E+000
   1.73979496621629     
  0.743276039700671       7.228331675834701E-002  0.000000000000000E+000
 -0.450994469691977       2.200008108704727E-003 -4.822527357656071E-004
  0.000000000000000E+000  2.682260844470334E-003   1.00004952156323     
  4.015286987228303E-002 -8.794772390687409E-003  0.000000000000000E+000
   1.73197605383908     
  0.754251516276834       6.984883772104880E-002  0.000000000000000E+000
 -0.434268858564565       2.176590308553412E-003 -4.895628104710439E-004
  0.000000000000000E+000  2.666153119024456E-003   1.00005209996426     
  3.968472239718482E-002 -8.913210830022316E-003  0.000000000000000E+000
   1.72195857469615     
  0.764922479079319       6.741537439328085E-002  0.000000000000000E+000
 -0.415899266163024       2.143782274208905E-003 -4.938538681447060E-004
  0.000000000000000E+000  2.637636142353611E-003   1.00005502633417     
  3.904657896157947E-002 -8.981381636156980E-003  0.000000000000000E+000
   1.70818471133160     
  0.775289286491162       6.500305435059497E-002  0.000000000000000E+000
 -0.394340930727822       2.118071368074513E-003 -4.975882025972767E-004
  0.000000000000000E+000  2.615659570671790E-003   1.00005851074937     
  3.854355826821532E-002 -9.048779228295931E-003  0.000000000000000E+000
   1.69731428794734     
  0.785350147713937       6.261697999386603E-002  0.000000000000000E+000
 -0.373580085665708       2.108082488787626E-003 -5.044686690511284E-004
  0.000000000000000E+000  2.612551157838754E-003   1.00006182177904     
  3.832868810306052E-002 -9.170165035825607E-003  0.000000000000000E+000
   1.69272563799597     
  0.795104265278641       6.026184502753028E-002  0.000000000000000E+000
 -0.357122326683793       2.097927875672839E-003 -5.121320372113536E-004
  0.000000000000000E+000  2.610059912884193E-003   1.00006438202155     
  3.810862543950755E-002 -9.295760337501964E-003  0.000000000000000E+000
   1.68795638878801     
  0.804549046001778       5.793099190110072E-002  0.000000000000000E+000
 -0.342613958766833       2.073164092098281E-003 -5.164373545488114E-004
  0.000000000000000E+000  2.589601446647092E-003   1.00006660982453     
  3.762186514448553E-002 -9.357405361396631E-003  0.000000000000000E+000
   1.67721881437114     
  0.813686640280770       5.563348310234283E-002  0.000000000000000E+000
 -0.323820027915417       2.046070344408369E-003 -5.182571295338928E-004
  0.000000000000000E+000  2.564327473942262E-003   1.00006958883501     
  3.709700997341994E-002 -9.387654394274058E-003  0.000000000000000E+000
   1.66562112976609     
  0.822520515931278       5.337940905212880E-002  0.000000000000000E+000
 -0.302763078128010       2.036825185098583E-003 -5.233312234891309E-004
  0.000000000000000E+000  2.560156408587714E-003   1.00007296257830     
  3.689966940378292E-002 -9.481178735407624E-003  0.000000000000000E+000
   1.66134663226561     
  0.831053279521718       5.117184391432711E-002  0.000000000000000E+000
 -0.288021034656822       2.032053328509551E-003 -5.312188583408895E-004
  0.000000000000000E+000  2.563272186850440E-003   1.00007524828558     
  3.677915252546483E-002 -9.609003053378518E-003  0.000000000000000E+000
   1.65870472178377     
  0.839284046798224       4.899781436490785E-002  0.000000000000000E+000
 -0.274398765596061       2.011685640313776E-003 -5.347586968079342E-004
  0.000000000000000E+000  2.546444337121710E-003   1.00007738909286     
  3.637668698456839E-002 -9.657889877018858E-003  0.000000000000000E+000
   1.64966769900483     
  0.847220555042184       4.687458431648927E-002  0.000000000000000E+000
 -0.254237579608116       1.991585562187667E-003 -5.357754101049077E-004
  0.000000000000000E+000  2.527360972292574E-003   1.00008065019184     
  3.598753092363213E-002 -9.673770669199989E-003  0.000000000000000E+000
   1.64094356543425     
  0.854867769317858       4.480585355348144E-002  0.000000000000000E+000
 -0.239340632401991       1.975459894388845E-003 -5.388080725432478E-004
  0.000000000000000E+000  2.514267966932093E-003   1.00008295164545     
  3.566752864032272E-002 -9.716795757460109E-003  0.000000000000000E+000
   1.63370353603090     
  0.862227574961843       4.278197553576788E-002  0.000000000000000E+000
 -0.227531999783196       1.948608131191671E-003 -5.392586421669462E-004
  0.000000000000000E+000  2.487866773358617E-003   1.00008473003632     
  3.515226377652107E-002 -9.709801841346899E-003  0.000000000000000E+000
   1.62190599892552     
  0.869306984750208       4.081036494176526E-002  0.000000000000000E+000
 -0.209429925404265       1.921019337263332E-003 -5.373424690969731E-004
  0.000000000000000E+000  2.458361806360305E-003   1.00008759672725     
  3.463056267302243E-002 -9.671909184797739E-003  0.000000000000000E+000
   1.60992895713590     
  0.876113524273209       3.889811052339501E-002  0.000000000000000E+000
 -0.195468777681754       1.895812343029869E-003 -5.366793177508334E-004
  0.000000000000000E+000  2.432491660780702E-003   1.00008971508955     
  3.415052364611684E-002 -9.649220606995305E-003  0.000000000000000E+000
   1.59879280867565     
  0.882649869949307       3.703368575641169E-002  0.000000000000000E+000
 -0.185839237785785       1.867061946171116E-003 -5.351860307593756E-004
  0.000000000000000E+000  2.402247976930491E-003   1.00009108321017     
  3.360389571440497E-002 -9.615296858430128E-003  0.000000000000000E+000
   1.58602456827779     
  0.888924831087416       3.522611387352755E-002  0.000000000000000E+000
 -0.169012663835247       1.850055616847997E-003 -5.348298316734571E-004
  0.000000000000000E+000  2.384885448521455E-003   1.00009369947268     
  3.327573125069008E-002 -9.615296596917934E-003  0.000000000000000E+000
   1.57841467519150     
  0.894946141762811       3.347918774144930E-002  0.000000000000000E+000
 -0.156875836011977       1.840877155178777E-003 -5.382853022627564E-004
  0.000000000000000E+000  2.379162457441534E-003   1.00009551666624     
  3.308554816412245E-002 -9.664952694489175E-003  0.000000000000000E+000
   1.57393867546265     
  0.900716477088310       3.177866893172925E-002  0.000000000000000E+000
 -0.145004466342698       1.819233862593610E-003 -5.375207366666646E-004
  0.000000000000000E+000  2.356754599260274E-003   1.00009731012774     
  3.267483052995784E-002 -9.634264304084452E-003  0.000000000000000E+000
   1.56413112909672     
  0.906247468045366       3.014017748049783E-002  0.000000000000000E+000
 -0.130710589701721       1.788681401912577E-003 -5.326824126811301E-004
  0.000000000000000E+000  2.321363814593707E-003   1.00009952155480     
  3.210957527242332E-002 -9.537764986880989E-003  0.000000000000000E+000
   1.55057651101638     
  0.911543655973359       2.855457872398600E-002  0.000000000000000E+000
 -0.121282914992207       1.758068804937436E-003 -5.286313209716720E-004
  0.000000000000000E+000  2.286700125909108E-003   1.00010091443054     
  3.153722630830163E-002 -9.459223554060977E-003  0.000000000000000E+000
   1.53675650345968     
  0.916612892154485       2.702366676737863E-002  0.000000000000000E+000
 -0.107697301370763       1.734647591915688E-003 -5.253754474240655E-004
  0.000000000000000E+000  2.260023039339754E-003   1.00010302067066     
  3.109823417689974E-002 -9.403380478852492E-003  0.000000000000000E+000
   1.52613275334152     
  0.921463494423029       2.555029530093469E-002  0.000000000000000E+000
 -9.716054949922182E-002  1.716933394746021E-003 -5.245329774459447E-004
  0.000000000000000E+000  2.241466372191966E-003   1.00010460610818     
  3.076057997340879E-002 -9.381322603808667E-003  0.000000000000000E+000
   1.51787511847710     
  0.926100214920753       2.412556976570594E-002  0.000000000000000E+000
 -8.544551445652360E-002  1.700178069772818E-003 -5.230713573295912E-004
  0.000000000000000E+000  2.223249427102409E-003   1.00010638239531     
  3.044301606235384E-002 -9.352625300821746E-003  0.000000000000000E+000
   1.51008415988876     
  0.930533728209394       2.275982291870194E-002  0.000000000000000E+000
 -7.510212265651717E-002  1.685133622554415E-003 -5.223597781064907E-004
  0.000000000000000E+000  2.207493400660906E-003   1.00010791995141     
  3.015629276330575E-002 -9.333454209820128E-003  0.000000000000000E+000
   1.50300249972454     
  0.934767263589124       2.143929465905546E-002  0.000000000000000E+000
 -6.660232937588262E-002  1.667399451342679E-003 -5.205848135253878E-004
  0.000000000000000E+000  2.187984264868067E-003   1.00010911047939     
  2.982290328960114E-002 -9.291971861332514E-003  0.000000000000000E+000
   1.49467542569456     
  0.938811787298329       2.017532686980616E-002  0.000000000000000E+000
 -5.786218592879777E-002  1.645388655883929E-003 -5.168324657957831E-004
  0.000000000000000E+000  2.162221121679712E-003   1.00011029632509     
  2.941702389458213E-002 -9.214820303852476E-003  0.000000000000000E+000
   1.48447187981614     
  0.942671223445317       1.895684736696353E-002  0.000000000000000E+000
 -5.054616528991573E-002  1.617753615581885E-003 -5.113950685388987E-004
  0.000000000000000E+000  2.129148684120784E-003   1.00011121303135     
  2.891047526456603E-002 -9.104397374760582E-003  0.000000000000000E+000
   1.47159977783613     
  0.946355060862811       1.779083441290907E-002  0.000000000000000E+000
 -4.263151941813703E-002  1.586149263030263E-003 -5.042515604855569E-004
  0.000000000000000E+000  2.090400823515819E-003   1.00011221599883     
  2.833383526263103E-002 -8.969557009707099E-003  0.000000000000000E+000
   1.45686167681687     
  0.949867926602981       1.666915774305359E-002  0.000000000000000E+000
 -3.478020750549149E-002  1.557022737402345E-003 -4.977760462506899E-004
  0.000000000000000E+000  2.054798783653035E-003   1.00011319251651     
  2.779902800765433E-002 -8.854499585778778E-003  0.000000000000000E+000
   1.44311221633225     
  0.953218437815019       1.559667123856959E-002  0.000000000000000E+000
 -2.690617988650956E-002  1.532543674413533E-003 -4.925414250554624E-004
  0.000000000000000E+000  2.025085099468995E-003   1.00011416324611     
  2.734895858533186E-002 -8.760799604418047E-003  0.000000000000000E+000
   1.43144627360408     
  0.956411300581948       1.456637329918481E-002  0.000000000000000E+000
 -1.953465668134413E-002  1.511633527909439E-003 -4.882201218456191E-004
  0.000000000000000E+000  1.999853649755058E-003   1.00011503155913     
  2.696378376097172E-002 -8.682058223334524E-003  0.000000000000000E+000
   1.42137230965160     
  0.959454686078606       1.358253981383462E-002  0.000000000000000E+000
 -1.286654674322563E-002  1.492705894668433E-003 -4.844710182478172E-004
  0.000000000000000E+000  1.977176912916250E-003   1.00011579223400     
  2.661494522048963E-002 -8.612364860546522E-003  0.000000000000000E+000
   1.41218646035189     
  0.962352958592379       1.263811973746066E-002  0.000000000000000E+000
 -6.202644669201618E-003  1.476021635072125E-003 -4.811310430431862E-004
  0.000000000000000E+000  1.957152678115311E-003   1.00011655204565     
  2.630634218264644E-002 -8.553136814535744E-003  0.000000000000000E+000
   1.40402727306711     
  0.965114107571897       1.173776400680617E-002  0.000000000000000E+000
  1.729530351894937E-004  1.462545077167786E-003 -4.788936713240716E-004
  0.000000000000000E+000  1.941438748491857E-003   1.00011729274835     
  2.605491257646975E-002 -8.513480831732194E-003  0.000000000000000E+000
   1.39736356646423     
  0.967741912691418       1.087372884708337E-002  0.000000000000000E+000
  6.771037854150563E-003  1.452750779068868E-003 -4.776666773963394E-004
  0.000000000000000E+000  1.930417456465207E-003   1.00011809113609     
  2.586860755509509E-002 -8.494766760717603E-003  0.000000000000000E+000
   1.39243327999905     
  0.970244136213279       1.005098553011847E-002  0.000000000000000E+000
  1.348891431462107E-002  1.446774981166422E-003 -4.774975503339554E-004
  0.000000000000000E+000  1.924272531500377E-003   1.00011889181115     
  2.575220112055750E-002 -8.493763172825606E-003  0.000000000000000E+000
   1.38936969628107     
  0.972624391238569       9.262435230447409E-003  0.000000000000000E+000
  1.943208382112971E-002  1.443427861287515E-003 -4.783592298041164E-004
  0.000000000000000E+000  1.921787091091632E-003   1.00011953493911     
  2.568142745337719E-002 -8.509995050952183E-003  0.000000000000000E+000
   1.38751446678391     
  0.974889567082758       8.511464795911611E-003  0.000000000000000E+000
  2.646082350179313E-002  1.443845768486189E-003 -4.799277142726276E-004
  0.000000000000000E+000  1.923773482758817E-003   1.00012031273046     
  2.567908623272571E-002 -8.544875769650547E-003  0.000000000000000E+000
   1.38756043788516     
  0.977043743041470       7.793543921573009E-003  0.000000000000000E+000
  3.234752928506168E-002  1.448833345802309E-003 -4.833922221925531E-004
  0.000000000000000E+000  1.932225567994862E-003   1.00012087691027     
  2.575644477704833E-002 -8.610522406095261E-003  0.000000000000000E+000
   1.38973144163930     
  0.979092499624146       7.109213951586838E-003  0.000000000000000E+000
  3.903167473617941E-002  1.459424599489920E-003 -4.882232032228641E-004
  0.000000000000000E+000  1.947647802712784E-003   1.00012152152000     
  2.593308915770064E-002 -8.710606624401034E-003  0.000000000000000E+000
   1.39465650565231     
  0.981040412003663       6.456571309978007E-003  0.000000000000000E+000
  4.452588566005033E-002  1.478818794162842E-003 -4.963812483345266E-004
  0.000000000000000E+000  1.975200042497368E-003   1.00012198354248     
  2.626264182127294E-002 -8.873444887021839E-003  0.000000000000000E+000
   1.40369307114319     
  0.982891947157505       5.833935565282952E-003  0.000000000000000E+000
  5.093203395631463E-002  1.510324106919916E-003 -5.081937675140640E-004
  0.000000000000000E+000  2.018517874433980E-003   1.00012260904694     
  2.680487548082010E-002 -9.115552021078435E-003  0.000000000000000E+000
   1.41842510645736     
  0.984651967760095       5.241361940622983E-003  0.000000000000000E+000
  5.648645549831599E-002  1.557760288103648E-003 -5.257277500090643E-004
  0.000000000000000E+000  2.083488038112712E-003   1.00012313177751     
  2.762511961416236E-002 -9.468196664779141E-003  0.000000000000000E+000
   1.44035273996803     
  0.986324073484050       4.675688102940933E-003  0.000000000000000E+000
  6.310635322893177E-002  1.625433628799756E-003 -5.498793944290953E-004
  0.000000000000000E+000  2.175313023228851E-003   1.00012388111621     
  2.879877892338139E-002 -9.958841386039131E-003  0.000000000000000E+000
   1.47115954860751     
  0.987913151962970       4.138102405654422E-003  0.000000000000000E+000
  6.941191312103001E-002  1.720493428655013E-003 -5.835137388733820E-004
  0.000000000000000E+000  2.304007167528396E-003   1.00012462958086     
  3.044945542197095E-002 -1.064234054937506E-002  0.000000000000000E+000
   1.51342721336897     
  0.989422284346865       3.624972708483789E-003  0.000000000000000E+000
  7.565822780134113E-002  1.850078676347518E-003 -6.291066987874873E-004
  0.000000000000000E+000  2.479185375135005E-003   1.00012542199741     
  3.270156324898901E-002 -1.156596926390341E-002  0.000000000000000E+000
   1.56922178223471     
  0.990855986116638       3.137404434411224E-003  0.000000000000000E+000
  8.223222718061152E-002  2.023856268149486E-003 -6.894749393049036E-004
  0.000000000000000E+000  2.713331207454390E-003   1.00012632614358     
  3.572474044275512E-002 -1.279644096841234E-002  0.000000000000000E+000
   1.64118636030062     
  0.992217346477003       2.672802303082331E-003  0.000000000000000E+000
  8.787546277267211E-002  2.252782963139657E-003 -7.691871960580297E-004
  0.000000000000000E+000  3.021970159197687E-003   1.00012715930571     
  3.970766388766277E-002 -1.441429108214853E-002  0.000000000000000E+000
   1.73139801773008     
  0.993510174322061       2.231164727309214E-003  0.000000000000000E+000
  9.376588643931427E-002  2.549095246442994E-003 -8.719605008708946E-004
  0.000000000000000E+000  3.421055747313889E-003   1.00012776603170     
  4.486365973794641E-002 -1.650668456472934E-002  0.000000000000000E+000
   1.84168103719853     
  0.994737525725376       1.810755225233402E-003  0.000000000000000E+000
  0.100263452597801       2.932441270589192E-003 -1.004966455713687E-003
  0.000000000000000E+000  3.937407726302879E-003   1.00012833635118     
  5.152700285500783E-002 -1.923262189626343E-002  0.000000000000000E+000
   1.97525030868463     
  0.995902771433444       1.411209649882540E-003  0.000000000000000E+000
  9.906813260363379E-002  3.415200311829415E-003 -1.172516025038333E-003
  0.000000000000000E+000  4.587716336867748E-003   1.00012851143031     
  5.993483915143583E-002 -2.261734521063815E-002  0.000000000000000E+000
   2.13157419123006     
  0.997008737262081       1.031015434896345E-003  0.000000000000000E+000
  8.907087174611661E-002  3.970907505813808E-003 -1.365745334574320E-003
  0.000000000000000E+000  5.336652840388128E-003   1.00012887050341     
  6.967184420213426E-002 -2.634103077839550E-002  0.000000000000000E+000
   2.29826555141648     
  0.998058487802895       6.697802340236996E-004  0.000000000000000E+000
  8.403469239578953E-002  4.539435459736492E-003 -1.563413577119724E-003
  0.000000000000000E+000  6.102849036856216E-003   1.00013035396762     
  7.972695597887550E-002 -2.988026767226398E-002  0.000000000000000E+000
   2.45702180459605     
  0.999054695653817       3.263822780710836E-004  0.000000000000000E+000
  5.256367653578309E-002  5.058733165395048E-003 -1.745176240839683E-003
  0.000000000000000E+000  6.803909406234731E-003   1.00012880060336     
  8.898463052103142E-002 -3.290085366653887E-002  0.000000000000000E+000
   2.59337966921145     
   1.00000000000000      -1.665324653670056E-017  0.000000000000000E+000
  0.167178226771966       5.748576969880729E-003 -1.016528859898560E-003
  0.000000000000000E+000  6.765105829779288E-003   1.00014907517834     
  0.101367032294744      -5.240662441703194E-002  0.000000000000000E+000
   2.91453876177750     
