 variables = "X","Y","Z","Cp","Cfx","Cfy","Cfz","Cf","T","u","v","w","yplus"
 zone i=         151
   1.00000000000000       1.665324653670056E-017  0.000000000000000E+000
  0.188538387018980       8.155565421416563E-003 -2.233318142356277E-004
  0.000000000000000E+000  8.378897235652190E-003   1.00019473655989     
  0.154135885575062      -3.115971707005948E-002  0.000000000000000E+000
   3.45597221517660     
  0.999001425599671       5.447267690042997E-005  0.000000000000000E+000
  0.163658699188090       7.588382832742164E-003 -4.133446235139272E-004
  0.000000000000000E+000  8.001727456256090E-003   1.00020050929534     
  0.142197755665828      -5.256074002335711E-003  0.000000000000000E+000
   3.26413900413212     
  0.997949997818270       1.116616879644300E-004  0.000000000000000E+000
  0.175282987803939       7.083091176990731E-003 -3.846158028790344E-004
  0.000000000000000E+000  7.467706979869765E-003   1.00020055785857     
  0.132715938855002      -5.146518496466341E-003  0.000000000000000E+000
   3.15357147486870     
  0.996843037128316       1.716701774105140E-004  0.000000000000000E+000
  0.185216679614996       6.646781898869715E-003 -3.599014439825197E-004
  0.000000000000000E+000  7.006683342852234E-003   1.00020086022317     
  0.124526685691429      -5.088469009390232E-003  0.000000000000000E+000
   3.05487737131655     
  0.995677746198344       2.346938777538863E-004  0.000000000000000E+000
  0.191986059471446       6.282484780744088E-003 -3.391702927352948E-004
  0.000000000000000E+000  6.621655073479383E-003   1.00020078602866     
  0.117688199584893      -5.058044291523293E-003  0.000000000000000E+000
   2.96996622486677     
  0.994451193364049       3.007928008083059E-004  0.000000000000000E+000
  0.196609491476693       5.984790846822330E-003 -3.219489385994763E-004
  0.000000000000000E+000  6.306739785421806E-003   1.00020044264397     
  0.112100116071399      -5.031815868552177E-003  0.000000000000000E+000
   2.89874292254532     
  0.993160320569400       3.701124539357903E-004  0.000000000000000E+000
  0.200534434779456       5.744650703102890E-003 -3.079950680589823E-004
  0.000000000000000E+000  6.052645771161872E-003   1.00020005984132     
  0.107592659794546      -5.007529598373658E-003  0.000000000000000E+000
   2.83999534065792     
  0.991801936040528       4.428260084685768E-004  0.000000000000000E+000
  0.204086048808222       5.553765455402599E-003 -2.966398589438848E-004
  0.000000000000000E+000  5.850405314346484E-003   1.00019977532782     
  0.104009742621205      -4.989183536610304E-003  0.000000000000000E+000
   2.79242397775250     
  0.990372703239448       5.189985854962523E-004  0.000000000000000E+000
  0.206322432556362       5.406912793695735E-003 -2.876201550744061E-004
  0.000000000000000E+000  5.694532948770141E-003   1.00019957453092     
  0.101253065179067      -4.981140276007311E-003  0.000000000000000E+000
   2.75527372923770     
  0.988869149734546       5.988289370959963E-004  0.000000000000000E+000
  0.207507476496858       5.298397957576035E-003 -2.807447842431284E-004
  0.000000000000000E+000  5.579142741819163E-003   1.00019946339341     
  9.921594825122312E-002 -4.978961107391823E-003  0.000000000000000E+000
   2.72750266680123     
  0.987287653567351       6.824581442352054E-004  0.000000000000000E+000
  0.207758092010181       5.221087330155636E-003 -2.753154394946277E-004
  0.000000000000000E+000  5.496402769650264E-003   1.00019916988518     
  9.776508302045978E-002 -4.970637350794717E-003  0.000000000000000E+000
   2.70755442459725     
  0.985624436699843       7.699165229630898E-004  0.000000000000000E+000
  0.208430466402888       5.166782237985434E-003 -2.713329033747827E-004
  0.000000000000000E+000  5.438115141360217E-003   1.00019899206511     
  9.674652544290327E-002 -4.955652433241618E-003  0.000000000000000E+000
   2.69345925672147     
  0.983875589210279       8.616377525778661E-004  0.000000000000000E+000
  0.208550611748024       5.127565587929199E-003 -2.677671999368330E-004
  0.000000000000000E+000  5.395332787866032E-003   1.00019878950746     
  9.601204017282335E-002 -4.926568670694432E-003  0.000000000000000E+000
   2.68324702436768     
  0.982037001885699       9.572376115019621E-004  0.000000000000000E+000
  0.211040087155425       5.096885681582153E-003 -2.649886330817777E-004
  0.000000000000000E+000  5.361874314663931E-003   1.00019883225616     
  9.543809335563372E-002 -4.891768057110163E-003  0.000000000000000E+000
   2.67523291915614     
  0.980104478202655       1.057699935824212E-003  0.000000000000000E+000
  0.213727953941998       5.072122735824476E-003 -2.620125468701854E-004
  0.000000000000000E+000  5.334135282694661E-003   1.00019888314561     
  9.497538741233219E-002 -4.855303077621775E-003  0.000000000000000E+000
   2.66876069392723     
  0.978073553669464       1.161948348956863E-003  0.000000000000000E+000
  0.214224805489948       5.055882507623609E-003 -2.595190550290658E-004
  0.000000000000000E+000  5.315401562652675E-003   1.00019879341515     
  9.467184672947229E-002 -4.834386652554026E-003  0.000000000000000E+000
   2.66451577996330     
  0.975939733923639       1.271478426898274E-003  0.000000000000000E+000
  0.214288083369638       5.048425105587590E-003 -2.576092329708073E-004
  0.000000000000000E+000  5.306034338558397E-003   1.00019877592213     
  9.453316376558091E-002 -4.815666813843547E-003  0.000000000000000E+000
   2.66258094895318     
  0.973698227034776       1.385180156087390E-003  0.000000000000000E+000
  0.214128316435335       5.046538903150987E-003 -2.556314484459301E-004
  0.000000000000000E+000  5.302170351596917E-003   1.00019871016749     
  9.449953522833755E-002 -4.787152942076305E-003  0.000000000000000E+000
   2.66211801293566     
  0.971344194597081       1.504258504303337E-003  0.000000000000000E+000
  0.214580522389042       5.047215348254527E-003 -2.539982474139315E-004
  0.000000000000000E+000  5.301213595668458E-003   1.00019881600626     
  9.451403217703300E-002 -4.759116854536232E-003  0.000000000000000E+000
   2.66232953438315     
  0.968872537262536       1.628001624485897E-003  0.000000000000000E+000
  0.214489011140131       5.050542829770759E-003 -2.520771713562546E-004
  0.000000000000000E+000  5.302620001127013E-003   1.00019893599601     
  9.457831761466480E-002 -4.730261392701242E-003  0.000000000000000E+000
   2.66324465379858     
  0.966278062333970       1.757096938973359E-003  0.000000000000000E+000
  0.215046972385153       5.057536931986527E-003 -2.505369866746161E-004
  0.000000000000000E+000  5.308073918661143E-003   1.00019917223561     
  9.471115281243582E-002 -4.707454187591917E-003  0.000000000000000E+000
   2.66512406172598     
  0.963555373647426       1.891373763395130E-003  0.000000000000000E+000
  0.215329166958554       5.068246026796759E-003 -2.487615117054812E-004
  0.000000000000000E+000  5.317007538502240E-003   1.00019932995757     
  9.491395038390651E-002 -4.680390356811897E-003  0.000000000000000E+000
   2.66798578904060     
  0.960698927782761       2.030904889090778E-003  0.000000000000000E+000
  0.216178564086022       5.081854169956291E-003 -2.472608360800754E-004
  0.000000000000000E+000  5.329115006036366E-003   1.00019956341227     
  9.517111918264470E-002 -4.654286493387767E-003  0.000000000000000E+000
   2.67160529565260     
  0.957703044267799       2.176098169407578E-003  0.000000000000000E+000
  0.216775779793807       5.095625231179192E-003 -2.453973513140995E-004
  0.000000000000000E+000  5.341022582493291E-003   1.00019973252996     
  9.543193999062280E-002 -4.616407728922912E-003  0.000000000000000E+000
   2.67526809641735     
  0.954561846157195       2.326415247496387E-003  0.000000000000000E+000
  0.217694882577007       5.107238820542246E-003 -2.434560863841985E-004
  0.000000000000000E+000  5.350694906926445E-003   1.00019995160709     
  9.565240870741198E-002 -4.574893016451179E-003  0.000000000000000E+000
   2.67835980409931     
  0.951269384357213       2.482757904136671E-003  0.000000000000000E+000
  0.218534036397159       5.116150080537801E-003 -2.411175372586301E-004
  0.000000000000000E+000  5.357267617796431E-003   1.00020014429106     
  9.582246367479225E-002 -4.527209048289824E-003  0.000000000000000E+000
   2.68074440304412     
  0.947819482538107       2.644120805717701E-003  0.000000000000000E+000
  0.219498227989561       5.122778869820510E-003 -2.385530189504196E-004
  0.000000000000000E+000  5.361331888770929E-003   1.00020034929666     
  9.594980644196235E-002 -4.475959235859034E-003  0.000000000000000E+000
   2.68253043442160     
  0.944205942257812       2.811651156899837E-003  0.000000000000000E+000
  0.220684548400868       5.127296561676949E-003 -2.357705955995686E-004
  0.000000000000000E+000  5.363067157276517E-003   1.00020058337896     
  9.603770281150326E-002 -4.421047573485114E-003  0.000000000000000E+000
   2.68376527107246     
  0.940422342196095       2.984205242399509E-003  0.000000000000000E+000
  0.221719015955159       5.130137979531118E-003 -2.326083168062774E-004
  0.000000000000000E+000  5.362746296337395E-003   1.00020078586360     
  9.609439820981593E-002 -4.359646911528821E-003  0.000000000000000E+000
   2.68456416077650     
  0.936462258150449       3.162718150678633E-003  0.000000000000000E+000
  0.223375043869282       5.131008694684220E-003 -2.294262892233113E-004
  0.000000000000000E+000  5.360434983907532E-003   1.00020109603766     
  9.611412232585193E-002 -4.297569068950603E-003  0.000000000000000E+000
   2.68484713985118     
  0.932319101600151       3.346467535361265E-003  0.000000000000000E+000
  0.224541727459609       5.130478665626615E-003 -2.256598292590194E-004
  0.000000000000000E+000  5.356138494885634E-003   1.00020131633262     
  9.610790752301901E-002 -4.227013548275742E-003  0.000000000000000E+000
   2.68476935226338     
  0.927986251584928       3.535462227755561E-003  0.000000000000000E+000
  0.226370096397886       5.129065733017208E-003 -2.221485292612567E-004
  0.000000000000000E+000  5.351214262278465E-003   1.00020164616442     
  9.608492108687566E-002 -4.160205740365237E-003  0.000000000000000E+000
   2.68445726450576     
  0.923457056336885       3.730240913818279E-003  0.000000000000000E+000
  0.227053354740065       5.127461757466678E-003 -2.178568843252375E-004
  0.000000000000000E+000  5.345318641791916E-003   1.00020176677155     
  9.605888275461053E-002 -4.080846143809127E-003  0.000000000000000E+000
   2.68410367838410     
  0.918724734063985       3.928866629792209E-003  0.000000000000000E+000
  0.229328470671817       5.125451795004549E-003 -2.140942854913426E-004
  0.000000000000000E+000  5.339546080495892E-003   1.00020215874984     
  9.602484491492769E-002 -4.008585356413413E-003  0.000000000000000E+000
   2.68363731753686     
  0.913782702004972       4.134308086652536E-003  0.000000000000000E+000
  0.230402402131404       5.122648327900812E-003 -2.092512631139216E-004
  0.000000000000000E+000  5.331899591014734E-003   1.00020233065693     
  9.597665033510425E-002 -3.918588741066914E-003  0.000000000000000E+000
   2.68297461393923     
  0.908624062312831       4.341309162270438E-003  0.000000000000000E+000
  0.231569796819031       5.120915840889225E-003 -2.043312098887976E-004
  0.000000000000000E+000  5.325247050778022E-003   1.00020249906352     
  9.594847287696931E-002 -3.828094363064305E-003  0.000000000000000E+000
   2.68259190196867     
  0.903242385263693       4.554834075679027E-003  0.000000000000000E+000
  0.234572060846403       5.117874678420287E-003 -1.998653126364674E-004
  0.000000000000000E+000  5.317739991056754E-003   1.00020297564168     
  9.589554820668580E-002 -3.741087520496726E-003  0.000000000000000E+000
   2.68186190416761     
  0.897630946103148       4.770477692087010E-003  0.000000000000000E+000
  0.235849189704140       5.112480396130808E-003 -1.940411072858446E-004
  0.000000000000000E+000  5.306521503416653E-003   1.00020312284216     
  9.579926799214880E-002 -3.631153831658182E-003  0.000000000000000E+000
   2.68052570650150     
  0.891783373400719       4.989646083122509E-003  0.000000000000000E+000
  0.239278109381758       5.104548744617939E-003 -1.893863817143128E-004
  0.000000000000000E+000  5.293935126332252E-003   1.00020365550293     
  9.565448907478061E-002 -3.542091509156622E-003  0.000000000000000E+000
   2.67851072233674     
  0.885693421287334       5.213290243712273E-003  0.000000000000000E+000
  0.240392209494530       5.096387597046213E-003 -1.829271368942913E-004
  0.000000000000000E+000  5.279314733940504E-003   1.00020379264155     
  9.550639089721813E-002 -3.423956996219628E-003  0.000000000000000E+000
   2.67644893331040     
  0.879354799790459       5.435549238576376E-003  0.000000000000000E+000
  0.241896527082645       5.092547833755394E-003 -1.765833084955848E-004
  0.000000000000000E+000  5.269131142250979E-003   1.00020396055106     
  9.543916988197346E-002 -3.307746658571745E-003  0.000000000000000E+000
   2.67551942699752     
  0.872761850024891       5.661595916410732E-003  0.000000000000000E+000
  0.246039629699453       5.085455544592473E-003 -1.712023303092268E-004
  0.000000000000000E+000  5.256657874901699E-003   1.00020459911445     
  9.531045135404984E-002 -3.201298536335611E-003  0.000000000000000E+000
   2.67372465584973     
  0.865908887614107       5.888050303986711E-003  0.000000000000000E+000
  0.246999747289692       5.071926452113087E-003 -1.636366687813455E-004
  0.000000000000000E+000  5.235563120894433E-003   1.00020468100356     
  9.506204147660827E-002 -3.057778206091675E-003  0.000000000000000E+000
   2.67024803517100     
  0.858790596690845       6.112150921137999E-003  0.000000000000000E+000
  0.248688370218588       5.058646352346085E-003 -1.567481484173182E-004
  0.000000000000000E+000  5.215394500763404E-003   1.00020484894346     
  9.481762654686376E-002 -2.929922782824573E-003  0.000000000000000E+000
   2.66682491207171     
  0.851402232938537       6.337426796155764E-003  0.000000000000000E+000
  0.252459116214823       5.044101721990493E-003 -1.500876291221242E-004
  0.000000000000000E+000  5.194189351112617E-003   1.00020539000991     
  9.454923487591727E-002 -2.803987734283293E-003  0.000000000000000E+000
   2.66305935865836     
  0.843739242234269       6.559807874772471E-003  0.000000000000000E+000
  0.253950938034677       5.029340617424335E-003 -1.416061209230705E-004
  0.000000000000000E+000  5.170946738347406E-003   1.00020554130590     
  9.427744341998930E-002 -2.647434906662026E-003  0.000000000000000E+000
   2.65923981744288     
  0.835797614343686       6.776554441764220E-003  0.000000000000000E+000
  0.255912735465017       5.019074575149998E-003 -1.339106975839495E-004
  0.000000000000000E+000  5.152985272733948E-003   1.00020571207726     
  9.408935407361468E-002 -2.505220552782717E-003  0.000000000000000E+000
   2.65659670896449     
  0.827574033874230       6.990933322577417E-003  0.000000000000000E+000
  0.260104211482485       5.006435307385228E-003 -1.270070854140825E-004
  0.000000000000000E+000  5.133442392799311E-003   1.00020631050599     
  9.385624990285898E-002 -2.372746544329930E-003  0.000000000000000E+000
   2.65331344213790     
  0.819065622350018       7.200829533666883E-003  0.000000000000000E+000
  0.261789450763445       4.990405681445205E-003 -1.176630087904643E-004
  0.000000000000000E+000  5.108068690235669E-003   1.00020650322909     
  9.356022951794699E-002 -2.198407110293751E-003  0.000000000000000E+000
   2.64913346304920     
  0.810270040767068       7.398615321999188E-003  0.000000000000000E+000
  0.263235304918226       4.978668154062257E-003 -1.083203082720389E-004
  0.000000000000000E+000  5.086988462334296E-003   1.00020656689478     
  9.334434633454680E-002 -2.026040006238693E-003  0.000000000000000E+000
   2.64608307445825     
  0.801185958372473       7.589628713596443E-003  0.000000000000000E+000
  0.266972648091496       4.966562784958250E-003 -1.006357218705004E-004
  0.000000000000000E+000  5.067198506828750E-003   1.00020702265627     
  9.312068982145111E-002 -1.879580106943141E-003  0.000000000000000E+000
   2.64291785690606     
  0.791812627973472       7.772394067772765E-003  0.000000000000000E+000
  0.270184973144524       4.948411287257975E-003 -9.177997229995475E-005
  0.000000000000000E+000  5.040191259557930E-003   1.00020742863479     
  9.278365938159649E-002 -1.711714735656459E-003  0.000000000000000E+000
   2.63813531354339     
  0.782150065254686       7.942422822669317E-003  0.000000000000000E+000
  0.271571952091335       4.930336831161126E-003 -8.135442107300881E-005
  0.000000000000000E+000  5.011691252234134E-003   1.00020750778400     
  9.244802113130354E-002 -1.518549423865649E-003  0.000000000000000E+000
   2.63336122241345     
  0.772199185767239       8.095718475719276E-003  0.000000000000000E+000
  0.273198234659731       4.917400767506588E-003 -7.144828027589225E-005
  0.000000000000000E+000  4.988849047782480E-003   1.00020758259966     
  9.220815292464242E-002 -1.334771716506444E-003  0.000000000000000E+000
   2.62994334964357     
  0.761961923922881       8.235501917519613E-003  0.000000000000000E+000
  0.276304367769399       4.904953294782730E-003 -6.251634828912888E-005
  0.000000000000000E+000  4.967469643071859E-003   1.00020791513970     
  9.197678090481166E-002 -1.166203187400479E-003  0.000000000000000E+000
   2.62664079852688     
  0.751441078648974       8.360036325710233E-003  0.000000000000000E+000
  0.279801052717403       4.887052099462620E-003 -5.324491741270058E-005
  0.000000000000000E+000  4.940297016875320E-003   1.00020839242490     
  9.164272050375025E-002 -9.899898512636986E-004  0.000000000000000E+000
   2.62186280513115     
  0.740640446574066       8.467539394565621E-003  0.000000000000000E+000
  0.281785536989673       4.866741645481565E-003 -4.216730653191199E-005
  0.000000000000000E+000  4.908908952013477E-003   1.00020863663763     
  9.126304949644609E-002 -7.829366828625526E-004  0.000000000000000E+000
   2.61641663162309     
  0.729564815658738       8.549226778783900E-003  0.000000000000000E+000
  0.282980283492634       4.850315108041139E-003 -3.083883311071899E-005
  0.000000000000000E+000  4.881153941151858E-003   1.00020871966606     
  9.095559086669833E-002 -5.725712297868021E-004  0.000000000000000E+000
   2.61199309403406     
  0.718220157151689       8.609815858319162E-003  0.000000000000000E+000
  0.285522430733408       4.835491385354885E-003 -2.088284536812402E-005
  0.000000000000000E+000  4.856374230723009E-003   1.00020904602719     
  9.067729455180729E-002 -3.854497282152788E-004  0.000000000000000E+000
   2.60797731009712     
  0.706613454876314       8.648074977020741E-003  0.000000000000000E+000
  0.287948646536051       4.818380108647373E-003 -1.084723695106114E-005
  0.000000000000000E+000  4.829227345598434E-003   1.00020935793254     
  9.035494940911426E-002 -1.964740109832465E-004  0.000000000000000E+000
   2.60330961141556     
  0.694752788406665       8.662372544331720E-003  0.000000000000000E+000
  0.290483276895429       4.799774211769414E-003 -6.720055753667655E-007
  0.000000000000000E+000  4.800446217344781E-003   1.00020967730646     
  9.000330041754326E-002 -5.443902428226772E-006  0.000000000000000E+000
   2.59819794014795     
  0.682647343539202       8.651157664054129E-003  0.000000000000000E+000
  0.293062613289749       4.781801408684339E-003  1.012558659007892E-005
  0.000000000000000E+000  4.791926995274419E-003   1.00021003984740     
  8.966239764888936E-002  1.957852823285530E-004  0.000000000000000E+000
   2.59322146221895     
  0.670307422204054       8.610315629881678E-003  0.000000000000000E+000
  0.294458120515401       4.768040625278732E-003  2.164467878232049E-005
  0.000000000000000E+000  4.789685304061053E-003   1.00021021472296     
  8.939940691979067E-002  4.096242877253830E-004  0.000000000000000E+000
   2.58935512536482     
  0.657744432187388       8.537819516044324E-003  0.000000000000000E+000
  0.295718445009470       4.759059703298147E-003  3.264959187271521E-005
  0.000000000000000E+000  4.791709295170862E-003   1.00021034359114     
  8.922516524850643E-002  6.149392921405989E-004  0.000000000000000E+000
   2.58676374026112     
  0.644970813927204       8.436245338104848E-003  0.000000000000000E+000
  0.297789037009125       4.750859704758782E-003  4.296997225518305E-005
  0.000000000000000E+000  4.793829677013965E-003   1.00021061958215     
  8.906472066640972E-002  8.086960176465498E-004  0.000000000000000E+000
   2.58436366773295     
  0.632000051176599       8.304733450058579E-003  0.000000000000000E+000
  0.299713920880777       4.741429870409825E-003  5.324705067275290E-005
  0.000000000000000E+000  4.794676921082578E-003   1.00021087477495     
  8.888021469870269E-002  1.001561406873287E-003  0.000000000000000E+000
   2.58160335467749     
  0.618846621299056       8.142643113908310E-003  0.000000000000000E+000
  0.301575371643366       4.731916116188250E-003  6.344273826551564E-005
  0.000000000000000E+000  4.795358854453766E-003   1.00021111732221     
  8.869311187437144E-002  1.192333383572901E-003  0.000000000000000E+000
   2.57879315203383     
  0.605525942452643       7.949576021555563E-003  0.000000000000000E+000
  0.303502720200640       4.723364377485586E-003  7.352479537091005E-005
  0.000000000000000E+000  4.796889172856496E-003   1.00021135986028     
  8.852299537361642E-002  1.380727164822282E-003  0.000000000000000E+000
   2.57621741694799     
  0.592054310759683       7.725396929789890E-003  0.000000000000000E+000
  0.305843552339184       4.716173641452211E-003  8.357136882538793E-005
  0.000000000000000E+000  4.799745010277599E-003   1.00021168616654     
  8.837725388983592E-002  1.568049832943424E-003  0.000000000000000E+000
   2.57398338757485     
  0.578448841139469       7.469587338919363E-003  0.000000000000000E+000
  0.307140182110288       4.712209462411903E-003  9.405260661864437E-005
  0.000000000000000E+000  4.806262069030547E-003   1.00021182534840     
  8.829051596733344E-002  1.762812819624319E-003  0.000000000000000E+000
   2.57259298273916     
  0.564727426131715       7.179798545920949E-003  0.000000000000000E+000
  0.308167657536387       4.712183488506484E-003  1.041555434429954E-004
  0.000000000000000E+000  4.816339031949479E-003   1.00021183403925     
  8.827619643535325E-002  1.951071742090125E-003  0.000000000000000E+000
   2.57224118997716     
  0.550908452145140       6.860707846468249E-003  0.000000000000000E+000
  0.310041225370469       4.713307229782306E-003  1.132985607302463E-004
  0.000000000000000E+000  4.826605790512552E-003   1.00021195161885     
  8.828171438404853E-002  2.122003058964008E-003  0.000000000000000E+000
   2.57215404573908     
  0.537010910895377       6.513416561857800E-003  0.000000000000000E+000
  0.311714665094769       4.714588702347300E-003  1.220800565731714E-004
  0.000000000000000E+000  4.836668758920471E-003   1.00021200815861     
  8.828818880216649E-002  2.285794012883571E-003  0.000000000000000E+000
   2.57205371959646     
  0.523054228165777       6.139328491792367E-003  0.000000000000000E+000
  0.313475438783144       4.716936843056892E-003  1.304696936800836E-004
  0.000000000000000E+000  4.847406536736975E-003   1.00021201205983     
  8.831326964685769E-002  2.441967555404338E-003  0.000000000000000E+000
   2.57220576208094     
  0.509058155752480       5.740143054580419E-003  0.000000000000000E+000
  0.315329787020801       4.720846384036270E-003  1.384310116291152E-004
  0.000000000000000E+000  4.859277395665385E-003   1.00021196434299     
  8.836650592206655E-002  2.589855208766732E-003  0.000000000000000E+000
   2.57275232531247     
  0.495042659692362       5.317842972884984E-003  0.000000000000000E+000
  0.317351025030575       4.726861423841223E-003  1.459328668703667E-004
  0.000000000000000E+000  4.872794290711590E-003   1.00021186488312     
  8.845811915044213E-002  2.728869071174821E-003  0.000000000000000E+000
   2.57384144009945     
  0.481027806142041       4.874676585191666E-003  0.000000000000000E+000
  0.319623080039037       4.735509264719355E-003  1.529470230153344E-004
  0.000000000000000E+000  4.888456287734689E-003   1.00021172623883     
  8.859801422755063E-002  2.858481487236042E-003  0.000000000000000E+000
   2.57561595312699     
  0.467033646316841       4.413134998349662E-003  0.000000000000000E+000
  0.322339662629702       4.747094573282926E-003  1.594703500137471E-004
  0.000000000000000E+000  4.906564923296673E-003   1.00021157380242     
  8.879135490147143E-002  2.978732109339603E-003  0.000000000000000E+000
   2.57814110145844     
  0.453080108148714       3.935745123473622E-003  0.000000000000000E+000
  0.325068045077160       4.760910830804645E-003  1.656555907377875E-004
  0.000000000000000E+000  4.926566421542432E-003   1.00021137175031     
  8.902367041472975E-002  3.093050139723631E-003  0.000000000000000E+000
   2.58118803024108     
  0.439186917314490       3.444124449314979E-003  0.000000000000000E+000
  0.328803932288793       4.773740530979497E-003  1.709351240290387E-004
  0.000000000000000E+000  4.944675655008535E-003   1.00021128970905     
  8.923530792143758E-002  3.192261549861044E-003  0.000000000000000E+000
   2.58389589894022     
  0.425373323286012       2.943537917647252E-003  0.000000000000000E+000
  0.335135175256937       4.780974490383873E-003  1.748520279333381E-004
  0.000000000000000E+000  4.955826518317211E-003   1.00021166625813     
  8.934145808800176E-002  3.267040142041462E-003  0.000000000000000E+000
   2.58505482205937     
  0.411658191042757       2.437221773305309E-003  0.000000000000000E+000
  0.343630068843595       4.777532732158203E-003  1.796812852769339E-004
  0.000000000000000E+000  4.957214017435137E-003   1.00021246628843     
  8.924426893421189E-002  3.360509703847664E-003  0.000000000000000E+000
   2.58323299747557     
  0.398060300010423       1.916233981970908E-003  0.000000000000000E+000
  0.352245115670030       4.753325041575150E-003  1.904845894191014E-004
  0.000000000000000E+000  4.943809630994251E-003   1.00021328142846     
  8.874600273636404E-002  3.569343818733886E-003  0.000000000000000E+000
   2.57548290105612     
  0.384598635456386       1.352902573853140E-003  0.000000000000000E+000
  0.357395442774077       4.701008105841774E-003  2.086814956905270E-004
  0.000000000000000E+000  4.909689601532301E-003   1.00021350511697     
  8.770383610688462E-002  3.916179814988699E-003  0.000000000000000E+000
   2.55961350542445     
  0.371291267288200       7.281164213263902E-004  0.000000000000000E+000
  0.358577034203790       4.624326687170150E-003  2.293163189630803E-004
  0.000000000000000E+000  4.853643006133231E-003   1.00021300314541     
  8.619394514752994E-002  4.304642612881202E-003  0.000000000000000E+000
   2.53664414304214     
  0.358154780898738       4.178473641569574E-005  0.000000000000000E+000
  0.360919666376503       4.536458059105563E-003  2.483238645472158E-004
  0.000000000000000E+000  4.784781923652778E-003   1.00021292350668     
  8.447093658453911E-002  4.655461819018080E-003  0.000000000000000E+000
   2.51024267990194     
  0.345204555188213      -6.996594131643285E-004  0.000000000000000E+000
  0.362023533935599       4.457614099410177E-003  2.671466415728405E-004
  0.000000000000000E+000  4.724760740983017E-003   1.00021300741168     
  8.291043758513351E-002  4.993988710121107E-003  0.000000000000000E+000
   2.48592699977336     
  0.332455505085775      -1.498146808410845E-003  0.000000000000000E+000
  0.359991755196233       4.400009381434759E-003  2.854232511655654E-004
  0.000000000000000E+000  4.685432632600324E-003   1.00021274319908     
  8.174022049352730E-002  5.320754528765714E-003  0.000000000000000E+000
   2.46719952899100     
  0.319920537181743      -2.339667901782980E-003  0.000000000000000E+000
  0.358817718990167       4.360085281344552E-003  3.013043224585798E-004
  0.000000000000000E+000  4.661389603803132E-003   1.00021279067084     
  8.089771775406060E-002  5.604621109595373E-003  0.000000000000000E+000
   2.45326323634216     
  0.307611656831778      -3.214917519367286E-003  0.000000000000000E+000
  0.357962591148635       4.331378552458129E-003  3.158078229859537E-004
  0.000000000000000E+000  4.647186375444083E-003   1.00021320954060     
  8.026081221958611E-002  5.863086192094595E-003  0.000000000000000E+000
   2.44232345866438     
  0.295539909591286      -4.117285986877651E-003  0.000000000000000E+000
  0.356794507814129       4.311263830718780E-003  3.293260432636695E-004
  0.000000000000000E+000  4.640589873982449E-003   1.00021391987248     
  7.977835706072511E-002  6.102916735196467E-003  0.000000000000000E+000
   2.43360727097253     
  0.283715218424319      -5.040365564571752E-003  0.000000000000000E+000
  0.356369503038877       4.297453779420897E-003  3.417970923643701E-004
  0.000000000000000E+000  4.639250871785267E-003   1.00021493020766     
  7.940705767503281E-002  6.322800484379726E-003  0.000000000000000E+000
   2.42646105911328     
  0.272146384621058      -5.978022424434283E-003  0.000000000000000E+000
  0.355279234317322       4.289987550371070E-003  3.541263906749942E-004
  0.000000000000000E+000  4.644113941046064E-003   1.00021613809268     
  7.914540775244860E-002  6.537361622698516E-003  0.000000000000000E+000
   2.42085369783456     
  0.260841459952367      -6.928699530984975E-003  0.000000000000000E+000
  0.351933314386542       4.291442745590397E-003  3.659969645527114E-004
  0.000000000000000E+000  4.657439710143109E-003   1.00021730082676     
  7.904120969911939E-002  6.741948788468522E-003  0.000000000000000E+000
   2.41752040986342     
  0.249806769810523      -7.883567295849768E-003  0.000000000000000E+000
  0.349088111860056       4.299918164466119E-003  3.757949227894959E-004
  0.000000000000000E+000  4.675713087255616E-003   1.00021874539999     
  7.906343773006359E-002  6.908959713285965E-003  0.000000000000000E+000
   2.41602587336967     
  0.239047492115207      -8.833844321215513E-003  0.000000000000000E+000
  0.347474217821400       4.312528421406625E-003  3.838989482757130E-004
  0.000000000000000E+000  4.696427369682338E-003   1.00022067081048     
  7.915676863490750E-002  7.043945625763698E-003  0.000000000000000E+000
   2.41550225594947     
  0.228568063927081      -9.774779615069130E-003  0.000000000000000E+000
  0.346195477849960       4.329275436659119E-003  3.910694754119126E-004
  0.000000000000000E+000  4.720344912071032E-003   1.00022291210474     
  7.931768194142069E-002  7.160664634376179E-003  0.000000000000000E+000
   2.41585926004230     
  0.218371927887734      -1.070216068614966E-002  0.000000000000000E+000
  0.344216529684218       4.351366594130548E-003  3.976952332129157E-004
  0.000000000000000E+000  4.749061827343464E-003   1.00022538577810     
  7.956650755098101E-002  7.264933499362785E-003  0.000000000000000E+000
   2.41738187514608     
  0.208461650332017      -1.161318441176501E-002  0.000000000000000E+000
  0.342260093111463       4.381217388603333E-003  4.031996218790161E-004
  0.000000000000000E+000  4.784417010482349E-003   1.00022815547815     
  7.994889238072218E-002  7.346252000599895E-003  0.000000000000000E+000
   2.42076351652170     
  0.198838436947398      -1.250075963881363E-002  0.000000000000000E+000
  0.341134527862778       4.419958334297754E-003  4.072875824568244E-004
  0.000000000000000E+000  4.827245916754578E-003   1.00023135537148     
  8.048571965612855E-002  7.400706761965026E-003  0.000000000000000E+000
   2.42631054539451     
  0.189502895766597      -1.336127223884795E-002  0.000000000000000E+000
  0.339591106721628       4.469414101601261E-003  4.110244795220966E-004
  0.000000000000000E+000  4.880438581123358E-003   1.00023495163251     
  8.120456454514985E-002  7.446023781728735E-003  0.000000000000000E+000
   2.43435722887905     
  0.180454910724205      -1.419260156117742E-002  0.000000000000000E+000
  0.338430157232324       4.531684924458016E-003  4.139038751237342E-004
  0.000000000000000E+000  4.945588799581750E-003   1.00023891447213     
  8.214436812264568E-002  7.473356682241514E-003  0.000000000000000E+000
   2.44545851636240     
  0.171693255296651      -1.498933665163374E-002  0.000000000000000E+000
  0.338573629724351       4.606239404954238E-003  4.152455291122948E-004
  0.000000000000000E+000  5.021484934066533E-003   1.00024332080813     
  8.329505107817185E-002  7.472860468806970E-003  0.000000000000000E+000
   2.45941271975118     
  0.163216160245772      -1.574824056262389E-002  0.000000000000000E+000
  0.338661330925561       4.692095207725266E-003  4.162126293088344E-004
  0.000000000000000E+000  5.108307837034100E-003   1.00024817707340     
  8.462943196176367E-002  7.464414732090459E-003  0.000000000000000E+000
   2.47566682926917     
  0.155021505005991      -1.646991939561590E-002  0.000000000000000E+000
  0.336835310049082       4.793180190965268E-003  4.173910537254556E-004
  0.000000000000000E+000  5.210571244690724E-003   1.00025263609910     
  8.621459318454469E-002  7.453497632165114E-003  0.000000000000000E+000
   2.49509348614418     
  0.147106334224531      -1.715296303207054E-002  0.000000000000000E+000
  0.337894530622407       4.911521239722412E-003  4.147069668257804E-004
  0.000000000000000E+000  5.326228206548192E-003   1.00025757283238     
  8.810171787730472E-002  7.372634920178946E-003  0.000000000000000E+000
   2.51849235326648     
  0.139466267089614      -1.778558548152064E-002  0.000000000000000E+000
  0.341011776748473       5.044299019461069E-003  4.106066320780189E-004
  0.000000000000000E+000  5.454905651539088E-003   1.00026382883300     
  9.022043426429513E-002  7.269914131460452E-003  0.000000000000000E+000
   2.54455677535036     
  0.132098175810340      -1.837689199987649E-002  0.000000000000000E+000
  0.338773092876409       5.197612833181680E-003  4.097915331549459E-004
  0.000000000000000E+000  5.607404366336626E-003   1.00026845332391     
  9.265315568584295E-002  7.213361510412169E-003  0.000000000000000E+000
   2.57404165602822     
  0.124997769952504      -1.892872200988259E-002  0.000000000000000E+000
  0.340739511431593       5.374278878222800E-003  4.014150694015527E-004
  0.000000000000000E+000  5.775693947624352E-003   1.00027375100825     
  9.550032614707485E-002  7.020943466074551E-003  0.000000000000000E+000
   2.60872452835013     
  0.118158763957459      -1.942103531766246E-002  0.000000000000000E+000
  0.346786486332348       5.568912565333539E-003  3.897032313374930E-004
  0.000000000000000E+000  5.958615796671033E-003   1.00028146059485     
  9.863253764125803E-002  6.780959565926923E-003  0.000000000000000E+000
   2.64633436691017     
  0.111577324482708      -1.987073175919550E-002  0.000000000000000E+000
  0.344524062141772       5.789206889120600E-003  3.843838395217262E-004
  0.000000000000000E+000  6.173590728642326E-003   1.00028601970232     
  0.102123893217474       6.635579075921057E-003  0.000000000000000E+000
   2.68701363755409     
  0.105248108561165      -2.028128798648830E-002  0.000000000000000E+000
  0.348051611919573       6.031190919887958E-003  3.646782860748432E-004
  0.000000000000000E+000  6.395869205962801E-003   1.00029039797252     
  0.106009202663607       6.239717992469909E-003  0.000000000000000E+000
   2.73219120540339     
  9.916376395001603E-002 -2.062514136152142E-002  0.000000000000000E+000
  0.354445685481778       6.291874121294565E-003  3.406003175976702E-004
  0.000000000000000E+000  6.632474438892235E-003   1.00029713076483     
  0.110165976582035       5.783498392437256E-003  0.000000000000000E+000
   2.77940028886351     
  9.332012723962402E-002 -2.093049604161815E-002  0.000000000000000E+000
  0.351429693761929       6.587398991862957E-003  3.226891372952295E-004
  0.000000000000000E+000  6.910088129158186E-003   1.00030107782003     
  0.114801059774559       5.403830782366184E-003  0.000000000000000E+000
   2.83022911619094     
  8.771055058917909E-002 -2.119011388496281E-002  0.000000000000000E+000
  0.356355273625695       6.911825257022350E-003  2.847468105987578E-004
  0.000000000000000E+000  7.196572067621108E-003   1.00030453846217     
  0.119954020852951       4.686421488203977E-003  0.000000000000000E+000
   2.88654040023406     
  8.232832898163722E-002 -2.138787159074580E-002  0.000000000000000E+000
  0.358943264883010       7.262211726061603E-003  2.474645138882277E-004
  0.000000000000000E+000  7.509676239949831E-003   1.00030701731667     
  0.125422461260542       4.011410400274580E-003  0.000000000000000E+000
   2.94407482048398     
  7.716826630280238E-002 -2.155356702706770E-002  0.000000000000000E+000
  0.361501421166622       7.605168268526826E-003  1.973047893143750E-004
  0.000000000000000E+000  7.802473057841201E-003   1.00030793506028     
  0.130693328218497       3.131424726371127E-003  0.000000000000000E+000
   2.99752447433193     
  7.222301122247532E-002 -2.165524915438587E-002  0.000000000000000E+000
  0.376117575109447       7.898934300870849E-003  1.274048635894448E-004
  0.000000000000000E+000  8.026339164460293E-003   1.00030972915169     
  0.135093111311343       1.966751040794965E-003  0.000000000000000E+000
   3.04004952940739     
  6.748705146715417E-002 -2.171479524477504E-002  0.000000000000000E+000
  0.386054848660024       8.144982546478141E-003  6.488171817793066E-005
  0.000000000000000E+000  8.209864264656072E-003   1.00031000542613     
  0.138462627498069       9.342043264957866E-004  0.000000000000000E+000
   3.06835651979132     
  6.295371259758120E-002 -2.173446819730835E-002  0.000000000000000E+000
  0.402440166540828       8.320242311622015E-003 -3.054126199758456E-005
  0.000000000000000E+000  8.350783573619600E-003   1.00031101730376     
  0.140721072803695      -6.528248070993662E-004  0.000000000000000E+000
   3.08540213864343     
  5.861711578290607E-002 -2.168853676842170E-002  0.000000000000000E+000
  0.407760186097448       8.495877599606651E-003 -1.169285400230471E-004
  0.000000000000000E+000  8.612806139629699E-003   1.00030937400683     
  0.142781121643698      -2.117774042370029E-003  0.000000000000000E+000
   3.09822066431690     
  5.447044604999962E-002 -2.162336907966074E-002  0.000000000000000E+000
  0.417292621283877       8.668844837034877E-003 -2.337954218537144E-004
  0.000000000000000E+000  8.902640258888591E-003   1.00030773013075     
  0.144872525417924      -4.089517000743644E-003  0.000000000000000E+000
   3.11257285972873     
  5.050903214194746E-002 -2.147729249486757E-002  0.000000000000000E+000
  0.433962704489431       8.881310066413394E-003 -3.657614552037353E-004
  0.000000000000000E+000  9.247071521617129E-003   1.00030800607579     
  0.147581875061552      -6.329275880459327E-003  0.000000000000000E+000
   3.13351448715538     
  4.672541388620077E-002 -2.131085761769123E-002  0.000000000000000E+000
  0.443747257024370       9.220166189512409E-003 -5.011609369755842E-004
  0.000000000000000E+000  9.721327126487994E-003   1.00030566864705     
  0.152146114417558      -8.701487631250797E-003  0.000000000000000E+000
   3.17178508562084     
  4.311516124701154E-002 -2.108321818922540E-002  0.000000000000000E+000
  0.468971297271992       9.670917820685283E-003 -6.887863460361285E-004
  0.000000000000000E+000  1.035970416672141E-002   1.00030487035867     
  0.158661314381085      -1.187682049943025E-002  0.000000000000000E+000
   3.23167557953553     
  3.967223005436371E-002 -2.081626001427382E-002  0.000000000000000E+000
  0.494281052122687       1.019969479743523E-002 -8.855873011510583E-004
  0.000000000000000E+000  1.108528209858629E-002   1.00030489235824     
  0.166147290500635      -1.501700775071464E-002  0.000000000000000E+000
   3.29747130824579     
  3.639054179185175E-002 -2.050759722952964E-002  0.000000000000000E+000
  0.524356052918392       1.063183918590424E-002 -1.137556039883402E-003
  0.000000000000000E+000  1.176939522578765E-002   1.00030571327593     
  0.172252211325015      -1.893874213337527E-002  0.000000000000000E+000
   3.35172503260392     
  3.326778181846923E-002 -2.014011535744205E-002  0.000000000000000E+000
  0.548936748021561       1.098394101835203E-002 -1.380033828654728E-003
  0.000000000000000E+000  1.236397484700676E-002   1.00030560524319     
  0.176740857458838      -2.257468113718759E-002  0.000000000000000E+000
   3.38695663224181     
  3.029382127105174E-002 -1.975029503451204E-002  0.000000000000000E+000
  0.592692860394664       1.113545582042501E-002 -1.670963983881878E-003
  0.000000000000000E+000  1.280641980430689E-002   1.00030659225748     
  0.178366243050012      -2.697199694953785E-002  0.000000000000000E+000
   3.40012463734520     
  2.747317396944959E-002 -1.928113185504812E-002  0.000000000000000E+000
  0.633484151331231       1.124482012000005E-002 -1.940829290454600E-003
  0.000000000000000E+000  1.318564941045464E-002   1.00030471011552     
  0.178991171649625      -3.110416345756315E-002  0.000000000000000E+000
   3.40156537946817     
  2.478833495795718E-002 -1.880921559024042E-002  0.000000000000000E+000
  0.711790753300193       1.114159039348694E-002 -2.258040302872496E-003
  0.000000000000000E+000  1.339963069635943E-002   1.00030920978492     
  0.176859114090017      -3.567675346481609E-002  0.000000000000000E+000
   3.38458009969756     
  2.225501326225521E-002 -1.823565211469499E-002  0.000000000000000E+000
  0.781507789932448       1.083610726982263E-002 -2.514879029498940E-003
  0.000000000000000E+000  1.335098629932157E-002   1.00031434958378     
  0.171404123778666      -3.937456952990544E-002  0.000000000000000E+000
   3.33521244133954     
  1.984559696190713E-002 -1.767184233715069E-002  0.000000000000000E+000
  0.856111959508553       1.019713039575690E-002 -2.734170401996031E-003
  0.000000000000000E+000  1.293130079775293E-002   1.00032198528212     
  0.161240804694847      -4.210367344285157E-002  0.000000000000000E+000
   3.24409641644768     
  1.758713226318775E-002 -1.699731615131953E-002  0.000000000000000E+000
  0.918142138965550       9.206773789745751E-003 -2.839143009902398E-003
  0.000000000000000E+000  1.204591679964815E-002   1.00032769022442     
  0.145822204186062      -4.347392999221376E-002  0.000000000000000E+000
   3.10078792265002     
  1.544650428983374E-002 -1.632605898462604E-002  0.000000000000000E+000
   1.01677921008650       7.931667466686596E-003 -2.789284876006159E-003
  0.000000000000000E+000  1.072095234269275E-002   1.00034016566836     
  0.126088585335558      -4.184663746211511E-002  0.000000000000000E+000
   2.89791197285356     
  1.345295496273136E-002 -1.555732975657546E-002  0.000000000000000E+000
   1.10617546207118       6.173922123618376E-003 -2.501538320592572E-003
  0.000000000000000E+000  8.675460444210949E-003   1.00035157420621     
  9.928587533580477E-002 -3.664658368155904E-002  0.000000000000000E+000
   2.59319486689695     
  1.157947612225185E-002 -1.477144945561017E-002  0.000000000000000E+000
   1.10483922632216       4.136635720262192E-003 -1.911081778178864E-003
  0.000000000000000E+000  6.047717498441055E-003   1.00034898640653     
  6.772301292188221E-002 -2.672049514061210E-002  0.000000000000000E+000
   2.15564962083995     
  9.848531301419383E-003 -1.390624975671154E-002  0.000000000000000E+000
   1.06164131192031       2.238358360363759E-003 -1.200249095449802E-003
  0.000000000000000E+000  3.438607455813561E-003   1.00034860376631     
  3.768738333751188E-002 -1.638776466745433E-002  0.000000000000000E+000
   1.62841308936827     
  8.249723698091849E-003 -1.299967384081004E-002  0.000000000000000E+000
  0.988840343907441       8.865815893461925E-004 -5.444721397468819E-004
  0.000000000000000E+000  1.431053729093074E-003   1.00035574949648     
  1.583367849648852E-002 -6.579472338391957E-003  0.000000000000000E+000
   1.05672784239863     
  6.785477286839425E-003 -1.203901627367612E-002  0.000000000000000E+000
   1.07042852323752      -1.877545914763190E-004  1.361361101106948E-004
  0.000000000000000E+000 -3.238907015870138E-004   1.00038420002710     
 -1.097022001991787E-003  5.034002852669156E-003  0.000000000000000E+000
  0.584052854453575     
  5.478550221508449E-003 -1.101314324896579E-002  0.000000000000000E+000
   1.21210107278262      -1.509927840877053E-003  1.264031529180561E-003
  0.000000000000000E+000 -2.773959370057614E-003   1.00041339444296     
 -2.167370368425603E-002  2.558115094135862E-002  0.000000000000000E+000
   1.50031421637338     
  4.290827434544564E-003 -9.965556159078107E-003  0.000000000000000E+000
   1.21890396440926      -3.153346941659298E-003  3.170370160549882E-003
  0.000000000000000E+000 -6.323717102209180E-003   1.00042135532051     
 -4.731631982661683E-002  6.080400141698277E-002  0.000000000000000E+000
   2.29617110131062     
  3.296772041745166E-003 -8.840112919361187E-003  0.000000000000000E+000
   1.21929409284462      -4.844145925068398E-003  5.760378001181440E-003
  0.000000000000000E+000 -1.060452392624984E-002   1.00043253622453     
 -7.672152118081274E-002  0.106447012382474       0.000000000000000E+000
   3.02121096822714     
  2.396870789097783E-003 -7.727149985343641E-003  0.000000000000000E+000
   1.09539119240480      -5.867251118086622E-003  8.619425478288471E-003
  0.000000000000000E+000 -1.448667659637509E-002   1.00041761831071     
 -9.464612491285884E-002  0.158476606376679       0.000000000000000E+000
   3.61267975337756     
  1.722008488210358E-003 -6.549785302129726E-003  0.000000000000000E+000
  0.961295410627145      -6.346844107253788E-003  1.152163083068076E-002
  0.000000000000000E+000 -1.786847493793454E-002   1.00039655265907     
 -0.105410801288264       0.211455732153401       0.000000000000000E+000
   4.11884850964450     
  1.113140182790850E-003 -5.409418156526647E-003  0.000000000000000E+000
  0.830747659420695      -6.185272955413513E-003  1.440172773422653E-002
  0.000000000000000E+000 -2.058700068964004E-002   1.00037531965704     
 -0.102032110313411       0.265158412064266       0.000000000000000E+000
   4.53735613414165     
  7.225228813823037E-004 -4.248492033251204E-003  0.000000000000000E+000
  0.711141380904337      -5.433074591568106E-003  1.717039289611894E-002
  0.000000000000000E+000 -2.260346748768705E-002   1.00035508407650     
 -9.059694071485930E-002  0.317218081546434       0.000000000000000E+000
   4.91583793370472     
  3.880251048486993E-004 -3.130464215962858E-003  0.000000000000000E+000
  0.695149997471844      -4.618741449131185E-003  1.961044651921115E-002
  0.000000000000000E+000 -2.422918796834234E-002   1.00035393899358     
 -7.648625439891078E-002  0.362211962934022       0.000000000000000E+000
   5.21578621370959     
  1.970395846617734E-004 -2.043563727562371E-003  0.000000000000000E+000
  0.528634964884532      -2.909555718997237E-003  2.149329524570553E-002
  0.000000000000000E+000 -2.440285096470277E-002   1.00032807135290     
 -4.790874845161806E-002  0.397556233139161       0.000000000000000E+000
   5.43768460596806     
  9.598016850720370E-005 -9.954425719247947E-004  0.000000000000000E+000
  0.598647692309669      -2.190665945851785E-003  2.285356862536340E-002
  0.000000000000000E+000 -2.504423457121518E-002   1.00034501771473     
 -3.538775123702154E-002  0.422567574574614       0.000000000000000E+000
   5.59712429790404     
  0.000000000000000E+000  0.000000000000000E+000  0.000000000000000E+000
  0.380488447318612      -1.726177179620280E-004  2.373847644561423E-002
  0.000000000000000E+000 -2.391109416357625E-002   1.00031191647044     
 -8.615268900493134E-004  0.438379967448564       0.000000000000000E+000
   5.69024007147998     
 zone i=         151
  0.000000000000000E+000  0.000000000000000E+000  0.000000000000000E+000
  0.380488447318612      -1.726177179620280E-004  2.373847644561423E-002
  0.000000000000000E+000 -2.391109416357625E-002   1.00031191647044     
 -8.615268900493134E-004  0.438379967448564       0.000000000000000E+000
   5.69024007147998     
  8.124748189053399E-005  9.967570191826214E-004  0.000000000000000E+000
  0.217619232567131       1.950879167597521E-003  2.405162083222443E-002
  0.000000000000000E+000  2.600249999982196E-002   1.00028815939124     
  3.676092793483794E-002  0.444439429037275       0.000000000000000E+000
   5.74124245089217     
  1.668552160047909E-004  2.047006305551404E-003  0.000000000000000E+000
  0.448211426038370       2.536229844712699E-003  2.460019415002777E-002
  0.000000000000000E+000  2.713642399474047E-002   1.00033296812193     
  5.111335929900354E-002  0.454102523171930       0.000000000000000E+000
   5.81139064555988     
  3.042454035129261E-004  3.145845697375883E-003  0.000000000000000E+000
  0.246431084015057       4.684418759329634E-003  2.546415242007444E-002
  0.000000000000000E+000  3.014857117940407E-002   1.00030372501684     
  9.116065602038642E-002  0.468498846577052       0.000000000000000E+000
   5.93179825046915     
  5.825742921587995E-004  4.281733555009661E-003  0.000000000000000E+000
  0.333867648979094       6.428419029109614E-003  2.629894859461042E-002
  0.000000000000000E+000  3.272736762372003E-002   1.00032763880426     
  0.121996546012101       0.483408009693559       0.000000000000000E+000
   6.05968116926855     
  8.757422479155341E-004  5.478181120376323E-003  0.000000000000000E+000
  8.130896311467950E-002  7.962848388846528E-003  2.667565956654808E-002
  0.000000000000000E+000  3.463850795539461E-002   1.00029345317871     
  0.148176721489873       0.490191518769907       0.000000000000000E+000
   6.13767393272297     
  1.308808987989130E-003  6.698568453762158E-003  0.000000000000000E+000
 -0.359190837964888       9.887846554915446E-003  2.637421449575506E-002
  0.000000000000000E+000  3.626206105067050E-002   1.00022165318477     
  0.181412129977166       0.484361594521920       0.000000000000000E+000
   6.16224906861211     
  1.812850180215042E-003  7.968367674832801E-003  0.000000000000000E+000
 -0.186330051343020       1.097378502245658E-002  2.628963980126909E-002
  0.000000000000000E+000  3.726342482372567E-002   1.00026178244177     
  0.203296316549956       0.482073610889865       0.000000000000000E+000
   6.19828530387565     
  2.391032082076583E-003  9.283225230158919E-003  0.000000000000000E+000
 -0.379226470539152       1.274216651406210E-002  2.614325920863825E-002
  0.000000000000000E+000  3.888542572270035E-002   1.00024270038035     
  0.234577231822831       0.478836121662276       0.000000000000000E+000
   6.25173121096049     
  3.109272514030703E-003  1.061639973803102E-002  0.000000000000000E+000
 -0.425772641410504       1.393069600982785E-002  2.589850756311887E-002
  0.000000000000000E+000  3.982920357294671E-002   1.00024550714204     
  0.255893233181018       0.474573762416840       0.000000000000000E+000
   6.28656622252641     
  3.865287533979300E-003  1.201969020640781E-002  0.000000000000000E+000
 -0.597255724353090       1.511539136797306E-002  2.516690447744745E-002
  0.000000000000000E+000  4.028229584542051E-002   1.00022714624306     
  0.275910902305748       0.461675577673378       0.000000000000000E+000
   6.27615001077673     
  4.796892805706054E-003  1.341452172343449E-002  0.000000000000000E+000
 -0.780559296529873       1.597154965973939E-002  2.387629097225491E-002
  0.000000000000000E+000  3.984784063199429E-002   1.00020535250699     
  0.290167502604259       0.438770834648846       0.000000000000000E+000
   6.20523117028725     
  5.781289545338408E-003  1.487974781579076E-002  0.000000000000000E+000
 -0.785277116712905       1.600848856709266E-002  2.243381280529767E-002
  0.000000000000000E+000  3.844230137239033E-002   1.00021367834786     
  0.290775719327669       0.413157218759469       0.000000000000000E+000
   6.08436320984146     
  6.903066221750631E-003  1.635814064742308E-002  0.000000000000000E+000
 -0.941745438719181       1.598654082384739E-002  2.057050855390135E-002
  0.000000000000000E+000  3.655704937774874E-002   1.00019465461327     
  0.289454364011009       0.379920426945231       0.000000000000000E+000
   5.91577746428000     
  8.121082669093838E-003  1.788532551851348E-002  0.000000000000000E+000
 -0.962317129391977       1.534299377267080E-002  1.860209036033358E-002
  0.000000000000000E+000  3.394508413300439E-002   1.00019494507577     
  0.277853120390667       0.344381569176129       0.000000000000000E+000
   5.69670318640461     
  9.454664975969473E-003  1.944636852175496E-002  0.000000000000000E+000
  -1.05743670986089       1.470010712066127E-002  1.661907240791613E-002
  0.000000000000000E+000  3.131917952857740E-002   1.00018193862920     
  0.266663615850704       0.307929086261278       0.000000000000000E+000
   5.46690442037464     
  1.091465694568861E-002  2.103826502945663E-002  0.000000000000000E+000
  -1.08293222091834       1.400385187851091E-002  1.498728950334991E-002
  0.000000000000000E+000  2.899114138186082E-002   1.00018038670704     
  0.255020864652618       0.277494104377888       0.000000000000000E+000
   5.26063785084335     
  1.248068226265642E-002  2.268129049048521E-002  0.000000000000000E+000
  -1.15595290106057       1.351467709641287E-002  1.363541142920781E-002
  0.000000000000000E+000  2.715008852562067E-002   1.00016646357226     
  0.246735410848456       0.252419719340483       0.000000000000000E+000
   5.09270885605994     
  1.419429961991825E-002  2.434216187368587E-002  0.000000000000000E+000
  -1.16513615870826       1.315736473122921E-002  1.261754204486549E-002
  0.000000000000000E+000  2.577490677609470E-002   1.00016199008305     
  0.241021998141462       0.233228024941920       0.000000000000000E+000
   4.96587176569863     
  1.601361488792574E-002  2.606691124135281E-002  0.000000000000000E+000
  -1.20883446149946       1.294384918135417E-002  1.179559077319715E-002
  0.000000000000000E+000  2.473943995455131E-002   1.00015082769064     
  0.237488332441932       0.218065569205677       0.000000000000000E+000
   4.87055362428885     
  1.799565339072173E-002  2.780171742430116E-002  0.000000000000000E+000
  -1.21914319286907       1.279719485499193E-002  1.112180630188710E-002
  0.000000000000000E+000  2.391900115687903E-002   1.00014503612141     
  0.235170340794861       0.205508863393774       0.000000000000000E+000
   4.79484485946653     
  2.009007559783660E-002  2.960816297912750E-002  0.000000000000000E+000
  -1.23605792498097       1.267537184235094E-002  1.053026127004832E-002
  0.000000000000000E+000  2.320563311239926E-002   1.00013813617465     
  0.233126235629077       0.194677428356648       0.000000000000000E+000
   4.72980859024911     
  2.235822310174784E-002  3.142202494474521E-002  0.000000000000000E+000
  -1.25509826573830       1.257598225846531E-002  9.991126560323676E-003
  0.000000000000000E+000  2.256710881878898E-002   1.00013108435638     
  0.231479040171110       0.184689735290639       0.000000000000000E+000
   4.67106303168575     
  2.475097164205420E-002  3.331006025542243E-002  0.000000000000000E+000
  -1.25902443658288       1.246962957808461E-002  9.512031433160581E-003
  0.000000000000000E+000  2.198166101124519E-002   1.00012678431444     
  0.229655748730922       0.175871954021290       0.000000000000000E+000
   4.61743690137333     
  2.732553371060575E-002  3.520789227439446E-002  0.000000000000000E+000
  -1.27939234379869       1.237917334564210E-002  9.050001680799249E-003
  0.000000000000000E+000  2.142917502644135E-002   1.00011990148550     
  0.228059941778386       0.167342872868643       0.000000000000000E+000
   4.56645889169114     
  3.004143949855176E-002  3.717698010381925E-002  0.000000000000000E+000
  -1.27538476023142       1.224788170787793E-002  8.626256148953968E-003
  0.000000000000000E+000  2.087413785683189E-002   1.00011748762356     
  0.225679381983453       0.159547596456265       0.000000000000000E+000
   4.51410281861977     
  3.294506594798641E-002  3.916321447822407E-002  0.000000000000000E+000
  -1.30181702030313       1.207156701454157E-002  8.161739542307127E-003
  0.000000000000000E+000  2.023330655684870E-002   1.00011103620529     
  0.222379018812230       0.151082482132383       0.000000000000000E+000
   4.45220335931822     
  3.601062444512038E-002  4.121202403846924E-002  0.000000000000000E+000
  -1.29811540220294       1.176478518006304E-002  7.682504344231870E-003
  0.000000000000000E+000  1.944728952429491E-002   1.00011058311950     
  0.216643166194434       0.142339723567609       0.000000000000000E+000
   4.37161220310291     
  3.926803159936587E-002  4.329038172008163E-002  0.000000000000000E+000
  -1.33340230624140       1.137567558876203E-002  7.139501377933177E-003
  0.000000000000000E+000  1.851517696669521E-002   1.00010261161960     
  0.209429703726565       0.132380891206487       0.000000000000000E+000
   4.27376686829787     
  4.271133564957319E-002  4.541642506618195E-002  0.000000000000000E+000
  -1.33727792733271       1.094405744210779E-002  6.646345716538774E-003
  0.000000000000000E+000  1.759040315864657E-002   1.00009889187117     
  0.201479301535374       0.123164354170530       0.000000000000000E+000
   4.17180178446948     
  4.634900923004337E-002  4.758970502284576E-002  0.000000000000000E+000
  -1.36974271341160       1.059895248649327E-002  6.191107420429482E-003
  0.000000000000000E+000  1.679005990692275E-002   1.00008807140245     
  0.195205737626508       0.114604890184531       0.000000000000000E+000
   4.08432791395305     
  5.019957705178091E-002  4.978897567330897E-002  0.000000000000000E+000
  -1.34466430818497       1.039196137084650E-002  5.881668107202122E-003
  0.000000000000000E+000  1.627362947804862E-002   1.00008717505040     
  0.191457021206349       0.108607140489155       0.000000000000000E+000
   4.02679727341413     
  5.424543798258119E-002  5.205884839569135E-002  0.000000000000000E+000
  -1.36111248773364       1.031447331619027E-002  5.616997363776605E-003
  0.000000000000000E+000  1.593147067996688E-002   1.00008049896715     
  0.190044500811162       0.103682662743107       0.000000000000000E+000
   3.99335568342150     
  5.853393950429830E-002  5.432546487184164E-002  0.000000000000000E+000
  -1.36117687457249       1.024814307544213E-002  5.364902246128231E-003
  0.000000000000000E+000  1.561304532157036E-002   1.00007768638474     
  0.188811152446546       9.902646188613716E-002  0.000000000000000E+000
   3.96280284734338     
  6.303378546849947E-002  5.665943247869770E-002  0.000000000000000E+000
  -1.35445380638657       1.014139147926853E-002  5.151304460357954E-003
  0.000000000000000E+000  1.529269593962648E-002   1.00007666676072     
  0.186759428058594       9.507328586716460E-002  0.000000000000000E+000
   3.92807068228234     
  6.777483346542001E-002  5.901812249001626E-002  0.000000000000000E+000
  -1.40586147757199       9.963387751255328E-003  4.861600063632695E-003
  0.000000000000000E+000  1.482498781488802E-002   1.00006576058960     
  0.183433631406111       8.985081951929715E-002  0.000000000000000E+000
   3.87801096110397     
  7.276120658495611E-002  6.140479821277849E-002  0.000000000000000E+000
  -1.38223393491148       9.700971787197088E-003  4.587904298333588E-003
  0.000000000000000E+000  1.428887608553068E-002   1.00006754190480     
  0.178544051094328       8.476565677366905E-002  0.000000000000000E+000
   3.81405127535933     
  7.798701025703636E-002  6.384746541023499E-002  0.000000000000000E+000
  -1.39770897929748       9.433844367962300E-003  4.291276805143496E-003
  0.000000000000000E+000  1.372512117310580E-002   1.00006179082270     
  0.173636439023252       7.931689228832411E-002  0.000000000000000E+000
   3.74847979269545     
  8.348794497692369E-002  6.628226949861310E-002  0.000000000000000E+000
  -1.41014908170314       9.184833272346475E-003  4.004555650107888E-003
  0.000000000000000E+000  1.318938892245436E-002   1.00005724978433     
  0.169117869298664       7.399270805802230E-002  0.000000000000000E+000
   3.68651829220941     
  8.924823926579473E-002  6.875664231184767E-002  0.000000000000000E+000
  -1.38535253506438       8.991474712713823E-003  3.807225145570197E-003
  0.000000000000000E+000  1.279869985828402E-002   1.00005820863971     
  0.165535406220393       7.025275135732978E-002  0.000000000000000E+000
   3.63797554140837     
  9.527434682424984E-002  7.127233162980089E-002  0.000000000000000E+000
  -1.42106491405389       8.832122326746048E-003  3.580380421581919E-003
  0.000000000000000E+000  1.241250274832797E-002   1.00004805991256     
  0.162649284464784       6.612887735015974E-002  0.000000000000000E+000
   3.59537660308726     
  0.101599264593903       7.376136354798155E-002  0.000000000000000E+000
  -1.42641926509509       8.684344467563504E-003  3.363945047539029E-003
  0.000000000000000E+000  1.204828951510253E-002   1.00004422870835     
  0.160021222526270       6.210906706345722E-002  0.000000000000000E+000
   3.55570797610587     
  0.108204996297669       7.628031738371406E-002  0.000000000000000E+000
  -1.39978992693705       8.609915924129203E-003  3.228079840720959E-003
  0.000000000000000E+000  1.183799576485016E-002   1.00004614463672     
  0.158662760810417       5.952602114907685E-002  0.000000000000000E+000
   3.53280525845235     
  0.115100104736922       7.882225996758153E-002  0.000000000000000E+000
  -1.43239021660315       8.545091985988669E-003  3.062669182471974E-003
  0.000000000000000E+000  1.160776116846064E-002   1.00003721817547     
  0.157522431494188       5.656076417007639E-002  0.000000000000000E+000
   3.51173226654846     
  0.122308329775291       8.133309909903598E-002  0.000000000000000E+000
  -1.44777125262840       8.383231953511124E-003  2.858579392511405E-003
  0.000000000000000E+000  1.124181134602253E-002   1.00003210822809     
  0.154619939617745       5.289416173496898E-002  0.000000000000000E+000
   3.47115260518225     
  0.129822623133641       8.384109486352034E-002  0.000000000000000E+000
  -1.43056664323717       8.160386015315961E-003  2.669416969338416E-003
  0.000000000000000E+000  1.082980298465438E-002   1.00003128585146     
  0.150559480385764       4.942187516663768E-002  0.000000000000000E+000
   3.41872050211760     
  0.137645784603659       8.634902896078354E-002  0.000000000000000E+000
  -1.43090747497445       7.937276516159719E-003  2.486140458388754E-003
  0.000000000000000E+000  1.042341697454847E-002   1.00002629317677     
  0.146505066745407       4.604783602936956E-002  0.000000000000000E+000
   3.36621023288290     
  0.145786304884145       8.883978467035318E-002  0.000000000000000E+000
  -1.45691844242469       7.691360955485501E-003  2.278575674707379E-003
  0.000000000000000E+000  9.969936630192879E-003   1.00001743197645     
  0.142072545924407       4.228057210720078E-002  0.000000000000000E+000
   3.30848071871509     
  0.154258741196403       9.126835667997982E-002  0.000000000000000E+000
  -1.46370675331059       7.426582333986494E-003  2.077855888335406E-003
  0.000000000000000E+000  9.504438222321901E-003   1.00001197649966     
  0.137299666477061       3.857935590952448E-002  0.000000000000000E+000
   3.24653684566635     
  0.163053473889887       9.366936243119689E-002  0.000000000000000E+000
  -1.44722381383804       7.213055959389088E-003  1.918792420769048E-003
  0.000000000000000E+000  9.131848380158136E-003   1.00001076858208     
  0.133440293339431       3.560596972920897E-002  0.000000000000000E+000
   3.19571719314003     
  0.172173982757404       9.603247564546623E-002  0.000000000000000E+000
  -1.44243909349530       7.053694307286595E-003  1.777480274923847E-003
  0.000000000000000E+000  8.831174582210442E-003   1.00000563933194     
  0.130578303256362       3.299611622116267E-002  0.000000000000000E+000
   3.15682477926693     
  0.181622700146665       9.834694345664204E-002  0.000000000000000E+000
  -1.45731717688841       6.886721826281559E-003  1.624362219662221E-003
  0.000000000000000E+000  8.511084045943780E-003  0.999997403582055     
  0.127592507686914       3.020834376599249E-002  0.000000000000000E+000
   3.11612277953128     
  0.191408481281785       0.100566920969150       0.000000000000000E+000
  -1.46572810352041       6.677594715990940E-003  1.463444058443383E-003
  0.000000000000000E+000  8.141038774434322E-003  0.999992218279102     
  0.123828118676076       2.726747334794782E-002  0.000000000000000E+000
   3.06569479369352     
  0.201524401703617       0.102706535324255       0.000000000000000E+000
  -1.45181593189659       6.457437138172105E-003  1.318998227502629E-003
  0.000000000000000E+000  7.776435365674734E-003  0.999990497488709     
  0.119837491375116       2.459251224579002E-002  0.000000000000000E+000
   3.01241903589652     
  0.211966985743580       0.104764294601578       0.000000000000000E+000
  -1.44572440787897       6.256241686358010E-003  1.186922462620563E-003
  0.000000000000000E+000  7.443164148978573E-003  0.999985977262593     
  0.116187390731975       2.214546196967037E-002  0.000000000000000E+000
   2.96310418572074     
  0.222733822737104       0.106728384602269       0.000000000000000E+000
  -1.44245319339711       6.064557937540421E-003  1.061334715107599E-003
  0.000000000000000E+000  7.125892652648021E-003  0.999980906786420     
  0.112706845234210       1.982183956887821E-002  0.000000000000000E+000
   2.91559145884273     
  0.233821110527380       0.108586896539823       0.000000000000000E+000
  -1.43923025985214       5.876221824505885E-003  9.408289782301805E-004
  0.000000000000000E+000  6.817050802736066E-003  0.999974958771623     
  0.109280901187388       1.759089477845115E-002  0.000000000000000E+000
   2.86840374185116     
  0.245223715027843       0.110327156937690       0.000000000000000E+000
  -1.45113830897822       5.664157760736109E-003  8.135724013771893E-004
  0.000000000000000E+000  6.477730162113299E-003  0.999966674401878     
  0.105408667454856       1.525901555122922E-002  0.000000000000000E+000
   2.81470819174168     
  0.256938939632838       0.111904976619564       0.000000000000000E+000
  -1.44511436279549       5.399058904925153E-003  6.867383140644182E-004
  0.000000000000000E+000  6.085797218989572E-003  0.999963647781720     
  0.100536800199963       1.292493357243845E-002  0.000000000000000E+000
   2.74677421707137     
  0.268953043206634       0.113343420909289       0.000000000000000E+000
  -1.42114831905110       5.105196030824247E-003  5.727903529328845E-004
  0.000000000000000E+000  5.677986383757131E-003  0.999963197524591     
  9.511038512336209E-002  1.080715986361898E-002  0.000000000000000E+000
   2.66988442481597     
  0.281256350040147       0.114631332684262       0.000000000000000E+000
  -1.40980315674142       4.806355492699934E-003  4.667464026603905E-004
  0.000000000000000E+000  5.273101895360325E-003  0.999959372402725     
  8.957942114352127E-002  8.835207405592394E-003  0.000000000000000E+000
   2.58957802723881     
  0.293837661680303       0.115758004221215       0.000000000000000E+000
  -1.39532545563566       4.500242621309617E-003  3.688058963597090E-004
  0.000000000000000E+000  4.869048517669327E-003  0.999956390170816     
  8.390008220036849E-002  7.012712843243255E-003  0.000000000000000E+000
   2.50482650927625     
  0.306684271886264       0.116713296861924       0.000000000000000E+000
  -1.37837108331701       4.185541106816093E-003  2.793579517109338E-004
  0.000000000000000E+000  4.464899058527027E-003  0.999953861289632     
  7.804881895774238E-002  5.347864718200551E-003  0.000000000000000E+000
   2.41477167102023     
  0.319781997853375       0.117487759464701       0.000000000000000E+000
  -1.35907991721729       3.860320294633170E-003  1.988130229278547E-004
  0.000000000000000E+000  4.059133317561025E-003  0.999951672859641     
  7.199143502102251E-002  3.848636852631428E-003  0.000000000000000E+000
   2.31822367286078     
  0.333115228139865       0.118072743118733       0.000000000000000E+000
  -1.33875482344388       3.522537624199290E-003  1.276747050305204E-004
  0.000000000000000E+000  3.650212329229810E-003  0.999949653863396     
  6.569024191860419E-002  2.526005550312827E-003  0.000000000000000E+000
   2.21364781611523     
  0.346666987346685       0.118460509682972       0.000000000000000E+000
  -1.31811783542366       3.169909015625951E-003  6.654581404446319E-005
  0.000000000000000E+000  3.236454829670415E-003  0.999947251638203     
  5.910450893443582E-002  1.391419144307482E-003  0.000000000000000E+000
   2.09908505612786     
  0.360419017220480       0.118644331852680       0.000000000000000E+000
  -1.30337886465213       2.811821828542777E-003  1.430505095135376E-005
  0.000000000000000E+000  2.826126879494131E-003  0.999943861881264     
  5.241117229139061E-002  4.148524290014746E-004  0.000000000000000E+000
   1.97607629283023     
  0.374351657536118       0.118599735812830       0.000000000000000E+000
  -1.27670790705133       2.490776442008437E-003 -2.686061516607255E-005
  0.000000000000000E+000  2.517637057174510E-003  0.999943075171788     
  4.640550386418059E-002 -3.887687645615581E-004  0.000000000000000E+000
   1.85896722465053     
  0.388443975093159       0.118340734081514       0.000000000000000E+000
  -1.23509489615822       2.264309933014035E-003 -5.776181642527101E-005
  0.000000000000000E+000  2.322071749439306E-003  0.999944912140227     
  4.216112917718286E-002 -1.009551301342724E-003  0.000000000000000E+000
   1.77162091663474     
  0.402674927308451       0.117876042855627       0.000000000000000E+000
  -1.18658018620090       2.139913948874545E-003 -8.156713255993555E-005
  0.000000000000000E+000  2.221481081434480E-003  0.999948203390498     
  3.982056998919495E-002 -1.488949347155114E-003  0.000000000000000E+000
   1.72160640202058     
  0.417024826793957       0.117250480630193       0.000000000000000E+000
  -1.13318463130304       2.092699474492473E-003 -1.009312031859144E-004
  0.000000000000000E+000  2.193630677678388E-003  0.999953080746274     
  3.892172391569386E-002 -1.872403410365052E-003  0.000000000000000E+000
   1.70205438272417     
  0.431473419276523       0.116486438727998       0.000000000000000E+000
  -1.08827514946802       2.088589703640590E-003 -1.195934000286468E-004
  0.000000000000000E+000  2.208183103669237E-003  0.999957211305422     
  3.882695779113407E-002 -2.225226201089825E-003  0.000000000000000E+000
   1.70001918479927     
  0.445999530522357       0.115590841704079       0.000000000000000E+000
  -1.04998227238571       2.096450072011786E-003 -1.382887268325594E-004
  0.000000000000000E+000  2.234738798844345E-003  0.999960596608388     
  3.895395594584171E-002 -2.574190801456323E-003  0.000000000000000E+000
   1.70286014287344     
  0.460581378532824       0.114565942490363       0.000000000000000E+000
  -1.01539627505167       2.107832040581620E-003 -1.570797554616400E-004
  0.000000000000000E+000  2.264911796043260E-003  0.999963700876974     
  3.914447447833981E-002 -2.921948859925974E-003  0.000000000000000E+000
   1.70709094354467     
  0.475196894420534       0.113414659712623       0.000000000000000E+000
 -0.982784228456012       2.116932036869529E-003 -1.755623055093103E-004
  0.000000000000000E+000  2.292494342378840E-003  0.999966835447586     
  3.929067556658107E-002 -3.261515680356232E-003  0.000000000000000E+000
   1.71035282443314     
  0.489823853955360       0.112140551511644       0.000000000000000E+000
 -0.951483998759613       2.121828739726651E-003 -1.934927021149958E-004
  0.000000000000000E+000  2.315321441841647E-003  0.999970102192092     
  3.935725712804736E-002 -3.590863011777453E-003  0.000000000000000E+000
   1.71189415492760     
  0.504440010627111       0.110747783062385       0.000000000000000E+000
 -0.921166973185336       2.124175222873482E-003 -2.109231072470159E-004
  0.000000000000000E+000  2.335098330120498E-003  0.999973513016551     
  3.937524615517305E-002 -3.911061839038220E-003  0.000000000000000E+000
   1.71239684306346     
  0.519023228609707       0.109241088340407       0.000000000000000E+000
 -0.891740926442026       2.125177230411400E-003 -2.279143541667875E-004
  0.000000000000000E+000  2.353091584578188E-003  0.999977072727951     
  3.936712959645455E-002 -4.222923450391819E-003  0.000000000000000E+000
   1.71234756139563     
  0.533551614012321       0.107625726758251       0.000000000000000E+000
 -0.862748009476945       2.126398747704226E-003 -2.446090315171524E-004
  0.000000000000000E+000  2.371007779221378E-003  0.999980815669324     
  3.936195302856041E-002 -4.529091581369330E-003  0.000000000000000E+000
   1.71237588843876     
  0.548003642835214       0.105907435350924       0.000000000000000E+000
 -0.835436213246112       2.126075545728396E-003 -2.610039650114661E-004
  0.000000000000000E+000  2.387079510739863E-003  0.999984490043392     
  3.932666913129297E-002 -4.827786324067752E-003  0.000000000000000E+000
   1.71175196671046     
  0.562357914367911       0.104089548332321       0.000000000000000E+000
 -0.809611802112613       2.118938597167979E-003 -2.767256827440162E-004
  0.000000000000000E+000  2.395664279911995E-003  0.999988138912080     
  3.916288755279772E-002 -5.111155865256194E-003  0.000000000000000E+000
   1.70831775344222     
  0.576593301183164       0.102174001558003       0.000000000000000E+000
 -0.781731379831172       2.106066434755862E-003 -2.909997456432569E-004
  0.000000000000000E+000  2.397066180399119E-003  0.999992285152374     
  3.889227647778430E-002 -5.369789168032113E-003  0.000000000000000E+000
   1.70254741590905     
  0.590691007540851       0.100175015366927       0.000000000000000E+000
 -0.753314067080282       2.094409070924395E-003 -3.043656289521770E-004
  0.000000000000000E+000  2.398774699876572E-003  0.999996646732502     
  3.864473563000770E-002 -5.613439059517866E-003  0.000000000000000E+000
   1.69727514583512     
  0.604632152620243       9.809968326704964E-002  0.000000000000000E+000
 -0.726674476739618       2.085441752644315E-003 -3.176308520134308E-004
  0.000000000000000E+000  2.403072604657746E-003   1.00000080533538     
  3.844668715403357E-002 -5.853533748096147E-003  0.000000000000000E+000
   1.69307595761479     
  0.618398767356870       9.595530459748400E-002  0.000000000000000E+000
 -0.700660593854764       2.077169732782024E-003 -3.305351977962799E-004
  0.000000000000000E+000  2.407704930578304E-003   1.00000491542465     
  3.826117493942600E-002 -6.086556337548638E-003  0.000000000000000E+000
   1.68914574787361     
  0.631973875204954       9.374932557357482E-002  0.000000000000000E+000
 -0.674710221763689       2.070237610138753E-003 -3.432004895869978E-004
  0.000000000000000E+000  2.413438099725751E-003   1.00000905641269     
  3.810011984760034E-002 -6.314773684685887E-003  0.000000000000000E+000
   1.68574927156608     
  0.645341561711325       9.148928086499748E-002  0.000000000000000E+000
 -0.649670324684166       2.064133680538230E-003 -3.555656373252004E-004
  0.000000000000000E+000  2.419699317863430E-003   1.00001306444497     
  3.795420927234797E-002 -6.536722224210444E-003  0.000000000000000E+000
   1.68268100150841     
  0.658487032460470       8.918273632689959E-002  0.000000000000000E+000
 -0.625465903842951       2.059061062853953E-003 -3.676832038357308E-004
  0.000000000000000E+000  2.426744266689684E-003   1.00001695983936     
  3.782706496057560E-002 -6.754341706567276E-003  0.000000000000000E+000
   1.68002605003440     
  0.671396659147174       8.683723345429874E-002  0.000000000000000E+000
 -0.601395803004834       2.057369826407197E-003 -3.800449771140906E-004
  0.000000000000000E+000  2.437414803521287E-003   1.00002082188070     
  3.776183899285802E-002 -6.976009282860136E-003  0.000000000000000E+000
   1.67874296153084     
  0.684057926817920       8.445978176828073E-002  0.000000000000000E+000
 -0.580890153217524       2.050956768178541E-003 -3.922977765508848E-004
  0.000000000000000E+000  2.443254544729426E-003   1.00002410226401     
  3.760692773039888E-002 -7.188983829247627E-003  0.000000000000000E+000
   1.67543309031225     
  0.696457009756855       8.204455059641663E-002  0.000000000000000E+000
 -0.558683818843747       2.030620121609972E-003 -4.013453149229207E-004
  0.000000000000000E+000  2.431965436532893E-003   1.00002776185989     
  3.719707979403698E-002 -7.343176092141392E-003  0.000000000000000E+000
   1.66641551787030     
  0.708586470077838       7.961241839177066E-002  0.000000000000000E+000
 -0.533092225983864       2.007489812496576E-003 -4.080843930679544E-004
  0.000000000000000E+000  2.415574205564530E-003   1.00003202235193     
  3.673963848356587E-002 -7.461760621698075E-003  0.000000000000000E+000
   1.65630079350434     
  0.720437589293776       7.717038565345311E-002  0.000000000000000E+000
 -0.509966850193678       1.991740181519672E-003 -4.157484020247501E-004
  0.000000000000000E+000  2.407488583544422E-003   1.00003583475412     
  3.641774179474247E-002 -7.597880428443428E-003  0.000000000000000E+000
   1.64918916514433     
  0.732002874789943       7.472519948394538E-002  0.000000000000000E+000
 -0.487259576700808       1.982821735244598E-003 -4.243474696583917E-004
  0.000000000000000E+000  2.407169204902990E-003   1.00003957491524     
  3.622121585927746E-002 -7.751039665422132E-003  0.000000000000000E+000
   1.64488825637517     
  0.743276039700671       7.228331675834701E-002  0.000000000000000E+000
 -0.464340848502161       1.981782417495311E-003 -4.344165798778911E-004
  0.000000000000000E+000  2.416198997373202E-003   1.00004333736004     
  3.616853182837006E-002 -7.929833232526256E-003  0.000000000000000E+000
   1.64383918193394     
  0.754251516276834       6.984883772104880E-002  0.000000000000000E+000
 -0.445663442156501       1.978350229442561E-003 -4.449742807959907E-004
  0.000000000000000E+000  2.423324510238552E-003   1.00004636111879     
  3.606869241768423E-002 -8.109338485577659E-003  0.000000000000000E+000
   1.64167640478438     
  0.764922479079319       6.741537439328085E-002  0.000000000000000E+000
 -0.426517028177386       1.962422024547523E-003 -4.520746917671061E-004
  0.000000000000000E+000  2.414496716314629E-003   1.00004952142231     
  3.574228794522785E-002 -8.226691768462075E-003  0.000000000000000E+000
   1.63433954370335     
  0.775289286491162       6.500305435059497E-002  0.000000000000000E+000
 -0.403893593761268       1.946821715910600E-003 -4.573573556003244E-004
  0.000000000000000E+000  2.404179071510925E-003   1.00005327883834     
  3.542675952996086E-002 -8.319889229752558E-003  0.000000000000000E+000
   1.62725889937306     
  0.785350147713937       6.261697999386603E-002  0.000000000000000E+000
 -0.381712063529903       1.943992783658475E-003 -4.652016508276708E-004
  0.000000000000000E+000  2.409194434486145E-003   1.00005690684448     
  3.534459763851057E-002 -8.459677769164158E-003  0.000000000000000E+000
   1.62551772079137     
  0.795104265278641       6.026184502753028E-002  0.000000000000000E+000
 -0.364540070795329       1.941799723200486E-003 -4.740190845009976E-004
  0.000000000000000E+000  2.415818807701483E-003   1.00005964461934     
  3.527180018171857E-002 -8.607705642522050E-003  0.000000000000000E+000
   1.62393922262031     
  0.804549046001778       5.793099190110072E-002  0.000000000000000E+000
 -0.350079695548629       1.923768195259925E-003 -4.792219594585314E-004
  0.000000000000000E+000  2.402990154718456E-003   1.00006190465362     
  3.491047846468961E-002 -8.684794426046760E-003  0.000000000000000E+000
   1.61566322744450     
  0.813686640280770       5.563348310234283E-002  0.000000000000000E+000
 -0.330637853970529       1.899652288449720E-003 -4.811703296990179E-004
  0.000000000000000E+000  2.380822618148738E-003   1.00006504015674     
  3.444239043277439E-002 -8.716121181720684E-003  0.000000000000000E+000
   1.60492442921466     
  0.822520515931278       5.337940905212880E-002  0.000000000000000E+000
 -0.308825650393146       1.891746658167583E-003 -4.860555047591704E-004
  0.000000000000000E+000  2.377802162926754E-003   1.00006858467915     
  3.427127390540502E-002 -8.806783197975877E-003  0.000000000000000E+000
   1.60109264682964     
  0.831053279521718       5.117184391432711E-002  0.000000000000000E+000
 -0.293982274969267       1.888601288016460E-003 -4.937176630472258E-004
  0.000000000000000E+000  2.382318951063685E-003   1.00007091803705     
  3.418270188249610E-002 -8.931282729936086E-003  0.000000000000000E+000
   1.59909128320031     
  0.839284046798224       4.899781436490785E-002  0.000000000000000E+000
 -0.280395016187640       1.872287127449443E-003 -4.977029239266790E-004
  0.000000000000000E+000  2.369990051376122E-003   1.00007306683776     
  3.385531792222909E-002 -8.991626918314483E-003  0.000000000000000E+000
   1.59149108337210     
  0.847220555042184       4.687458431648927E-002  0.000000000000000E+000
 -0.259495805185679       1.861325020282792E-003 -5.007327812067028E-004
  0.000000000000000E+000  2.362057801489495E-003   1.00007647902761     
  3.363212510231878E-002 -9.047529366327852E-003  0.000000000000000E+000
   1.58637865381429     
  0.854867769317858       4.480585355348144E-002  0.000000000000000E+000
 -0.243134596723166       1.859128264845285E-003 -5.070785412814911E-004
  0.000000000000000E+000  2.366206806126776E-003   1.00007907639946     
  3.356475243286124E-002 -9.153688734725163E-003  0.000000000000000E+000
   1.58487654126194     
  0.862227574961843       4.278197553576788E-002  0.000000000000000E+000
 -0.231199956334649       1.846868758782928E-003 -5.111032460403860E-004
  0.000000000000000E+000  2.357972004823314E-003   1.00008091787145     
  3.331523282664466E-002 -9.209314367333816E-003  0.000000000000000E+000
   1.57900330138503     
  0.869306984750208       4.081036494176526E-002  0.000000000000000E+000
 -0.213819685042154       1.827410370118576E-003 -5.111584155331654E-004
  0.000000000000000E+000  2.338568785651742E-003   1.00008370435886     
  3.294256701848054E-002 -9.202743920082867E-003  0.000000000000000E+000
   1.57021976127159     
  0.876113524273209       3.889811052339501E-002  0.000000000000000E+000
 -0.199452773746998       1.807471135551252E-003 -5.116710951117013E-004
  0.000000000000000E+000  2.319142230662953E-003   1.00008594729287     
  3.255813537440112E-002 -9.203621327627375E-003  0.000000000000000E+000
   1.56110361909290     
  0.882649869949307       3.703368575641169E-002  0.000000000000000E+000
 -0.189219693486848       1.786738403702569E-003 -5.121616008612076E-004
  0.000000000000000E+000  2.298900004563777E-003   1.00008746860469     
  3.215683577092268E-002 -9.206770272203272E-003  0.000000000000000E+000
   1.55153851531674     
  0.888924831087416       3.522611387352755E-002  0.000000000000000E+000
 -0.173046385962834       1.776639996617220E-003 -5.136062192215509E-004
  0.000000000000000E+000  2.290246215838771E-003   1.00009000726592     
  3.195424596145771E-002 -9.237560022216991E-003  0.000000000000000E+000
   1.54678491878783     
  0.894946141762811       3.347918774144930E-002  0.000000000000000E+000
 -0.161129403427140       1.772790715991640E-003 -5.183763542973973E-004
  0.000000000000000E+000  2.291167070289038E-003   1.00009181728358     
  3.186075548084245E-002 -9.311570575168857E-003  0.000000000000000E+000
   1.54456290728977     
  0.900716477088310       3.177866893172925E-002  0.000000000000000E+000
 -0.149466457765811       1.758306787768130E-003 -5.195188917608060E-004
  0.000000000000000E+000  2.277825679528936E-003   1.00009360567064     
  3.157900954436038E-002 -9.317100688176190E-003  0.000000000000000E+000
   1.53772135499203     
  0.906247468045366       3.014017748049783E-002  0.000000000000000E+000
 -0.135931475364714       1.736521166759254E-003 -5.171487136968143E-004
  0.000000000000000E+000  2.253669880456069E-003   1.00009571182268     
  3.117143008173849E-002 -9.265975799037865E-003  0.000000000000000E+000
   1.52780566895608     
  0.911543655973359       2.855457872398600E-002  0.000000000000000E+000
 -0.126882228212708       1.713914631105449E-003 -5.153546628667392E-004
  0.000000000000000E+000  2.229269293972188E-003   1.00009707315017     
  3.074370854855009E-002 -9.226826398049118E-003  0.000000000000000E+000
   1.51734053746003     
  0.916612892154485       2.702366676737863E-002  0.000000000000000E+000
 -0.115287357505167       1.695601336081798E-003 -5.135494465311784E-004
  0.000000000000000E+000  2.209150782612976E-003   1.00009886295746     
  3.039761703473522E-002 -9.194074400340211E-003  0.000000000000000E+000
   1.50886303589596     
  0.921463494423029       2.555029530093469E-002  0.000000000000000E+000
 -0.106737090091201       1.677315476742073E-003 -5.124294761292758E-004
  0.000000000000000E+000  2.189744952871349E-003   1.00010011570681     
  3.005214253541329E-002 -9.160782854518962E-003  0.000000000000000E+000
   1.50026470048835     
  0.926100214920753       2.412556976570594E-002  0.000000000000000E+000
 -9.647624932449617E-002  1.651912262147105E-003 -5.082220529450336E-004
  0.000000000000000E+000  2.160134315092138E-003   1.00010165510074     
  2.958257998905929E-002 -9.075148643494809E-003  0.000000000000000E+000
   1.48849918320654     
  0.930533728209394       2.275982291870194E-002  0.000000000000000E+000
 -8.731303185072647E-002  1.621690231176983E-003 -5.026935148857489E-004
  0.000000000000000E+000  2.124383746062732E-003   1.00010299097020     
  2.902639167216945E-002 -8.964872720229073E-003  0.000000000000000E+000
   1.47444181149862     
  0.934767263589124       2.143929465905546E-002  0.000000000000000E+000
 -7.868198478263366E-002  1.586649682090480E-003 -4.953736359236707E-004
  0.000000000000000E+000  2.082023318014151E-003   1.00010420624715     
  2.838427610479374E-002 -8.824247585509010E-003  0.000000000000000E+000
   1.45803778959543     
  0.938811787298329       2.017532686980616E-002  0.000000000000000E+000
 -6.938836904896561E-002  1.550168924847346E-003 -4.869230269981215E-004
  0.000000000000000E+000  2.037091951845468E-003   1.00010551528712     
  2.771901387601879E-002 -8.667991686383818E-003  0.000000000000000E+000
   1.44088202229525     
  0.942671223445317       1.895684736696353E-002  0.000000000000000E+000
 -6.189081339243785E-002  1.515575208424221E-003 -4.790950117859849E-004
  0.000000000000000E+000  1.994670220210206E-003   1.00010650298919     
  2.708607737460102E-002 -8.524617965388594E-003  0.000000000000000E+000
   1.42437182598056     
  0.946355060862811       1.779083441290907E-002  0.000000000000000E+000
 -5.422357230577290E-002  1.484057319024112E-003 -4.717955847769771E-004
  0.000000000000000E+000  1.955852903801089E-003   1.00010749029181     
  2.650997684108240E-002 -8.393077916416317E-003  0.000000000000000E+000
   1.40920007014220     
  0.949867926602981       1.666915774305359E-002  0.000000000000000E+000
 -4.634499849112217E-002  1.457542562435365E-003 -4.659724977471465E-004
  0.000000000000000E+000  1.923515060182511E-003   1.00010849302890     
  2.602235450657992E-002 -8.290847148520989E-003  0.000000000000000E+000
   1.39625343484440     
  0.953218437815019       1.559667123856959E-002  0.000000000000000E+000
 -3.803339152705121E-002  1.436890065039657E-003 -4.617994858550110E-004
  0.000000000000000E+000  1.898689550894668E-003   1.00010955981871     
  2.564056261732184E-002 -8.218704771350248E-003  0.000000000000000E+000
   1.38605795320490     
  0.956411300581948       1.456637329918481E-002  0.000000000000000E+000
 -3.024584553327259E-002  1.421583452216185E-003 -4.591361818106518E-004
  0.000000000000000E+000  1.880719634026837E-003   1.00011051601239     
  2.535528471572594E-002 -8.172063420840467E-003  0.000000000000000E+000
   1.37838889114828     
  0.959454686078606       1.358253981383462E-002  0.000000000000000E+000
 -2.300095703685656E-002  1.409989887776019E-003 -4.576248009705977E-004
  0.000000000000000E+000  1.867614688746616E-003   1.00011137904369     
  2.513686233576739E-002 -8.145450999601124E-003  0.000000000000000E+000
   1.37250494905178     
  0.962352958592379       1.263811973746066E-002  0.000000000000000E+000
 -1.543549583607273E-002  1.402308223538317E-003 -4.571030683017644E-004
  0.000000000000000E+000  1.859411291840081E-003   1.00011228914313     
  2.498842410953616E-002 -8.139041508937047E-003  0.000000000000000E+000
   1.36852258134979     
  0.965114107571897       1.173776400680617E-002  0.000000000000000E+000
 -8.195868958409847E-003  1.398428673021293E-003 -4.578994888209031E-004
  0.000000000000000E+000  1.856328161842196E-003   1.00011318083784     
  2.490824218881219E-002 -8.154121463066273E-003  0.000000000000000E+000
   1.36639429205860     
  0.967741912691418       1.087372884708337E-002  0.000000000000000E+000
 -1.139369033580806E-003  1.397188218899101E-003 -4.593976226580328E-004
  0.000000000000000E+000  1.856585841557134E-003   1.00011404813002     
  2.487555403108632E-002 -8.181300495068020E-003  0.000000000000000E+000
   1.36554947035164     
  0.970244136213279       1.005098553011847E-002  0.000000000000000E+000
  5.729843722747319E-003  1.397763842422072E-003 -4.613217814915851E-004
  0.000000000000000E+000  1.859085623913657E-003   1.00011486206976     
  2.487689392859629E-002 -8.215143149127684E-003  0.000000000000000E+000
   1.36563739351835     
  0.972624391238569       9.262435230447409E-003  0.000000000000000E+000
  1.184755305939689E-002  1.399114525625164E-003 -4.636735682068830E-004
  0.000000000000000E+000  1.862788093832047E-003   1.00011554187114     
  2.489101000087919E-002 -8.255018526838721E-003  0.000000000000000E+000
   1.36605376344277     
  0.974889567082758       8.511464795911611E-003  0.000000000000000E+000
  1.852627214179847E-002  1.402361938471683E-003 -4.661386794919514E-004
  0.000000000000000E+000  1.868500617963635E-003   1.00011627954032     
  2.494017445510981E-002 -8.302979949741586E-003  0.000000000000000E+000
   1.36748549253557     
  0.977043743041470       7.793543921573009E-003  0.000000000000000E+000
  2.404867324753468E-002  1.408913677843153E-003 -4.700733287359088E-004
  0.000000000000000E+000  1.878987006579061E-003   1.00011680567348     
  2.504573969795871E-002 -8.376653132557100E-003  0.000000000000000E+000
   1.37045569710488     
  0.979092499624146       7.109213951586838E-003  0.000000000000000E+000
  3.046390151394007E-002  1.420527560216035E-003 -4.752109262797970E-004
  0.000000000000000E+000  1.895738486495832E-003   1.00011741591346     
  2.524123246543067E-002 -8.480748918746398E-003  0.000000000000000E+000
   1.37594915819706     
  0.981040412003663       6.456571309978007E-003  0.000000000000000E+000
  3.583583165550408E-002  1.440175611001222E-003 -4.834102531517640E-004
  0.000000000000000E+000  1.923585864152986E-003   1.00011784593205     
  2.557595501966825E-002 -8.643080009327410E-003  0.000000000000000E+000
   1.38523524228621     
  0.982891947157505       5.833935565282952E-003  0.000000000000000E+000
  4.219046604271171E-002  1.471746023488758E-003 -4.952130162538183E-004
  0.000000000000000E+000  1.966959039742576E-003   1.00011844893979     
  2.611941704100674E-002 -8.885322957166129E-003  0.000000000000000E+000
   1.40019637471671     
  0.984651967760095       5.241361940622983E-003  0.000000000000000E+000
  4.762411945421263E-002  1.519904878392980E-003 -5.129519466755320E-004
  0.000000000000000E+000  2.032856825068512E-003   1.00011895922782     
  2.695196854546730E-002 -9.243813942952501E-003  0.000000000000000E+000
   1.42274829600445     
  0.986324073484050       4.675688102940933E-003  0.000000000000000E+000
  5.381274910382672E-002  1.589098915481133E-003 -5.375874682609670E-004
  0.000000000000000E+000  2.126686383742100E-003   1.00011965249750     
  2.815225975224655E-002 -9.744672918427500E-003  0.000000000000000E+000
   1.45462865500777     
  0.987913151962970       4.138102405654422E-003  0.000000000000000E+000
  5.952114838646594E-002  1.685860843936969E-003 -5.717679291814351E-004
  0.000000000000000E+000  2.257628773118404E-003   1.00012028950466     
  2.983341081869099E-002 -1.043762899223946E-002  0.000000000000000E+000
   1.49812341622718     
  0.989422284346865       3.624972708483789E-003  0.000000000000000E+000
  6.487660741777290E-002  1.816028580462823E-003 -6.175281947547913E-004
  0.000000000000000E+000  2.433556775217614E-003   1.00012090234228     
  3.209770975884706E-002 -1.135933026934307E-002  0.000000000000000E+000
   1.55471973438646     
  0.990855986116638       3.137404434411224E-003  0.000000000000000E+000
  7.041979515111052E-002  1.987464754846842E-003 -6.770773017385392E-004
  0.000000000000000E+000  2.664542056585381E-003   1.00012159188073     
  3.508317112051954E-002 -1.256440066789095E-002  0.000000000000000E+000
   1.62636718009896     
  0.992217346477003       2.672802303082331E-003  0.000000000000000E+000
  7.480071534291710E-002  2.209078491416858E-003 -7.542647997777749E-004
  0.000000000000000E+000  2.963343291194633E-003   1.00012213945236     
  3.894302778783928E-002 -1.411845325597980E-002  0.000000000000000E+000
   1.71451819645779     
  0.993510174322061       2.231164727309214E-003  0.000000000000000E+000
  7.901196859143056E-002  2.489796686410009E-003 -8.516764399703632E-004
  0.000000000000000E+000  3.341473126380372E-003   1.00012238288346     
  4.383393958072875E-002 -1.608259144670713E-002  0.000000000000000E+000
   1.82011927331721     
  0.994737525725376       1.810755225233402E-003  0.000000000000000E+000
  8.358536002651817E-002  2.843946194759655E-003 -9.746386247873602E-004
  0.000000000000000E+000  3.818584819547016E-003   1.00012262356685     
  4.999861122762392E-002 -1.857536845601848E-002  0.000000000000000E+000
   1.94518243483442     
  0.995902771433444       1.411209649882540E-003  0.000000000000000E+000
  8.182454314169263E-002  3.282021896268081E-003 -1.126792841678380E-003
  0.000000000000000E+000  4.408814737946461E-003   1.00012271883478     
  5.763517430675881E-002 -2.162686989411585E-002  0.000000000000000E+000
   2.08954692996325     
  0.997008737262081       1.031015434896345E-003  0.000000000000000E+000
  7.172637324811149E-002  3.786880573455946E-003 -1.302451509553724E-003
  0.000000000000000E+000  5.089332083009671E-003   1.00012270222496     
  6.647395198213629E-002 -2.503130069472871E-002  0.000000000000000E+000
   2.24434008860917     
  0.998058487802895       6.697802340236996E-004  0.000000000000000E+000
  6.516994142566546E-002  4.316018087521259E-003 -1.486467058896163E-003
  0.000000000000000E+000  5.802485146417422E-003   1.00012372399987     
  7.580760373237799E-002 -2.839766424171031E-002  0.000000000000000E+000
   2.39579628965500     
  0.999054695653817       3.263822780710836E-004  0.000000000000000E+000
  4.022716417762240E-002  4.819093847361082E-003 -1.662504783576846E-003
  0.000000000000000E+000  6.481598630937929E-003   1.00012345543122     
  8.474364928835784E-002 -3.141780694715209E-002  0.000000000000000E+000
   2.53124086478720     
   1.00000000000000      -1.665324653670056E-017  0.000000000000000E+000
  0.149766131305114       5.493895609601836E-003 -9.714468017968010E-004
  0.000000000000000E+000  6.465342411398637E-003   1.00014322670397     
  9.688157679637618E-002 -5.005435958495456E-002  0.000000000000000E+000
   2.84912503781446     
