 variables = "X","Y","Z","Cp","Cfx","Cfy","Cfz","Cf","T","u","v","w","yplus"
 zone i=         151
   1.00000000000000       1.665324653670056E-017  0.000000000000000E+000
  0.167030035137259       8.327654608136113E-003 -2.279836202505421E-004
  0.000000000000000E+000  8.555638228386654E-003   1.00019254678749     
  0.157430795058953      -3.026603920523362E-002  0.000000000000000E+000
   3.48941586962524     
  0.999001425599671       5.447267690042997E-005  0.000000000000000E+000
  0.153629348968252       7.788505566173376E-003 -4.242454515293129E-004
  0.000000000000000E+000  8.212751017702689E-003   1.00020128503602     
  0.145942006005443      -5.500000108280492E-003  0.000000000000000E+000
   3.30686610706341     
  0.997949997818270       1.116616879644300E-004  0.000000000000000E+000
  0.166728538855295       7.293170750417751E-003 -3.960232409775427E-004
  0.000000000000000E+000  7.689193991395294E-003   1.00020176650943     
  0.136646043153778      -5.410207265250245E-003  0.000000000000000E+000
   3.19996294863784     
  0.996843037128316       1.716701774105140E-004  0.000000000000000E+000
  0.174010787372254       6.872087534696500E-003 -3.721010053767382E-004
  0.000000000000000E+000  7.244188540073238E-003   1.00020168991741     
  0.128740831293170      -5.387389313612200E-003  0.000000000000000E+000
   3.10618767732852     
  0.995677746198344       2.346938777538863E-004  0.000000000000000E+000
  0.180208901520018       6.523865434261590E-003 -3.522016250989441E-004
  0.000000000000000E+000  6.876067059360533E-003   1.00020156532873     
  0.122204139108197      -5.358131017988643E-003  0.000000000000000E+000
   3.02645526400574     
  0.994451193364049       3.007928008083059E-004  0.000000000000000E+000
  0.185450400486388       6.238101201730377E-003 -3.355756470691639E-004
  0.000000000000000E+000  6.573676848799542E-003   1.00020138435046     
  0.116840585132696      -5.322106520638114E-003  0.000000000000000E+000
   2.95943047912642     
  0.993160320569400       3.701124539357903E-004  0.000000000000000E+000
  0.190476176487437       6.005495793136956E-003 -3.219800787299605E-004
  0.000000000000000E+000  6.327475871866916E-003   1.00020127406736     
  0.112474928565159      -5.291650473866808E-003  0.000000000000000E+000
   2.90373816692961     
  0.991801936040528       4.428260084685768E-004  0.000000000000000E+000
  0.194594938141336       5.820197319431630E-003 -3.108706202856048E-004
  0.000000000000000E+000  6.131067939717235E-003   1.00020117377371     
  0.108996915228808      -5.273243126810868E-003  0.000000000000000E+000
   2.85860340231143     
  0.990372703239448       5.189985854962523E-004  0.000000000000000E+000
  0.197197504879796       5.678091632830466E-003 -3.020454848030628E-004
  0.000000000000000E+000  5.980137117633529E-003   1.00020098265372     
  0.106329418978981      -5.264536932819293E-003  0.000000000000000E+000
   2.82350769505243     
  0.988869149734546       5.988289370959963E-004  0.000000000000000E+000
  0.199669956866273       5.573060553415038E-003 -2.952982571800772E-004
  0.000000000000000E+000  5.868358810595115E-003   1.00020091865730     
  0.104357822501004      -5.260528100531178E-003  0.000000000000000E+000
   2.79729177004093     
  0.987287653567351       6.824581442352054E-004  0.000000000000000E+000
  0.201483497987510       5.499358996415338E-003 -2.899891044591042E-004
  0.000000000000000E+000  5.789348100874442E-003   1.00020088328860     
  0.102974401485192      -5.258184041438789E-003  0.000000000000000E+000
   2.77875885205156     
  0.985624436699843       7.699165229630898E-004  0.000000000000000E+000
  0.203128190516281       5.451908991055339E-003 -2.863062980756663E-004
  0.000000000000000E+000  5.738215289131005E-003   1.00020094320092     
  0.102083560969411      -5.262006186650653E-003  0.000000000000000E+000
   2.76676800256933     
  0.983875589210279       8.616377525778661E-004  0.000000000000000E+000
  0.203771265048545       5.425359187753007E-003 -2.833183143334594E-004
  0.000000000000000E+000  5.708677502086467E-003   1.00020083816040     
  0.101585516966553      -5.259641222661695E-003  0.000000000000000E+000
   2.76005308475996     
  0.982037001885699       9.572376115019621E-004  0.000000000000000E+000
  0.204711356914459       5.413809501942439E-003 -2.814655986633909E-004
  0.000000000000000E+000  5.695275100605831E-003   1.00020057226407     
  0.101369188490242      -5.255529743899468E-003  0.000000000000000E+000
   2.75713957577739     
  0.980104478202655       1.057699935824212E-003  0.000000000000000E+000
  0.205636310137606       5.410594948991491E-003 -2.794971332608611E-004
  0.000000000000000E+000  5.690092082252352E-003   1.00020014639344     
  0.101310419873128      -5.232593747440709E-003  0.000000000000000E+000
   2.75635676295086     
  0.978073553669464       1.161948348956863E-003  0.000000000000000E+000
  0.207821485303157       5.410546160350829E-003 -2.777239828275536E-004
  0.000000000000000E+000  5.688270143178382E-003   1.00019997282873     
  0.101311454096887      -5.200939613196350E-003  0.000000000000000E+000
   2.75637832463770     
  0.975939733923639       1.271478426898274E-003  0.000000000000000E+000
  0.211144797246561       5.408911316480051E-003 -2.760039945805438E-004
  0.000000000000000E+000  5.684915311060595E-003   1.00020018936716     
  0.101283179679652      -5.161044601416778E-003  0.000000000000000E+000
   2.75599596886112     
  0.973698227034776       1.385180156087390E-003  0.000000000000000E+000
  0.213579288845040       5.402442363963349E-003 -2.736596691565440E-004
  0.000000000000000E+000  5.676102033119894E-003   1.00020053449160     
  0.101164803466206      -5.106968226017174E-003  0.000000000000000E+000
   2.75438395096763     
  0.971344194597081       1.504258504303337E-003  0.000000000000000E+000
  0.215469620251724       5.391943468886184E-003 -2.713464943139424E-004
  0.000000000000000E+000  5.663289963200127E-003   1.00020094700914     
  0.100970497321357      -5.059085498162778E-003  0.000000000000000E+000
   2.75174067194375     
  0.968872537262536       1.628001624485897E-003  0.000000000000000E+000
  0.216051888069387       5.381752547655255E-003 -2.686081486103397E-004
  0.000000000000000E+000  5.650360696265595E-003   1.00020117416005     
  0.100781837526603      -5.013602320624394E-003  0.000000000000000E+000
   2.74917807660762     
  0.966278062333970       1.757096938973359E-003  0.000000000000000E+000
  0.217474252150851       5.373537476064470E-003 -2.661908167469650E-004
  0.000000000000000E+000  5.639728292811435E-003   1.00020152258213     
  0.100630081773127      -4.972215229076706E-003  0.000000000000000E+000
   2.74711643832609     
  0.963555373647426       1.891373763395130E-003  0.000000000000000E+000
  0.218639858396273       5.366800516037794E-003 -2.634152726322055E-004
  0.000000000000000E+000  5.630215788669999E-003   1.00020179301411     
  0.100506407537963      -4.924181332151690E-003  0.000000000000000E+000
   2.74543696408743     
  0.960698927782761       2.030904889090778E-003  0.000000000000000E+000
  0.220160538611935       5.361460059520844E-003 -2.608652378195792E-004
  0.000000000000000E+000  5.622325297340423E-003   1.00020211313734     
  0.100408827021113      -4.878519367669519E-003  0.000000000000000E+000
   2.74411216441101     
  0.957703044267799       2.176098169407578E-003  0.000000000000000E+000
  0.221398277957860       5.357163401140795E-003 -2.579926209027412E-004
  0.000000000000000E+000  5.615156022043536E-003   1.00020237137909     
  0.100331144231316      -4.827008717083936E-003  0.000000000000000E+000
   2.74305920881970     
  0.954561846157195       2.326415247496387E-003  0.000000000000000E+000
  0.223001367879533       5.353733956369702E-003 -2.552062204599903E-004
  0.000000000000000E+000  5.608940176829692E-003   1.00020268431414     
  0.100269695967241      -4.775878160826455E-003  0.000000000000000E+000
   2.74222721502656     
  0.951269384357213       2.482757904136671E-003  0.000000000000000E+000
  0.224473449342668       5.350927818317554E-003 -2.521823083372410E-004
  0.000000000000000E+000  5.603110126654795E-003   1.00020296720309     
  0.100220163137331      -4.720711062121215E-003  0.000000000000000E+000
   2.74155878345428     
  0.947819482538107       2.644120805717701E-003  0.000000000000000E+000
  0.226099245905289       5.348894254668022E-003 -2.490825594485641E-004
  0.000000000000000E+000  5.597976814116586E-003   1.00020327110119     
  0.100185185848366      -4.663665820647825E-003  0.000000000000000E+000
   2.74108903063314     
  0.944205942257812       2.811651156899837E-003  0.000000000000000E+000
  0.227859021132645       5.347413635675809E-003 -2.458923298861843E-004
  0.000000000000000E+000  5.593305965561994E-003   1.00020359091999     
  0.100160683009630      -4.604881190423590E-003  0.000000000000000E+000
   2.74076319192694     
  0.940422342196095       2.984205242399509E-003  0.000000000000000E+000
  0.229510994031443       5.346787351298387E-003 -2.424315312804392E-004
  0.000000000000000E+000  5.589218882578826E-003   1.00020388024509     
  0.100152408855658      -4.541175004440340E-003  0.000000000000000E+000
   2.74065943180395     
  0.936462258150449       3.162718150678633E-003  0.000000000000000E+000
  0.231825607172368       5.345593172266983E-003 -2.390211512235105E-004
  0.000000000000000E+000  5.584614323490493E-003   1.00020427648355     
  0.100133559957970      -4.475370344501701E-003  0.000000000000000E+000
   2.74040993730992     
  0.932319101600151       3.346467535361265E-003  0.000000000000000E+000
  0.233567527210425       5.342521273623754E-003 -2.349863466695169E-004
  0.000000000000000E+000  5.577507620293271E-003   1.00020456581401     
  0.100079934412115      -4.398498171686426E-003  0.000000000000000E+000
   2.73968481028013     
  0.927986251584928       3.535462227755561E-003  0.000000000000000E+000
  0.236182904515545       5.336455790402829E-003 -2.311309440867736E-004
  0.000000000000000E+000  5.567586734489602E-003   1.00020500752214     
  9.997003716924029E-002 -4.322570899103068E-003  0.000000000000000E+000
   2.73818823004039     
  0.923457056336885       3.730240913818279E-003  0.000000000000000E+000
  0.237550965972332       5.327693079541094E-003 -2.263643629678901E-004
  0.000000000000000E+000  5.554057442508984E-003   1.00020521696904     
  9.981012592841063E-002 -4.232253467966197E-003  0.000000000000000E+000
   2.73600694297197     
  0.918724734063985       3.928866629792209E-003  0.000000000000000E+000
  0.240536369299889       5.317249193021214E-003 -2.221058186089274E-004
  0.000000000000000E+000  5.539355011630141E-003   1.00020568333932     
  9.961821588342989E-002 -4.150488204188132E-003  0.000000000000000E+000
   2.73338516447471     
  0.913782702004972       4.134308086652536E-003  0.000000000000000E+000
  0.242436633111765       5.305628184476111E-003 -2.167256713757621E-004
  0.000000000000000E+000  5.522353855851874E-003   1.00020594962038     
  9.940495977481514E-002 -4.050610237922224E-003  0.000000000000000E+000
   2.73046955737029     
  0.908624062312831       4.341309162270438E-003  0.000000000000000E+000
  0.244333967051716       5.295209118736444E-003 -2.112857385983735E-004
  0.000000000000000E+000  5.506494857334818E-003   1.00020618662436     
  9.921414658994561E-002 -3.950928556713570E-003  0.000000000000000E+000
   2.72785982818952     
  0.903242385263693       4.554834075679027E-003  0.000000000000000E+000
  0.248000990985474       5.283609905091160E-003 -2.063376716200724E-004
  0.000000000000000E+000  5.489947576711232E-003   1.00020672083330     
  9.900097688650694E-002 -3.855231039166446E-003  0.000000000000000E+000
   2.72493860787387     
  0.897630946103148       4.770477692087010E-003  0.000000000000000E+000
  0.249851691024105       5.269694466997765E-003 -2.000080723655250E-004
  0.000000000000000E+000  5.469702539363290E-003   1.00020693818509     
  9.874514821894595E-002 -3.736322111205251E-003  0.000000000000000E+000
   2.72142686639740     
  0.891783373400719       4.989646083122509E-003  0.000000000000000E+000
  0.254089124760640       5.254681288777350E-003 -1.949565232848076E-004
  0.000000000000000E+000  5.449637812062157E-003   1.00020760439188     
  9.846767870281625E-002 -3.642281375544292E-003  0.000000000000000E+000
   2.71761379887055     
  0.885693421287334       5.213290243712273E-003  0.000000000000000E+000
  0.255989856541419       5.242335597773867E-003 -1.881657199297925E-004
  0.000000000000000E+000  5.430501317703659E-003   1.00020786930777     
  9.824120556845745E-002 -3.520392889325559E-003  0.000000000000000E+000
   2.71450108666691     
  0.879354799790459       5.435549238576376E-003  0.000000000000000E+000
  0.258162133980704       5.236175170829897E-003 -1.815635641832238E-004
  0.000000000000000E+000  5.417738735013121E-003   1.00020813524869     
  9.813061250529871E-002 -3.399628452756390E-003  0.000000000000000E+000
   2.71298594771605     
  0.872761850024891       5.661595916410732E-003  0.000000000000000E+000
  0.262956606413582       5.226714881937665E-003 -1.759578389127394E-004
  0.000000000000000E+000  5.402672720850404E-003   1.00020887004343     
  9.795762077760760E-002 -3.288904732431508E-003  0.000000000000000E+000
   2.71060416448697     
  0.865908887614107       5.888050303986711E-003  0.000000000000000E+000
  0.264693247220521       5.210561017256221E-003 -1.681094659367131E-004
  0.000000000000000E+000  5.378670483192935E-003   1.00020907349317     
  9.766014778720514E-002 -3.140070514509805E-003  0.000000000000000E+000
   2.70649580861853     
  0.858790596690845       6.112150921137999E-003  0.000000000000000E+000
  0.267242619839408       5.194895467497851E-003 -1.609699886005839E-004
  0.000000000000000E+000  5.355865456098435E-003   1.00020937739924     
  9.737113084849122E-002 -3.007615665489217E-003  0.000000000000000E+000
   2.70250046896504     
  0.851402232938537       6.337426796155764E-003  0.000000000000000E+000
  0.271735887898785       5.177157199575202E-003 -1.540467048825722E-004
  0.000000000000000E+000  5.331203904457774E-003   1.00021001380645     
  9.704301045401692E-002 -2.875798008896968E-003  0.000000000000000E+000
   2.69795485698199     
  0.843739242234269       6.559807874772471E-003  0.000000000000000E+000
  0.273962803021732       5.157418740780494E-003 -1.452122886066042E-004
  0.000000000000000E+000  5.302631029387098E-003   1.00021025677322     
  9.667806347812402E-002 -2.711748085981551E-003  0.000000000000000E+000
   2.69288806074060     
  0.835797614343686       6.776554441764220E-003  0.000000000000000E+000
  0.276608944251848       5.141486632070794E-003 -1.371766948102669E-004
  0.000000000000000E+000  5.278663326881061E-003   1.00021055209460     
  9.638384994391042E-002 -2.563377771173665E-003  0.000000000000000E+000
   2.68879882417194     
  0.827574033874230       6.990933322577417E-003  0.000000000000000E+000
  0.281637517704439       5.124646040791410E-003 -1.300059458096577E-004
  0.000000000000000E+000  5.254651986601068E-003   1.00021131367004     
  9.607201634858688E-002 -2.427627371327460E-003  0.000000000000000E+000
   2.68445644419552     
  0.819065622350018       7.200829533666883E-003  0.000000000000000E+000
  0.284097390014495       5.107591088728600E-003 -1.204259881382016E-004
  0.000000000000000E+000  5.228017076866802E-003   1.00021164616354     
  9.575682458693591E-002 -2.250739251951996E-003  0.000000000000000E+000
   2.68005787708631     
  0.810270040767068       7.398615321999188E-003  0.000000000000000E+000
  0.286264666746320       5.096963245559364E-003 -1.108940409445725E-004
  0.000000000000000E+000  5.207857286503937E-003   1.00021185444077     
  9.556183407411968E-002 -2.074989904861372E-003  0.000000000000000E+000
   2.67733585636915     
  0.801185958372473       7.589628713596443E-003  0.000000000000000E+000
  0.290847912895515       5.085882162826333E-003 -1.030534486439672E-004
  0.000000000000000E+000  5.188935611470300E-003   1.00021247602715     
  9.535745544529597E-002 -1.925325253679005E-003  0.000000000000000E+000
   2.67447836688418     
  0.791812627973472       7.772394067772765E-003  0.000000000000000E+000
  0.294797180538126       5.067341804262071E-003 -9.398581955939076E-005
  0.000000000000000E+000  5.161327623821462E-003   1.00021300232403     
  9.501322427642382E-002 -1.752512547930363E-003  0.000000000000000E+000
   2.66965136196628     
  0.782150065254686       7.942422822669317E-003  0.000000000000000E+000
  0.296925291613661       5.047164204574113E-003 -8.328216421009949E-005
  0.000000000000000E+000  5.130446368784212E-003   1.00021319240385     
  9.463823399282409E-002 -1.553449183334831E-003  0.000000000000000E+000
   2.66438005860217     
  0.772199185767239       8.095718475719276E-003  0.000000000000000E+000
  0.299363379287797       5.031517565646795E-003 -7.310636127292775E-005
  0.000000000000000E+000  5.104623926919723E-003   1.00021343621970     
  9.434758905416246E-002 -1.364694562447746E-003  0.000000000000000E+000
   2.66028656857927     
  0.761961923922881       8.235501917519613E-003  0.000000000000000E+000
  0.303324312882523       5.016271544186731E-003 -6.393516102576284E-005
  0.000000000000000E+000  5.080206705212495E-003   1.00021396573603     
  9.406377258301360E-002 -1.191537390322134E-003  0.000000000000000E+000
   2.65628156431128     
  0.751441078648974       8.360036325710233E-003  0.000000000000000E+000
  0.307758370164947       4.996282163313635E-003 -5.443498978616863E-005
  0.000000000000000E+000  5.050717153099803E-003   1.00021462686026     
  9.369056688487926E-002 -1.011950027056599E-003  0.000000000000000E+000
   2.65100364144152     
  0.740640446574066       8.467539394565621E-003  0.000000000000000E+000
  0.310446822772974       4.976424876554332E-003 -4.311764399312676E-005
  0.000000000000000E+000  5.019542520547459E-003   1.00021501569814     
  9.331940066739650E-002 -8.016766636003872E-004  0.000000000000000E+000
   2.64573818211507     
  0.729564815658738       8.549226778783900E-003  0.000000000000000E+000
  0.312419503179399       4.962435570411906E-003 -3.155170732067931E-005
  0.000000000000000E+000  4.993987277732585E-003   1.00021529350701     
  9.305764838095062E-002 -5.870118959155092E-004  0.000000000000000E+000
   2.64201251156119     
  0.718220157151689       8.609815858319162E-003  0.000000000000000E+000
  0.315978012037476       4.949868417257247E-003 -2.137680098055307E-005
  0.000000000000000E+000  4.971245218237800E-003   1.00021586411312     
  9.282164844636696E-002 -3.954475075816974E-004  0.000000000000000E+000
   2.63864347959072     
  0.706613454876314       8.648074977020741E-003  0.000000000000000E+000
  0.319265562543023       4.934002261539482E-003 -1.110752796206338E-005
  0.000000000000000E+000  4.945109789501545E-003   1.00021638206919     
  9.252260663211451E-002 -2.016885188691681E-004  0.000000000000000E+000
   2.63436140189014     
  0.694752788406665       8.662372544331720E-003  0.000000000000000E+000
  0.322746514467099       4.916335751021367E-003 -6.883251329765759E-007
  0.000000000000000E+000  4.917024076154344E-003   1.00021692729206     
  9.218849308975596E-002 -6.220837226286642E-006  0.000000000000000E+000
   2.62955943132244     
  0.682647343539202       8.651157664054129E-003  0.000000000000000E+000
  0.326216960853117       4.900255636941073E-003  1.037641635497699E-005
  0.000000000000000E+000  4.910632053296050E-003   1.00021749447279     
  9.188297466059865E-002  1.994685980763979E-004  0.000000000000000E+000
   2.62514689284992     
  0.670307422204054       8.610315629881678E-003  0.000000000000000E+000
  0.328376228222169       4.889656736601674E-003  2.219675904129614E-005
  0.000000000000000E+000  4.911853495642970E-003   1.00021785185475     
  9.167913731268849E-002  4.186122823464579E-004  0.000000000000000E+000
   2.62217235758930     
  0.657744432187388       8.537819516044324E-003  0.000000000000000E+000
  0.330588367364498       4.884508169925985E-003  3.351023263705257E-005
  0.000000000000000E+000  4.918018402563037E-003   1.00021821929287     
  9.157658434224779E-002  6.296351297281767E-004  0.000000000000000E+000
   2.62063786293419     
  0.644970813927204       8.436245338104848E-003  0.000000000000000E+000
  0.333704536871437       4.880257324856324E-003  4.414033131522307E-005
  0.000000000000000E+000  4.924397656171547E-003   1.00021875853444     
  9.148998254068144E-002  8.292417891154495E-004  0.000000000000000E+000
   2.61932437995369     
  0.632000051176599       8.304733450058579E-003  0.000000000000000E+000
  0.336613621625247       4.874733519145706E-003  5.474407285568113E-005
  0.000000000000000E+000  4.929477592001388E-003   1.00021926624232     
  9.137847201036248E-002  1.028239815870217E-003  0.000000000000000E+000
   2.61764462446904     
  0.618846621299056       8.142643113908310E-003  0.000000000000000E+000
  0.339519652248100       4.869073124401367E-003  6.528165838742618E-005
  0.000000000000000E+000  4.934354782788793E-003   1.00021977549525     
  9.126333200181605E-002  1.225499494651044E-003  0.000000000000000E+000
   2.61590234984005     
  0.605525942452643       7.949576021555563E-003  0.000000000000000E+000
  0.342546966274540       4.864102535547919E-003  7.571555244363132E-005
  0.000000000000000E+000  4.939818087991550E-003   1.00022030222631     
  9.116002738081852E-002  1.420633637170350E-003  0.000000000000000E+000
   2.61431870665847     
  0.592054310759683       7.725396929789890E-003  0.000000000000000E+000
  0.345763398410782       4.860102711650341E-003  8.612181543922152E-005
  0.000000000000000E+000  4.946224527089562E-003   1.00022085127275     
  9.107373830744248E-002  1.614816144868468E-003  0.000000000000000E+000
   2.61296714589531     
  0.578448841139469       7.469587338919363E-003  0.000000000000000E+000
  0.347929311734333       4.858631656023761E-003  9.697509740901082E-005
  0.000000000000000E+000  4.955606753432771E-003   1.00022120510971     
  9.103331159596917E-002  1.816924001591068E-003  0.000000000000000E+000
   2.61225851740642     
  0.564727426131715       7.179798545920949E-003  0.000000000000000E+000
  0.350241043627875       4.860708079336390E-003  1.074384502628673E-004
  0.000000000000000E+000  4.968146529599257E-003   1.00022155965409     
  9.105792471424895E-002  2.011890865505873E-003  0.000000000000000E+000
   2.61246646567506     
  0.550908452145140       6.860707846468249E-003  0.000000000000000E+000
  0.353469928433697       4.864605860587187E-003  1.169354797845075E-004
  0.000000000000000E+000  4.981541340371694E-003   1.00022204963167     
  9.111489564471129E-002  2.189052051796645E-003  0.000000000000000E+000
   2.61311348589791     
  0.537010910895377       6.513416561857800E-003  0.000000000000000E+000
  0.356335388486741       4.869325858112046E-003  1.260868367383215E-004
  0.000000000000000E+000  4.995412694850368E-003   1.00022243131405     
  9.118517940734802E-002  2.359683836584340E-003  0.000000000000000E+000
   2.61392350119052     
  0.523054228165777       6.139328491792367E-003  0.000000000000000E+000
  0.359283489124209       4.875466027599962E-003  1.348545846823932E-004
  0.000000000000000E+000  5.010320612282355E-003   1.00022277193075     
  9.128061718532055E-002  2.522804882145068E-003  0.000000000000000E+000
   2.61507436714574     
  0.509058155752480       5.740143054580419E-003  0.000000000000000E+000
  0.362352934909040       4.883655533058955E-003  1.432051205807689E-004
  0.000000000000000E+000  5.026860653639724E-003   1.00022307748098     
  9.141327695150722E-002  2.677799336000163E-003  0.000000000000000E+000
   2.61674153272548     
  0.495042659692362       5.317842972884984E-003  0.000000000000000E+000
  0.365584340971282       4.894521488051948E-003  1.511090528052770E-004
  0.000000000000000E+000  5.045630540857224E-003   1.00022334277619     
  9.159492680519457E-002  2.824125255642919E-003  0.000000000000000E+000
   2.61909172008053     
  0.481027806142041       4.874676585191666E-003  0.000000000000000E+000
  0.369042846841012       4.908649087503058E-003  1.585390763264781E-004
  0.000000000000000E+000  5.067188163829536E-003   1.00022357608127     
  9.183654647290693E-002  2.961284856396786E-003  0.000000000000000E+000
   2.62227928595088     
  0.467033646316841       4.413134998349662E-003  0.000000000000000E+000
  0.372924266993550       4.926306910737197E-003  1.654906754070808E-004
  0.000000000000000E+000  5.091797586144278E-003   1.00022379352719     
  9.214259387131707E-002  3.089318237888463E-003  0.000000000000000E+000
   2.62635614337785     
  0.453080108148714       3.935745123473622E-003  0.000000000000000E+000
  0.376802434926958       4.945985847735915E-003  1.720952641993497E-004
  0.000000000000000E+000  5.118081111935265E-003   1.00022395099747     
  9.248351330015386E-002  3.211763151025100E-003  0.000000000000000E+000
   2.63088070524520     
  0.439186917314490       3.444124449314979E-003  0.000000000000000E+000
  0.381581650909311       4.963348376667219E-003  1.777244835178149E-004
  0.000000000000000E+000  5.141072860185034E-003   1.00022421580710     
  9.277874463517571E-002  3.317974072210665E-003  0.000000000000000E+000
   2.63471133623569     
  0.425373323286012       2.943537917647252E-003  0.000000000000000E+000
  0.388788199174314       4.973722999803776E-003  1.819013162735910E-004
  0.000000000000000E+000  5.155624316077367E-003   1.00022493445999     
  9.294239590236678E-002  3.397930915515853E-003  0.000000000000000E+000
   2.63664903427367     
  0.411658191042757       2.437221773305309E-003  0.000000000000000E+000
  0.397982205676726       4.974171478624272E-003  1.870767976607607E-004
  0.000000000000000E+000  5.161248276285032E-003   1.00022608668911     
  9.291656117325753E-002  3.497058619545666E-003  0.000000000000000E+000
   2.63585795914470     
  0.398060300010423       1.916233981970908E-003  0.000000000000000E+000
  0.407611939382832       4.957921722067640E-003  1.986835893247822E-004
  0.000000000000000E+000  5.156605311392422E-003   1.00022732711813     
  9.256503170988817E-002  3.719011713730731E-003  0.000000000000000E+000
   2.63032572191435     
  0.384598635456386       1.352902573853140E-003  0.000000000000000E+000
  0.414318124383954       4.918173405222208E-003  2.183216343979425E-004
  0.000000000000000E+000  5.136495039620151E-003   1.00022804490503     
  9.175457213040400E-002  4.091371603617919E-003  0.000000000000000E+000
   2.61806565375079     
  0.371291267288200       7.281164213263902E-004  0.000000000000000E+000
  0.416978543380765       4.859204979438709E-003  2.409637251022324E-004
  0.000000000000000E+000  5.100168704540941E-003   1.00022805195295     
  9.057125003480344E-002  4.514962506038528E-003  0.000000000000000E+000
   2.60026458346863     
  0.358154780898738       4.178473641569574E-005  0.000000000000000E+000
  0.420709930112253       4.795021083741688E-003  2.624774955541393E-004
  0.000000000000000E+000  5.057498579295827E-003   1.00022848654029     
  8.928499763249825E-002  4.910195101423246E-003  0.000000000000000E+000
   2.58078640049141     
  0.345204555188213      -6.996594131643285E-004  0.000000000000000E+000
  0.423486699361774       4.742414499234436E-003  2.842148425300192E-004
  0.000000000000000E+000  5.026629341764456E-003   1.00022914384958     
  8.820713773884829E-002  5.303084051790420E-003  0.000000000000000E+000
   2.56410819428381     
  0.332455505085775      -1.498146808410845E-003  0.000000000000000E+000
  0.423330813558778       4.708785554927769E-003  3.054531832397730E-004
  0.000000000000000E+000  5.014238738167542E-003   1.00022945443299     
  8.747586621892094E-002  5.685460708731814E-003  0.000000000000000E+000
   2.55229766588783     
  0.319920537181743      -2.339667901782980E-003  0.000000000000000E+000
  0.424064510421204       4.689555158712631E-003  3.240723842634076E-004
  0.000000000000000E+000  5.013627542976039E-003   1.00023009215163     
  8.701011058691696E-002  6.020452244879013E-003  0.000000000000000E+000
   2.54426188986242     
  0.307611656831778      -3.214917519367286E-003  0.000000000000000E+000
  0.425124418187352       4.678935335725552E-003  3.411487495781395E-004
  0.000000000000000E+000  5.020084085303691E-003   1.00023100458766     
  8.670035770412758E-002  6.326783378945610E-003  0.000000000000000E+000
   2.53841690024872     
  0.295539909591286      -4.117285986877651E-003  0.000000000000000E+000
  0.425948779651890       4.674243764189345E-003  3.570531196508612E-004
  0.000000000000000E+000  5.031296883840206E-003   1.00023188753695     
  8.649440789142886E-002  6.610796428874424E-003  0.000000000000000E+000
   2.53398108589448     
  0.283715218424319      -5.040365564571752E-003  0.000000000000000E+000
  0.427868895513257       4.673244872323367E-003  3.716855581969976E-004
  0.000000000000000E+000  5.044930430520365E-003   1.00023308674074     
  8.634997145419726E-002  6.870865912663894E-003  0.000000000000000E+000
   2.53032729628012     
  0.272146384621058      -5.978022424434283E-003  0.000000000000000E+000
  0.429231064680835       4.675454153822314E-003  3.859455728842627E-004
  0.000000000000000E+000  5.061399726706577E-003   1.00023487264541     
  8.625580132453416E-002  7.121911813251672E-003  0.000000000000000E+000
   2.52727300041024     
  0.260841459952367      -6.928699530984975E-003  0.000000000000000E+000
  0.428745559136814       4.683230511335431E-003  3.994106999608833E-004
  0.000000000000000E+000  5.082641211296314E-003   1.00023657954095     
  8.625614167014659E-002  7.355622843052353E-003  0.000000000000000E+000
   2.52546336675634     
  0.249806769810523      -7.883567295849768E-003  0.000000000000000E+000
  0.429276462066127       4.697723373229183E-003  4.105614396260047E-004
  0.000000000000000E+000  5.108284812855187E-003   1.00023841778743     
  8.637685398569128E-002  7.545580364054527E-003  0.000000000000000E+000
   2.52531330735511     
  0.239047492115207      -8.833844321215513E-003  0.000000000000000E+000
  0.430719886125644       4.718459171221025E-003  4.200346840427501E-004
  0.000000000000000E+000  5.138493855263775E-003   1.00024077328921     
  8.660659242388422E-002  7.703626545970938E-003  0.000000000000000E+000
   2.52663090933655     
  0.228568063927081      -9.774779615069130E-003  0.000000000000000E+000
  0.432230885633544       4.744943771413618E-003  4.286173745199036E-004
  0.000000000000000E+000  5.173561145933522E-003   1.00024327297813     
  8.693222114354685E-002  7.844122974601991E-003  0.000000000000000E+000
   2.52918173619275     
  0.218371927887734      -1.070216068614966E-002  0.000000000000000E+000
  0.433371554252517       4.778541949821031E-003  4.367371293124987E-004
  0.000000000000000E+000  5.215279079133529E-003   1.00024597008008     
  8.737659210392917E-002  7.973562523048676E-003  0.000000000000000E+000
   2.53326667559023     
  0.208461650332017      -1.161318441176501E-002  0.000000000000000E+000
  0.434842311528200       4.821841422523501E-003  4.437498680968090E-004
  0.000000000000000E+000  5.265591290620310E-003   1.00024917928947     
  8.798844905848943E-002  8.080139452754430E-003  0.000000000000000E+000
   2.53958314173259     
  0.198838436947398      -1.250075963881363E-002  0.000000000000000E+000
  0.437040377720677       4.875141655470725E-003  4.492315331532365E-004
  0.000000000000000E+000  5.324373188623961E-003   1.00025277573232     
  8.877340655662297E-002  8.157810488789193E-003  0.000000000000000E+000
   2.54819208762823     
  0.189502895766597      -1.336127223884795E-002  0.000000000000000E+000
  0.438894665324369       4.938963412332207E-003  4.542060368005860E-004
  0.000000000000000E+000  5.393169449132793E-003   1.00025646538288     
  8.973467150430281E-002  8.223935588302157E-003  0.000000000000000E+000
   2.55904883849751     
  0.180454910724205      -1.419260156117742E-002  0.000000000000000E+000
  0.441073562428983       5.015471299654357E-003  4.580907633485793E-004
  0.000000000000000E+000  5.473562063002936E-003   1.00026041463691     
  9.091260892534825E-002  8.267526359076245E-003  0.000000000000000E+000
   2.57269583990532     
  0.171693255296651      -1.498933665163374E-002  0.000000000000000E+000
  0.444484250380810       5.104552421074480E-003  4.601676952112131E-004
  0.000000000000000E+000  5.564720116285693E-003   1.00026480881692     
  9.230483512223989E-002  8.278000010181696E-003  0.000000000000000E+000
   2.58904484216512     
  0.163216160245772      -1.574824056262389E-002  0.000000000000000E+000
  0.448055552654523       5.204224268349432E-003  4.616410729260416E-004
  0.000000000000000E+000  5.665865341275473E-003   1.00026917666306     
  9.386514398464674E-002  8.277003372376482E-003  0.000000000000000E+000
   2.60729465650105     
  0.155021505005991      -1.646991939561590E-002  0.000000000000000E+000
  0.450189892793333       5.316558686650257E-003  4.629669539320173E-004
  0.000000000000000E+000  5.779525640582274E-003   1.00027304254303     
  9.562694858558607E-002  8.268393503459072E-003  0.000000000000000E+000
   2.62781289910289     
  0.147106334224531      -1.715296303207054E-002  0.000000000000000E+000
  0.454960006257124       5.442820386592341E-003  4.595674999937020E-004
  0.000000000000000E+000  5.902387886586043E-003   1.00027804527533     
  9.763010098537872E-002  8.174585855077000E-003  0.000000000000000E+000
   2.65124144135905     
  0.139466267089614      -1.778558548152064E-002  0.000000000000000E+000
  0.461451727100894       5.577717706432729E-003  4.540269871782928E-004
  0.000000000000000E+000  6.031744693611022E-003   1.00028353157419     
  9.975870765836450E-002  8.047482841181536E-003  0.000000000000000E+000
   2.67575000296687     
  0.132098175810340      -1.837689199987649E-002  0.000000000000000E+000
  0.464001542398819       5.722702896639576E-003  4.511908212346315E-004
  0.000000000000000E+000  6.173893717874208E-003   1.00028736487487     
  0.102010482629815       7.960771678640850E-003  0.000000000000000E+000
   2.70097656354472     
  0.124997769952504      -1.892872200988259E-002  0.000000000000000E+000
  0.468964953887962       5.877481586956618E-003  4.390002463943603E-004
  0.000000000000000E+000  6.316481833350978E-003   1.00029186327073     
  0.104438530599783       7.707427084574536E-003  0.000000000000000E+000
   2.72816853260738     
  0.118158763957459      -1.942103531766246E-002  0.000000000000000E+000
  0.475319546683977       6.039930237166635E-003  4.226642702514300E-004
  0.000000000000000E+000  6.462594507418065E-003   1.00029679083666     
  0.106971271038373       7.387504627062129E-003  0.000000000000000E+000
   2.75603347212568     
  0.111577324482708      -1.987073175919550E-002  0.000000000000000E+000
  0.476621260306047       6.220533879477983E-003  4.130225059256530E-004
  0.000000000000000E+000  6.633556385403636E-003   1.00029974727624     
  0.109728811281714       7.170410536510885E-003  0.000000000000000E+000
   2.78538045483724     
  0.105248108561165      -2.028128798648830E-002  0.000000000000000E+000
  0.484149542176056       6.413559766980524E-003  3.877984149942704E-004
  0.000000000000000E+000  6.801358181974795E-003   1.00030342039471     
  0.112725911597411       6.684564992005211E-003  0.000000000000000E+000
   2.81754193034736     
  9.916376395001603E-002 -2.062514136152142E-002  0.000000000000000E+000
  0.494103708940884       6.613986347960963E-003  3.580373513606114E-004
  0.000000000000000E+000  6.972023699321574E-003   1.00030739433277     
  0.115801883593506       6.137032953197738E-003  0.000000000000000E+000
   2.84974496427778     
  9.332012723962402E-002 -2.093049604161815E-002  0.000000000000000E+000
  0.499266119360755       6.819194154802049E-003  3.340438613507480E-004
  0.000000000000000E+000  7.153238016152796E-003   1.00030937760233     
  0.118835312339083       5.687078784370303E-003  0.000000000000000E+000
   2.87969503649305     
  8.771055058917909E-002 -2.119011388496281E-002  0.000000000000000E+000
  0.511042296477399       7.006327310670042E-003  2.886401837699252E-004
  0.000000000000000E+000  7.294967494439968E-003   1.00031108974047     
  0.121588243430600       4.877482801687011E-003  0.000000000000000E+000
   2.90632138428827     
  8.232832898163722E-002 -2.138787159074580E-002  0.000000000000000E+000
  0.519976467587867       7.206190616658057E-003  2.455555925254042E-004
  0.000000000000000E+000  7.451746209183462E-003   1.00031153002220     
  0.124450860958554       4.087516785727449E-003  0.000000000000000E+000
   2.93282719560839     
  7.716826630280238E-002 -2.155356702706770E-002  0.000000000000000E+000
  0.529039321290611       7.432054982803362E-003  1.928137650867655E-004
  0.000000000000000E+000  7.624868747890127E-003   1.00031039125591     
  0.127716270698619       3.133223417126514E-003  0.000000000000000E+000
   2.96335800492000     
  7.222301122247532E-002 -2.165524915438587E-002  0.000000000000000E+000
  0.546123705247510       7.646027543025001E-003  1.233256838982181E-004
  0.000000000000000E+000  7.769353226923219E-003   1.00030911679853     
  0.130766966421346       1.954522420565204E-003  0.000000000000000E+000
   2.99114737632244     
  6.748705146715417E-002 -2.171479524477504E-002  0.000000000000000E+000
  0.559680149578526       7.829750775302791E-003  6.237067449362451E-005
  0.000000000000000E+000  7.892121449796416E-003   1.00030705016967     
  0.133103713003021       9.432652288110323E-004  0.000000000000000E+000
   3.00856927731848     
  6.295371259758120E-002 -2.173446819730835E-002  0.000000000000000E+000
  0.580170811616426       7.948159136176908E-003 -2.917529997712510E-005
  0.000000000000000E+000  7.977334436154034E-003   1.00030641559407     
  0.134428639471714      -5.785451587473057E-004  0.000000000000000E+000
   3.01580922193592     
  5.861711578290607E-002 -2.168853676842170E-002  0.000000000000000E+000
  0.595644484669492       8.057959441678603E-003 -1.109014583306597E-004
  0.000000000000000E+000  8.168860900009263E-003   1.00030534353784     
  0.135422800384595      -1.944920981848637E-003  0.000000000000000E+000
   3.01750921680833     
  5.447044604999962E-002 -2.162336907966074E-002  0.000000000000000E+000
  0.612424619241438       8.150679638568071E-003 -2.198201301369383E-004
  0.000000000000000E+000  8.370499768705009E-003   1.00030478085165     
  0.136215636482970      -3.759656733322126E-003  0.000000000000000E+000
   3.01831119837119     
  5.050903214194746E-002 -2.147729249486757E-002  0.000000000000000E+000
  0.635954107156522       8.264278770084703E-003 -3.403500088335971E-004
  0.000000000000000E+000  8.604628778918299E-003   1.00030488593614     
  0.137332905289534      -5.792770267369874E-003  0.000000000000000E+000
   3.02290721168000     
  4.672541388620077E-002 -2.131085761769123E-002  0.000000000000000E+000
  0.659144514852869       8.449735073660586E-003 -4.592832737808428E-004
  0.000000000000000E+000  8.909018347441429E-003   1.00030353985766     
  0.139442730274840      -7.797478716762049E-003  0.000000000000000E+000
   3.03658858670597     
  4.311516124701154E-002 -2.108321818922540E-002  0.000000000000000E+000
  0.690585962702471       8.635468784928973E-003 -6.150381214278139E-004
  0.000000000000000E+000  9.250506906356787E-003   1.00030342070237     
  0.141696402334821      -1.028884094146315E-002  0.000000000000000E+000
   3.05398406212857     
  3.967223005436371E-002 -2.081626001427382E-002  0.000000000000000E+000
  0.723009895856421       8.793188375173148E-003 -7.634659608428213E-004
  0.000000000000000E+000  9.556654336015970E-003   1.00030371942113     
  0.143268928525646      -1.256950479831151E-002  0.000000000000000E+000
   3.06190199356383     
  3.639054179185175E-002 -2.050759722952964E-002  0.000000000000000E+000
  0.764594579812865       8.839647391283062E-003 -9.457967502440913E-004
  0.000000000000000E+000  9.785444141527154E-003   1.00030530630607     
  0.143257373554404      -1.535936661950485E-002  0.000000000000000E+000
   3.05642542328528     
  3.326778181846923E-002 -2.014011535744205E-002  0.000000000000000E+000
  0.809866758672342       8.828391658940457E-003 -1.109207385626424E-003
  0.000000000000000E+000  9.937599044566882E-003   1.00030762111289     
  0.142099439558852      -1.779896245011367E-002  0.000000000000000E+000
   3.03672492092917     
  3.029382127105174E-002 -1.975029503451204E-002  0.000000000000000E+000
  0.868575616771068       8.601587357023223E-003 -1.290725921632563E-003
  0.000000000000000E+000  9.892313278655786E-003   1.00031311663763     
  0.137863913914657      -2.026423386252605E-002  0.000000000000000E+000
   2.98858111169686     
  2.747317396944959E-002 -1.928113185504812E-002  0.000000000000000E+000
  0.923207265320571       8.130525504601237E-003 -1.403308160636876E-003
  0.000000000000000E+000  9.533833665238113E-003   1.00031900545613     
  0.129571873184302      -2.159487563022344E-002  0.000000000000000E+000
   2.89265760899128     
  2.478833495795718E-002 -1.880921559024042E-002  0.000000000000000E+000
   1.01466125708112       7.239071063565276E-003 -1.467070326776726E-003
  0.000000000000000E+000  8.706141390342002E-003   1.00033241972013     
  0.115197473341185      -2.175732726996914E-002  0.000000000000000E+000
   2.72847468824189     
  2.225501326225521E-002 -1.823565211469499E-002  0.000000000000000E+000
   1.07562810823424       5.912405514145284E-003 -1.372168642131685E-003
  0.000000000000000E+000  7.284574156276968E-003   1.00033993065670     
  9.394035284256566E-002 -1.967104272308034E-002  0.000000000000000E+000
   2.46402568677336     
  1.984559696190713E-002 -1.767184233715069E-002  0.000000000000000E+000
   1.11804226855725       4.268077812317083E-003 -1.144267389895353E-003
  0.000000000000000E+000  5.412345202212436E-003   1.00034433424523     
  6.808412604584244E-002 -1.539431180500102E-002  0.000000000000000E+000
   2.09970507346736     
  1.758713226318775E-002 -1.699731615131953E-002  0.000000000000000E+000
   1.07809493101854       2.689635837198120E-003 -8.294124632994229E-004
  0.000000000000000E+000  3.519048300497543E-003   1.00033952631136     
  4.308075407220802E-002 -1.113989399227474E-002  0.000000000000000E+000
   1.67687760234134     
  1.544650428983374E-002 -1.632605898462604E-002  0.000000000000000E+000
   1.01496691734678       1.498982272150643E-003 -5.270404439100596E-004
  0.000000000000000E+000  2.026022716060703E-003   1.00033953095142     
  2.429951285956541E-002 -6.569380236465452E-003  0.000000000000000E+000
   1.26142084028584     
  1.345295496273136E-002 -1.555732975657546E-002  0.000000000000000E+000
   1.09272232627427       3.820912740982921E-004 -1.547848125866818E-004
  0.000000000000000E+000  5.368760866849739E-004   1.00036154121804     
  6.920162472694071E-003 -3.532704293677633E-004  0.000000000000000E+000
  0.663528099679244     
  1.157947612225185E-002 -1.477144945561017E-002  0.000000000000000E+000
   1.16944640649353      -1.037537440009972E-003  4.796933162377466E-004
  0.000000000000000E+000 -1.517230756247718E-003   1.00038078950023     
 -1.499216996107378E-002  1.102182399090050E-002  0.000000000000000E+000
   1.08979264340971     
  9.848531301419383E-003 -1.390624975671154E-002  0.000000000000000E+000
   1.26186706995395      -2.977629700023016E-003  1.597154290435118E-003
  0.000000000000000E+000 -4.574783990458134E-003   1.00040805304322     
 -4.530434136366096E-002  3.080953905917072E-002  0.000000000000000E+000
   1.88022755651600     
  8.249723698091849E-003 -1.299967384081004E-002  0.000000000000000E+000
   1.32862864633466      -5.588769481020607E-003  3.434153716691552E-003
  0.000000000000000E+000 -9.022923197712160E-003   1.00043601023798     
 -8.636350638775853E-002  6.338337442263681E-002  0.000000000000000E+000
   2.64144987689131     
  6.785477286839425E-003 -1.203901627367612E-002  0.000000000000000E+000
   1.27606481407383      -8.573533986338713E-003  6.197029034075743E-003
  0.000000000000000E+000 -1.477056302041446E-002   1.00044989142282     
 -0.134839781743095       0.112257933325200       0.000000000000000E+000
   3.40832184383461     
  5.478550221508449E-003 -1.101314324896579E-002  0.000000000000000E+000
   1.28428841653317      -1.160474002503719E-002  9.712882934029287E-003
  0.000000000000000E+000 -2.131762295906648E-002   1.00047680928257     
 -0.186521004567030       0.172722390726822       0.000000000000000E+000
   4.13103660977358     
  4.290827434544564E-003 -9.965556159078107E-003  0.000000000000000E+000
   1.09722292008223      -1.345172168720842E-002  1.351560139866953E-002
  0.000000000000000E+000 -2.696732308587795E-002   1.00046044095624     
 -0.221174140760719       0.239973732232543       0.000000000000000E+000
   4.72544468328781     
  3.296772041745166E-003 -8.840112919361187E-003  0.000000000000000E+000
  0.911978348756747      -1.444833397782645E-002  1.718033903063137E-002
  0.000000000000000E+000 -3.162867300845782E-002   1.00043865192448     
 -0.242890332112440       0.305654205886212       0.000000000000000E+000
   5.21083053789874     
  2.396870789097783E-003 -7.727149985343641E-003  0.000000000000000E+000
  0.694944166119512      -1.411065203085469E-002  2.071986566358141E-002
  0.000000000000000E+000 -3.483051769443610E-002   1.00041029236860     
 -0.240263539141437       0.372353388579108       0.000000000000000E+000
   5.59688790061235     
  1.722008488210358E-003 -6.549785302129726E-003  0.000000000000000E+000
  0.514792815230749      -1.325752346895091E-002  2.406653343747299E-002
  0.000000000000000E+000 -3.732405690642390E-002   1.00038660058713     
 -0.229332640317080       0.436657301350461       0.000000000000000E+000
   5.95018585260883     
  1.113140182790850E-003 -5.409418156526647E-003  0.000000000000000E+000
  0.344306568823868      -1.172324034847440E-002  2.728658844017929E-002
  0.000000000000000E+000 -3.900982878865369E-002   1.00036569240389     
 -0.202709335804241       0.498389221062751       0.000000000000000E+000
   6.24311192123741     
  7.225228813823037E-004 -4.248492033251204E-003  0.000000000000000E+000
  0.179671454542586      -9.569227488027540E-003  3.024166793279879E-002
  0.000000000000000E+000 -3.981089542082633E-002   1.00034525212240     
 -0.166796428760905       0.556423437383661       0.000000000000000E+000
   6.52201372867125     
  3.880251048486993E-004 -3.130464215962858E-003  0.000000000000000E+000
  0.109765275253267      -7.707763461544740E-003  3.272060667549224E-002
  0.000000000000000E+000 -4.042837013703698E-002   1.00033814212704     
 -0.134121662966763       0.602842594074527       0.000000000000000E+000
   6.73558479577639     
  1.970395846617734E-004 -2.043563727562371E-003  0.000000000000000E+000
 -0.136793855638871      -4.679258413035314E-003  3.456361946833419E-002
  0.000000000000000E+000 -3.924287788136950E-002   1.00030473393011     
 -8.148704249243337E-002  0.638725779390309       0.000000000000000E+000
   6.89409817527322     
  9.598016850720370E-005 -9.954425719247947E-004  0.000000000000000E+000
  9.028777125718079E-002 -3.444214978307376E-003  3.593090187356663E-002
  0.000000000000000E+000 -3.937511685187400E-002   1.00035820117612     
 -5.836494399073666E-002  0.664102073595516       0.000000000000000E+000
   7.01675429383571     
  0.000000000000000E+000  0.000000000000000E+000  0.000000000000000E+000
 -0.354457799377087      -2.681219218062888E-004  3.667807355525204E-002
  0.000000000000000E+000 -3.694619547705833E-002   1.00029336918244     
 -4.707544369158930E-003  0.677321592059302       0.000000000000000E+000
   7.07154208878225     
 zone i=         151
  0.000000000000000E+000  0.000000000000000E+000  0.000000000000000E+000
 -0.354457799377087      -2.681219218062888E-004  3.667807355525204E-002
  0.000000000000000E+000 -3.694619547705833E-002   1.00029336918244     
 -4.707544369158930E-003  0.677321592059302       0.000000000000000E+000
   7.07154208878225     
  8.124748189053399E-005  9.967570191826214E-004  0.000000000000000E+000
 -0.727662957195435       2.961402016603420E-003  3.650995913522288E-002
  0.000000000000000E+000  3.947136115182630E-002   1.00024328669951     
  5.285708114269773E-002  0.674914212503956       0.000000000000000E+000
   7.07188980834535     
  1.668552160047909E-004  2.047006305551404E-003  0.000000000000000E+000
 -0.366616294424830       3.761795098293418E-003  3.648865366835977E-002
  0.000000000000000E+000  4.025044876665319E-002   1.00031744310947     
  7.145387489801042E-002  0.674012822792884       0.000000000000000E+000
   7.07584307537193     
  3.042454035129261E-004  3.145845697375883E-003  0.000000000000000E+000
 -0.800665442861600       6.692357622390789E-003  3.638651519711045E-002
  0.000000000000000E+000  4.307887281950124E-002   1.00025669037347     
  0.122990897438642       0.670810631751338       0.000000000000000E+000
   7.08862335846908     
  5.825742921587995E-004  4.281733555009661E-003  0.000000000000000E+000
 -0.806820489126494       8.805966003710487E-003  3.602559923236769E-002
  0.000000000000000E+000  4.483156523607818E-002   1.00027302464801     
  0.161905771213883       0.663499781765052       0.000000000000000E+000
   7.09013240159583     
  8.757422479155341E-004  5.478181120376323E-003  0.000000000000000E+000
 -0.895867576167575       1.055665751860859E-002  3.536685791560887E-002
  0.000000000000000E+000  4.592351543421746E-002   1.00027153499891     
  0.192641181927455       0.651047964861796       0.000000000000000E+000
   7.06514795590846     
  1.308808987989130E-003  6.698568453762158E-003  0.000000000000000E+000
  -1.27301511154747       1.266199375633369E-002  3.377408806654211E-002
  0.000000000000000E+000  4.643608182287579E-002   1.00021558399102     
  0.227202997366009       0.622177770125651       0.000000000000000E+000
   6.97151712179708     
  1.812850180215042E-003  7.968367674832801E-003  0.000000000000000E+000
  -1.12332510280953       1.331895648795858E-002  3.190825018118108E-002
  0.000000000000000E+000  4.522720666913966E-002   1.00025049798566     
  0.240121878643288       0.587871608043273       0.000000000000000E+000
   6.82673943831066     
  2.391032082076583E-003  9.283225230158919E-003  0.000000000000000E+000
  -1.34326254368193       1.462664431650890E-002  3.001071152050922E-002
  0.000000000000000E+000  4.463735583701813E-002   1.00022313194073     
  0.264517114156648       0.551998499474091       0.000000000000000E+000
   6.69638431743750     
  3.109272514030703E-003  1.061639973803102E-002  0.000000000000000E+000
  -1.32659843419106       1.542994017734511E-002  2.868574708676376E-002
  0.000000000000000E+000  4.411568726410886E-002   1.00023418486263     
  0.281352547582993       0.526773126758209       0.000000000000000E+000
   6.61443891607452     
  3.865287533979300E-003  1.201969020640781E-002  0.000000000000000E+000
  -1.51052631558355       1.634233783473667E-002  2.721030118250218E-002
  0.000000000000000E+000  4.355263901723885E-002   1.00021203632897     
  0.296321801546798       0.500361140079261       0.000000000000000E+000
   6.52425496879061     
  4.796892805706054E-003  1.341452172343449E-002  0.000000000000000E+000
  -1.68726545509685       1.689309988340060E-002  2.525394108091066E-002
  0.000000000000000E+000  4.214704096431125E-002   1.00019121408923     
  0.305523733366823       0.465022370359730       0.000000000000000E+000
   6.38009636956198     
  5.781289545338408E-003  1.487974781579076E-002  0.000000000000000E+000
  -1.64802397501671       1.659546338718337E-002  2.325649799047765E-002
  0.000000000000000E+000  3.985196137766102E-002   1.00020537319929     
  0.300218160674816       0.429182592422650       0.000000000000000E+000
   6.19336708309716     
  6.903066221750631E-003  1.635814064742308E-002  0.000000000000000E+000
  -1.79077142479559       1.622326771882485E-002  2.087513447211168E-002
  0.000000000000000E+000  3.709840219093653E-002   1.00018626697384     
  0.292527052017021       0.386493713231195       0.000000000000000E+000
   5.95799303271628     
  8.121082669093838E-003  1.788532551851348E-002  0.000000000000000E+000
  -1.79165363864445       1.514491518737607E-002  1.836197986080692E-002
  0.000000000000000E+000  3.350689504818299E-002   1.00018799190859     
  0.272906116591215       0.341061100192278       0.000000000000000E+000
   5.65853250339767     
  9.454664975969473E-003  1.944636852175496E-002  0.000000000000000E+000
  -1.85887216268975       1.405556560863029E-002  1.589043180667475E-002
  0.000000000000000E+000  2.994599741530504E-002   1.00017470693701     
  0.253802450228710       0.295465312456855       0.000000000000000E+000
   5.34454663825537     
  1.091465694568861E-002  2.103826502945663E-002  0.000000000000000E+000
  -1.82627945773561       1.299524446525976E-002  1.390785988814526E-002
  0.000000000000000E+000  2.690310435340502E-002   1.00017371676933     
  0.235819721477028       0.258289553451552       0.000000000000000E+000
   5.06659145968173     
  1.248068226265642E-002  2.268129049048521E-002  0.000000000000000E+000
  -1.88142447879409       1.218782195485184E-002  1.229673497840592E-002
  0.000000000000000E+000  2.448455693325775E-002   1.00015501168565     
  0.221758173017562       0.228388407453755       0.000000000000000E+000
   4.83529088446160     
  1.419429961991825E-002  2.434216187368587E-002  0.000000000000000E+000
  -1.86377906161238       1.153805735882713E-002  1.106467380018980E-002
  0.000000000000000E+000  2.260273115901693E-002   1.00014840256433     
  0.210799363835014       0.205112066368731       0.000000000000000E+000
   4.64935600436134     
  1.601361488792574E-002  2.606691124135281E-002  0.000000000000000E+000
  -1.86520722955675       1.110340380233422E-002  1.011842737186823E-002
  0.000000000000000E+000  2.122183117420245E-002   1.00013778940751     
  0.203381177348405       0.187436414284554       0.000000000000000E+000
   4.51018164416450     
  1.799565339072173E-002  2.780171742430116E-002  0.000000000000000E+000
  -1.83524608483140       1.084979418380791E-002  9.429356404451977E-003
  0.000000000000000E+000  2.027915058825988E-002   1.00013280712492     
  0.199283454908214       0.174354731307323       0.000000000000000E+000
   4.41418691083047     
  2.009007559783660E-002  2.960816297912750E-002  0.000000000000000E+000
  -1.82916561689353       1.071262025631141E-002  8.899675198891200E-003
  0.000000000000000E+000  1.961229545520261E-002   1.00012389635436     
  0.197024729387834       0.164539487349676       0.000000000000000E+000
   4.34748169138583     
  2.235822310174784E-002  3.142202494474521E-002  0.000000000000000E+000
  -1.82505144652873       1.063452685032485E-002  8.448716072524723E-003
  0.000000000000000E+000  1.908324292284957E-002   1.00011534876880     
  0.195761643409694       0.156160108281925       0.000000000000000E+000
   4.29471638388536     
  2.475097164205420E-002  3.331006025542243E-002  0.000000000000000E+000
  -1.80373364464435       1.056174178252602E-002  8.056663581360164E-003
  0.000000000000000E+000  1.861840536388619E-002   1.00011006817968     
  0.194545033069439       0.148932568656793       0.000000000000000E+000
   4.24890060334603     
  2.732553371060575E-002  3.520789227439446E-002  0.000000000000000E+000
  -1.80864326549454       1.050693999168511E-002  7.681274136705203E-003
  0.000000000000000E+000  1.818821412839031E-002   1.00010063110950     
  0.193594788996252       0.142003316961268       0.000000000000000E+000
   4.20639454243458     
  3.004143949855176E-002  3.717698010381925E-002  0.000000000000000E+000
  -1.78380396863736       1.043036694437776E-002  7.346168642441507E-003
  0.000000000000000E+000  1.777653558681927E-002   1.00009667704410     
  0.192240089049180       0.135806938639540       0.000000000000000E+000
   4.16516812400679     
  3.294506594798641E-002  3.916321447822407E-002  0.000000000000000E+000
  -1.78668213265678       1.033198801978951E-002  6.985587947745619E-003
  0.000000000000000E+000  1.731757596753513E-002   1.00008845997992     
  0.190387850518733       0.129236717205557       0.000000000000000E+000
   4.11842401397734     
  3.601062444512038E-002  4.121202403846924E-002  0.000000000000000E+000
  -1.75796357380955       1.014220306946557E-002  6.622943468153201E-003
  0.000000000000000E+000  1.676514653761877E-002   1.00008606654953     
  0.186843859915240       0.122593988147114       0.000000000000000E+000
   4.05850471948016     
  3.926803159936587E-002  4.329038172008163E-002  0.000000000000000E+000
  -1.77391173301999       9.885749343261278E-003  6.204406618903069E-003
  0.000000000000000E+000  1.609015596216435E-002   1.00007562724502     
  0.182058833496111       0.114956601583032       0.000000000000000E+000
   3.98365160873088     
  4.271133564957319E-002  4.541642506618195E-002  0.000000000000000E+000
  -1.76194523552203       9.546217022820604E-003  5.797434729001628E-003
  0.000000000000000E+000  1.534365175182223E-002   1.00007145151961     
  0.175747895680822       0.107437021907042       0.000000000000000E+000
   3.89589464093942     
  4.634900923004337E-002  4.758970502284576E-002  0.000000000000000E+000
  -1.79640416046914       9.199019194113008E-003  5.373372863241639E-003
  0.000000000000000E+000  1.457239205735465E-002   1.00005618753536     
  0.169366108256077       9.957386967062647E-002  0.000000000000000E+000
   3.80469183591517     
  5.019957705178091E-002  4.978897567330897E-002  0.000000000000000E+000
  -1.76263329201902       8.919575872887392E-003  5.048323822962789E-003
  0.000000000000000E+000  1.396789969585018E-002   1.00005150468383     
  0.164272268367840       9.333251589889972E-002  0.000000000000000E+000
   3.73031787746469     
  5.424543798258119E-002  5.205884839569135E-002  0.000000000000000E+000
  -1.77205246681615       8.745053356213209E-003  4.762332862414500E-003
  0.000000000000000E+000  1.350738621862771E-002   1.00004283922849     
  0.161067616099858       8.802854127390458E-002  0.000000000000000E+000
   3.67671953263725     
  5.853393950429830E-002  5.432546487184164E-002  0.000000000000000E+000
  -1.75623445997303       8.618573589079897E-003  4.511822755344306E-003
  0.000000000000000E+000  1.313039634442420E-002   1.00003898545820     
  0.158777000316242       8.331290474747349E-002  0.000000000000000E+000
   3.63383304500743     
  6.303378546849947E-002  5.665943247869770E-002  0.000000000000000E+000
  -1.72520854855475       8.547967622170038E-003  4.341926909934958E-003
  0.000000000000000E+000  1.288989453210500E-002   1.00003776844186     
  0.157453257944183       8.007299623264957E-002  0.000000000000000E+000
   3.60605784326474     
  6.777483346542001E-002  5.901812249001626E-002  0.000000000000000E+000
  -1.76393862491864       8.460575186188118E-003  4.128307733155839E-003
  0.000000000000000E+000  1.258888291934396E-002   1.00002542760609     
  0.155797738642711       7.624502664086540E-002  0.000000000000000E+000
   3.57337573299013     
  7.276120658495611E-002  6.140479821277849E-002  0.000000000000000E+000
  -1.72981797950661       8.293338600808726E-003  3.922188835733566E-003
  0.000000000000000E+000  1.221552743654229E-002   1.00002554898647     
  0.152661959696009       7.242587098209932E-002  0.000000000000000E+000
   3.52629961795227     
  7.798701025703636E-002  6.384746541023499E-002  0.000000000000000E+000
  -1.74327275937571       8.091734464010207E-003  3.680776480255876E-003
  0.000000000000000E+000  1.177251094426608E-002   1.00001697080482     
  0.148938818877664       6.803596373317181E-002  0.000000000000000E+000
   3.47143601448639     
  8.348794497692369E-002  6.628226949861310E-002  0.000000000000000E+000
  -1.75087862701776       7.859866780885925E-003  3.426874878136965E-003
  0.000000000000000E+000  1.128674165902289E-002   1.00001232401796     
  0.144715082949901       6.334760349456198E-002  0.000000000000000E+000
   3.41009638332517     
  8.924823926579473E-002  6.875664231184767E-002  0.000000000000000E+000
  -1.71227617690079       7.671344648810236E-003  3.248247628999008E-003
  0.000000000000000E+000  1.091959227780924E-002   1.00001326884738     
  0.141231650949493       5.995152774122973E-002  0.000000000000000E+000
   3.36016206634121     
  9.527434682424984E-002  7.127233162980089E-002  0.000000000000000E+000
  -1.74131275168611       7.520000342864596E-003  3.048470345155532E-003
  0.000000000000000E+000  1.056847068802013E-002   1.00000068724550     
  0.138483920279403       5.632365200887586E-002  0.000000000000000E+000
   3.31744112364152     
  0.101599264593903       7.376136354798155E-002  0.000000000000000E+000
  -1.73653680096163       7.381417700068711E-003  2.859246735465734E-003
  0.000000000000000E+000  1.024066443553445E-002  0.999998095754645     
  0.136016507465350       5.279608271675253E-002  0.000000000000000E+000
   3.27801225919329     
  0.108204996297669       7.628031738371406E-002  0.000000000000000E+000
  -1.69512759664417       7.328287489618854E-003  2.747564208800698E-003
  0.000000000000000E+000  1.007585169841955E-002  0.999999561509302     
  0.135056265992514       5.065016852575210E-002  0.000000000000000E+000
   3.25916895949855     
  0.115100104736922       7.882225996758153E-002  0.000000000000000E+000
  -1.71985610829529       7.295559880776908E-003  2.614820993886036E-003
  0.000000000000000E+000  9.910380874662944E-003  0.999988171956695     
  0.134497551817723       4.828013214457168E-002  0.000000000000000E+000
   3.24474192800171     
  0.122308329775291       8.133309909903598E-002  0.000000000000000E+000
  -1.72551860211752       7.170540768205273E-003  2.445066542440318E-003
  0.000000000000000E+000  9.615607310645591E-003  0.999983413297196     
  0.132259799593189       4.523945693787539E-002  0.000000000000000E+000
   3.21020583547494     
  0.129822623133641       8.384109486352034E-002  0.000000000000000E+000
  -1.69776849512073       6.988709866760368E-003  2.286139477597747E-003
  0.000000000000000E+000  9.274849344358115E-003  0.999984945585691     
  0.128948343505569       4.232216747073630E-002  0.000000000000000E+000
   3.16370403080742     
  0.137645784603659       8.634902896078354E-002  0.000000000000000E+000
  -1.68983181937460       6.806173408012735E-003  2.131852526000508E-003
  0.000000000000000E+000  8.938025934013244E-003  0.999979656882007     
  0.125633175022115       3.948309356442774E-002  0.000000000000000E+000
   3.11707593740727     
  0.145786304884145       8.883978467035318E-002  0.000000000000000E+000
  -1.70849502018677       6.605873511537723E-003  1.956998575200600E-003
  0.000000000000000E+000  8.562872086738322E-003  0.999968934432188     
  0.122028516546181       3.630750385991557E-002  0.000000000000000E+000
   3.06608763794966     
  0.154258741196403       9.126835667997982E-002  0.000000000000000E+000
  -1.70560339951908       6.401911678677027E-003  1.791167047821425E-003
  0.000000000000000E+000  8.193078726498453E-003  0.999965161155342     
  0.118365501148474       3.323895072401112E-002  0.000000000000000E+000
   3.01420977757404     
  0.163053473889887       9.366936243119689E-002  0.000000000000000E+000
  -1.67860484670041       6.258294089693180E-003  1.664809874702549E-003
  0.000000000000000E+000  7.923103964395729E-003  0.999965066017388     
  0.115788705928460       3.086686559731798E-002  0.000000000000000E+000
   2.97666730459319     
  0.172173982757404       9.603247564546623E-002  0.000000000000000E+000
  -1.66792328413931       6.169775866981711E-003  1.554739114672297E-003
  0.000000000000000E+000  7.724514981654008E-003  0.999959530508540     
  0.114225751507288       2.883653866464515E-002  0.000000000000000E+000
   2.95237498947138     
  0.181622700146665       9.834694345664204E-002  0.000000000000000E+000
  -1.67823592415084       6.064111003833664E-003  1.430333993098319E-003
  0.000000000000000E+000  7.494444996931983E-003  0.999950772402679     
  0.112359744380461       2.658424371441713E-002  0.000000000000000E+000
   2.92406783019149     
  0.191408481281785       0.100566920969150       0.000000000000000E+000
  -1.67734314092013       5.893431439952780E-003  1.291588904680334E-003
  0.000000000000000E+000  7.185020344633114E-003  0.999946626401365     
  0.109290384278420       2.406726504787025E-002  0.000000000000000E+000
   2.88004525350476     
  0.201524401703617       0.102706535324255       0.000000000000000E+000
  -1.65256038448342       5.687962592315666E-003  1.161825131575758E-003
  0.000000000000000E+000  6.849787723891424E-003  0.999946277845876     
  0.105559111213138       2.167284117468257E-002  0.000000000000000E+000
   2.82722718232008     
  0.211966985743580       0.104764294601578       0.000000000000000E+000
  -1.64027379889262       5.489445023593076E-003  1.041447269604778E-003
  0.000000000000000E+000  6.530892293197854E-003  0.999942116908147     
  0.101947989551753       1.944430365857711E-002  0.000000000000000E+000
   2.77556938804174     
  0.222733822737104       0.106728384602269       0.000000000000000E+000
  -1.63123463126408       5.293876015676222E-003  9.264607115001128E-004
  0.000000000000000E+000  6.220336727176335E-003  0.999937515027882     
  9.838469867367114E-002  1.731899182111100E-002  0.000000000000000E+000
   2.72403209900390     
  0.233821110527380       0.108586896539823       0.000000000000000E+000
  -1.62306722229641       5.094471596079000E-003  8.156647243069788E-004
  0.000000000000000E+000  5.910136320385979E-003  0.999931939052812     
  9.474253660210888E-002  1.527126011050552E-002  0.000000000000000E+000
   2.67078844502364     
  0.245223715027843       0.110327156937690       0.000000000000000E+000
  -1.62799874633583       4.860511258768439E-003  6.981406074945809E-004
  0.000000000000000E+000  5.558651866263020E-003  0.999924681218413     
  9.045161025527690E-002  1.312461568941556E-002  0.000000000000000E+000
   2.60738909463514     
  0.256938939632838       0.111904976619564       0.000000000000000E+000
  -1.60981850340590       4.573660242062261E-003  5.817510413543678E-004
  0.000000000000000E+000  5.155411283416629E-003  0.999924008425919     
  8.516620945707984E-002  1.097546122507816E-002  0.000000000000000E+000
   2.52810674558883     
  0.268953043206634       0.113343420909289       0.000000000000000E+000
  -1.57480513900146       4.278074539550891E-003  4.799894190186694E-004
  0.000000000000000E+000  4.758063958569560E-003  0.999925655183089     
  7.970150004786036E-002  9.072911773920538E-003  0.000000000000000E+000
   2.44405103670078     
  0.281256350040147       0.114631332684262       0.000000000000000E+000
  -1.55565821996947       3.990698040889251E-003  3.875377533484087E-004
  0.000000000000000E+000  4.378235794237659E-003  0.999923062609401     
  7.437784606345477E-002  7.353476305922712E-003  0.000000000000000E+000
   2.35963993181645     
  0.293837661680303       0.115758004221215       0.000000000000000E+000
  -1.53359999735835       3.696961800570622E-003  3.029751237997522E-004
  0.000000000000000E+000  3.999936924370374E-003  0.999921086161195     
  6.892453137969665E-002  5.779539509139102E-003  0.000000000000000E+000
   2.27029825024938     
  0.306684271886264       0.116713296861924       0.000000000000000E+000
  -1.50955741343455       3.396376865346443E-003  2.266863736430575E-004
  0.000000000000000E+000  3.623063238989501E-003  0.999919538205208     
  6.333347482946709E-002  4.359029738467120E-003  0.000000000000000E+000
   2.17525112673486     
  0.319781997853375       0.117487759464701       0.000000000000000E+000
  -1.48368906887276       3.087646969651436E-003  1.590191036045934E-004
  0.000000000000000E+000  3.246666073256029E-003  0.999918309840621     
  5.758222710499929E-002  3.098792934210952E-003  0.000000000000000E+000
   2.07328540013360     
  0.333115228139865       0.118072743118733       0.000000000000000E+000
  -1.45798872631394       2.768267576460996E-003  1.003361882311213E-004
  0.000000000000000E+000  2.868603764692117E-003  0.999917191417576     
  5.162466502366884E-002  2.008105204062483E-003  0.000000000000000E+000
   1.96239600347836     
  0.346666987346685       0.118460509682972       0.000000000000000E+000
  -1.43157333732870       2.437877802274023E-003  5.117837747335198E-005
  0.000000000000000E+000  2.489056179747374E-003  0.999916144792503     
  4.545602185366079E-002  1.094153198097128E-003  0.000000000000000E+000
   1.84083407048893     
  0.360419017220480       0.118644331852680       0.000000000000000E+000
  -1.41041528699907       2.108066432963416E-003  1.072480687771094E-005
  0.000000000000000E+000  2.118791239841127E-003  0.999914438550148     
  3.929424483544254E-002  3.350251940598890E-004  0.000000000000000E+000
   1.71101584937529     
  0.374351657536118       0.118599735812830       0.000000000000000E+000
  -1.37845930220851       1.816146217024720E-003 -1.958532129522416E-005
  0.000000000000000E+000  1.835731538319944E-003  0.999914909960120     
  3.383745664519008E-002 -2.642863786513470E-004  0.000000000000000E+000
   1.58738320945840     
  0.388443975093159       0.118340734081514       0.000000000000000E+000
  -1.33201912937761       1.614487841353084E-003 -4.118503718577402E-005
  0.000000000000000E+000  1.655672878538858E-003  0.999917952952076     
  3.006241729688770E-002 -7.099027144391919E-004  0.000000000000000E+000
   1.49596714972533     
  0.402674927308451       0.117876042855627       0.000000000000000E+000
  -1.27772930956189       1.510643274093578E-003 -5.758121078542455E-005
  0.000000000000000E+000  1.568224484879003E-003  0.999922810160392     
  2.811139148247400E-002 -1.049949590547127E-003  0.000000000000000E+000
   1.44649948846416     
  0.417024826793957       0.117250480630193       0.000000000000000E+000
  -1.21761770330636       1.479453832725443E-003 -7.135427952980534E-005
  0.000000000000000E+000  1.550808112255248E-003  0.999929438101461     
  2.751643193549453E-002 -1.326993755761217E-003  0.000000000000000E+000
   1.43110750233906     
  0.431473419276523       0.116486438727998       0.000000000000000E+000
  -1.16638536031678       1.489582215964095E-003 -8.529402121181755E-005
  0.000000000000000E+000  1.574876237175913E-003  0.999935185152099     
  2.769152463194462E-002 -1.592930742232831E-003  0.000000000000000E+000
   1.43569115232136     
  0.445999530522357       0.115590841704079       0.000000000000000E+000
  -1.12278475331982       1.518485971812578E-003 -1.001643289417582E-004
  0.000000000000000E+000  1.618650300754336E-003  0.999939910236877     
  2.821458797636341E-002 -1.875478167884648E-003  0.000000000000000E+000
   1.44925111163878     
  0.460581378532824       0.114565942490363       0.000000000000000E+000
  -1.08333866427006       1.561245937543251E-003 -1.163471063993862E-004
  0.000000000000000E+000  1.677593043942637E-003  0.999944210217810     
  2.899323283005349E-002 -2.178367590534069E-003  0.000000000000000E+000
   1.46918289808309     
  0.475196894420534       0.113414659712623       0.000000000000000E+000
  -1.04603883949949       1.606932820884682E-003 -1.332668472869606E-004
  0.000000000000000E+000  1.740199668171643E-003  0.999948481077088     
  2.982424989759681E-002 -2.489853465509031E-003  0.000000000000000E+000
   1.49015918293029     
  0.489823853955360       0.112140551511644       0.000000000000000E+000
  -1.01032553546406       1.646686345442525E-003 -1.501637748486443E-004
  0.000000000000000E+000  1.796850120291169E-003  0.999952832552679     
  3.054328608039123E-002 -2.798709985198493E-003  0.000000000000000E+000
   1.50809510391755     
  0.504440010627111       0.110747783062385       0.000000000000000E+000
 -0.975857619758472       1.679076147455804E-003 -1.667263476782483E-004
  0.000000000000000E+000  1.845802495134053E-003  0.999957272629079     
  3.112396072123924E-002 -3.101650792403623E-003  0.000000000000000E+000
   1.52246030619852     
  0.519023228609707       0.109241088340407       0.000000000000000E+000
 -0.942453207930157       1.705351016993441E-003 -1.828901536153600E-004
  0.000000000000000E+000  1.888241170608801E-003  0.999961825234216     
  3.158969116756162E-002 -3.396967210299797E-003  0.000000000000000E+000
   1.53392016718916     
  0.533551614012321       0.107625726758251       0.000000000000000E+000
 -0.909810553909438       1.725739900499440E-003 -1.985194808281871E-004
  0.000000000000000E+000  1.924259381327627E-003  0.999966487332498     
  3.194501420384887E-002 -3.681522804206917E-003  0.000000000000000E+000
   1.54264476117781     
  0.548003642835214       0.105907435350924       0.000000000000000E+000
 -0.878968077395029       1.738521245770177E-003 -2.134265387807429E-004
  0.000000000000000E+000  1.951947784550920E-003  0.999971026731017     
  3.215782500099140E-002 -3.951618314468929E-003  0.000000000000000E+000
   1.54790035350753     
  0.562357914367911       0.104089548332321       0.000000000000000E+000
 -0.849752538750408       1.743996394110522E-003 -2.277595970791919E-004
  0.000000000000000E+000  1.971755991189714E-003  0.999975510641541     
  3.223279365836108E-002 -4.211464352676766E-003  0.000000000000000E+000
   1.54982894557810     
  0.576593301183164       0.102174001558003       0.000000000000000E+000
 -0.818915216600772       1.747160799249690E-003 -2.414089831171155E-004
  0.000000000000000E+000  1.988569782366806E-003  0.999980401365127     
  3.226396580132285E-002 -4.460347692095645E-003  0.000000000000000E+000
   1.55071190453435     
  0.590691007540851       0.100175015366927       0.000000000000000E+000
 -0.787891038815587       1.752881502451735E-003 -2.547338514806863E-004
  0.000000000000000E+000  2.007615353932421E-003  0.999985390349353     
  3.234250144304819E-002 -4.704051664792525E-003  0.000000000000000E+000
   1.55274194921728     
  0.604632152620243       9.809968326704964E-002  0.000000000000000E+000
 -0.758609374452817       1.761939312938261E-003 -2.683586309111221E-004
  0.000000000000000E+000  2.030297943849383E-003  0.999990163540303     
  3.248197110570389E-002 -4.951943660892253E-003  0.000000000000000E+000
   1.55623226578943     
  0.618398767356870       9.595530459748400E-002  0.000000000000000E+000
 -0.730409865048159       1.770746585070679E-003 -2.817747968430650E-004
  0.000000000000000E+000  2.052521381913744E-003  0.999994804324989     
  3.261630245070157E-002 -5.194098616988119E-003  0.000000000000000E+000
   1.55959155308662     
  0.631973875204954       9.374932557357482E-002  0.000000000000000E+000
 -0.702745329593199       1.777227697489043E-003 -2.946258042624231E-004
  0.000000000000000E+000  2.071853501751466E-003  0.999999382425176     
  3.270718201960959E-002 -5.425307068591596E-003  0.000000000000000E+000
   1.56190979458864     
  0.645341561711325       9.148928086499748E-002  0.000000000000000E+000
 -0.675466004390046       1.782038148382381E-003 -3.069721404922566E-004
  0.000000000000000E+000  2.089010288874637E-003   1.00000391783212     
  3.276676667253936E-002 -5.647195196332628E-003  0.000000000000000E+000
   1.56348212982614     
  0.658487032460470       8.918273632689959E-002  0.000000000000000E+000
 -0.648715979440567       1.786052828652107E-003 -3.189325665458468E-004
  0.000000000000000E+000  2.104985395197954E-003   1.00000838970779     
  3.281129997440785E-002 -5.861866423708560E-003  0.000000000000000E+000
   1.56469654654760     
  0.671396659147174       8.683723345429874E-002  0.000000000000000E+000
 -0.621948226855466       1.791160223414105E-003 -3.308697540550250E-004
  0.000000000000000E+000  2.122029977469130E-003   1.00001285986880     
  3.287548624085371E-002 -6.075737790289473E-003  0.000000000000000E+000
   1.56637896698197     
  0.684057926817920       8.445978176828073E-002  0.000000000000000E+000
 -0.598475791219926       1.792817053990189E-003 -3.429219766152627E-004
  0.000000000000000E+000  2.135739030605452E-003   1.00001677561569     
  3.287309267555534E-002 -6.287845393143608E-003  0.000000000000000E+000
   1.56645699965578     
  0.696457009756855       8.204455059641663E-002  0.000000000000000E+000
 -0.574400939425004       1.787176840043785E-003 -3.532295625595010E-004
  0.000000000000000E+000  2.140406402603286E-003   1.00002086361674     
  3.273657491093314E-002 -6.469264002350863E-003  0.000000000000000E+000
   1.56334342409254     
  0.708586470077838       7.961241839177066E-002  0.000000000000000E+000
 -0.547517887021513       1.783109342933013E-003 -3.624721256843807E-004
  0.000000000000000E+000  2.145581468617394E-003   1.00002546103793     
  3.263193832112802E-002 -6.634747253700642E-003  0.000000000000000E+000
   1.56100100858399     
  0.720437589293776       7.717038565345311E-002  0.000000000000000E+000
 -0.522536197789805       1.783768863899522E-003 -3.723372483818514E-004
  0.000000000000000E+000  2.156106112281374E-003   1.00002970067714     
  3.261417767196462E-002 -6.809798036766349E-003  0.000000000000000E+000
   1.56072037642742     
  0.732002874789943       7.472519948394538E-002  0.000000000000000E+000
 -0.498430427939866       1.785686436973919E-003 -3.821581687892568E-004
  0.000000000000000E+000  2.167844605763175E-003   1.00003377767283     
  3.261950362288635E-002 -6.983665639962839E-003  0.000000000000000E+000
   1.56098543572983     
  0.743276039700671       7.228331675834701E-002  0.000000000000000E+000
 -0.474542371703819       1.790576211680644E-003 -3.925032276120737E-004
  0.000000000000000E+000  2.183079439292718E-003   1.00003779618197     
  3.267862356023703E-002 -7.166780776748891E-003  0.000000000000000E+000
   1.56253381632796     
  0.754251516276834       6.984883772104880E-002  0.000000000000000E+000
 -0.454686969886779       1.793141725076018E-003 -4.033168348887966E-004
  0.000000000000000E+000  2.196458559964814E-003   1.00004110471723     
  3.269140678414528E-002 -7.353538244861088E-003  0.000000000000000E+000
   1.56294953164546     
  0.764922479079319       6.741537439328085E-002  0.000000000000000E+000
 -0.433932649001008       1.789001480510183E-003 -4.121245512284134E-004
  0.000000000000000E+000  2.201126031738596E-003   1.00004459863483     
  3.258246280307860E-002 -7.505712268284372E-003  0.000000000000000E+000
   1.56046181263169     
  0.775289286491162       6.500305435059497E-002  0.000000000000000E+000
 -0.410479399244878       1.786574847309652E-003 -4.197113394984093E-004
  0.000000000000000E+000  2.206286186808061E-003   1.00004854597586     
  3.250971485199933E-002 -7.639837817011542E-003  0.000000000000000E+000
   1.55885562769954     
  0.785350147713937       6.261697999386603E-002  0.000000000000000E+000
 -0.388382928440251       1.791030376976085E-003 -4.285974187464004E-004
  0.000000000000000E+000  2.219627795722485E-003   1.00005221607681     
  3.256307930610238E-002 -7.796397026033664E-003  0.000000000000000E+000
   1.56026206469600     
  0.795104265278641       6.026184502753028E-002  0.000000000000000E+000
 -0.370062165576201       1.795987364291680E-003 -4.384243542582016E-004
  0.000000000000000E+000  2.234411718549882E-003   1.00005521386942     
  3.262210058306636E-002 -7.966304477899477E-003  0.000000000000000E+000
   1.56178372824904     
  0.804549046001778       5.793099190110072E-002  0.000000000000000E+000
 -0.354701611023302       1.791159864877711E-003 -4.461884471114062E-004
  0.000000000000000E+000  2.237348311989117E-003   1.00005769263069     
  3.250253595107894E-002 -8.092649102228677E-003  0.000000000000000E+000
   1.55899003347929     
  0.813686640280770       5.563348310234283E-002  0.000000000000000E+000
 -0.336513669747092       1.778595657351917E-003 -4.505074244815542E-004
  0.000000000000000E+000  2.229103081833471E-003   1.00006065333640     
  3.224687240521593E-002 -8.163721399484656E-003  0.000000000000000E+000
   1.55295105769140     
  0.822520515931278       5.337940905212880E-002  0.000000000000000E+000
 -0.315389574497658       1.774200542735855E-003 -4.558538199951547E-004
  0.000000000000000E+000  2.230054362731010E-003   1.00006410974372     
  3.214169210401165E-002 -8.260384185336573E-003  0.000000000000000E+000
   1.55055763027757     
  0.831053279521718       5.117184391432711E-002  0.000000000000000E+000
 -0.299377700687501       1.773688078440414E-003 -4.636770824230198E-004
  0.000000000000000E+000  2.237365160863434E-003   1.00006668123964     
  3.210219949033284E-002 -8.390706058777297E-003  0.000000000000000E+000
   1.54968470951767     
  0.839284046798224       4.899781436490785E-002  0.000000000000000E+000
 -0.285611076362557       1.762473123853815E-003 -4.685114877245903E-004
  0.000000000000000E+000  2.230984611578405E-003   1.00006888714333     
  3.186930327530078E-002 -8.465872617636414E-003  0.000000000000000E+000
   1.54411925030199     
  0.847220555042184       4.687458431648927E-002  0.000000000000000E+000
 -0.265893427402489       1.751909281601809E-003 -4.712978104725540E-004
  0.000000000000000E+000  2.223207092074363E-003   1.00007212043327     
  3.165565997471288E-002 -8.514031904535728E-003  0.000000000000000E+000
   1.53905130763869     
  0.854867769317858       4.480585355348144E-002  0.000000000000000E+000
 -0.250050958867405       1.745733032235991E-003 -4.761499112668132E-004
  0.000000000000000E+000  2.221882943502804E-003   1.00007465613013     
  3.151825436792161E-002 -8.593074556463076E-003  0.000000000000000E+000
   1.53578768502553     
  0.862227574961843       4.278197553576788E-002  0.000000000000000E+000
 -0.237710277887118       1.735657037210904E-003 -4.803264676547530E-004
  0.000000000000000E+000  2.215983504865657E-003   1.00007659341272     
  3.130789518949274E-002 -8.659564059685470E-003  0.000000000000000E+000
   1.53072958935758     
  0.869306984750208       4.081036494176526E-002  0.000000000000000E+000
 -0.220629980926788       1.730911058193151E-003 -4.841658830952011E-004
  0.000000000000000E+000  2.215076941288352E-003   1.00007935791134     
  3.119972019045659E-002 -8.728846801866929E-003  0.000000000000000E+000
   1.52820367142116     
  0.876113524273209       3.889811052339501E-002  0.000000000000000E+000
 -0.207245906684648       1.730682611792238E-003 -4.899332856743965E-004
  0.000000000000000E+000  2.220615897466634E-003   1.00008146944856     
  3.117178577571662E-002 -8.824160439235640E-003  0.000000000000000E+000
   1.52758773184168     
  0.882649869949307       3.703368575641169E-002  0.000000000000000E+000
 -0.197973603037781       1.720808380306440E-003 -4.932630167244666E-004
  0.000000000000000E+000  2.214071397030907E-003   1.00008286252893     
  3.096993937411868E-002 -8.868579627689898E-003  0.000000000000000E+000
   1.52264858850198     
  0.888924831087416       3.522611387352755E-002  0.000000000000000E+000
 -0.182395012282313       1.706701659056992E-003 -4.933878486411683E-004
  0.000000000000000E+000  2.200089507698160E-003   1.00008533792931     
  3.069856832001210E-002 -8.866665354358021E-003  0.000000000000000E+000
   1.51603885798250     
  0.894946141762811       3.347918774144930E-002  0.000000000000000E+000
 -0.169856814337891       1.694299339185243E-003 -4.954249277598882E-004
  0.000000000000000E+000  2.189724266945131E-003   1.00008729359277     
  3.045151848605589E-002 -8.894845843774733E-003  0.000000000000000E+000
   1.50998717358349     
  0.900716477088310       3.177866893172925E-002  0.000000000000000E+000
 -0.158541852873896       1.677162288569314E-003 -4.955434964499652E-004
  0.000000000000000E+000  2.172705785019279E-003   1.00008905061012     
  3.012187030455474E-002 -8.886813063872043E-003  0.000000000000000E+000
   1.50182437414921     
  0.906247468045366       3.014017748049783E-002  0.000000000000000E+000
 -0.145686299098543       1.657653283210372E-003 -4.936612810225049E-004
  0.000000000000000E+000  2.151314564232877E-003   1.00009107269018     
  2.975509135954962E-002 -8.847616722845113E-003  0.000000000000000E+000
   1.49271244931657     
  0.911543655973359       2.855457872398600E-002  0.000000000000000E+000
 -0.136389892514899       1.639509451079087E-003 -4.929818706091793E-004
  0.000000000000000E+000  2.132491321688267E-003   1.00009250148381     
  2.940819313233979E-002 -8.829495186445277E-003  0.000000000000000E+000
   1.48404357417540     
  0.916612892154485       2.702366676737863E-002  0.000000000000000E+000
 -0.124244182763505       1.625601753320028E-003 -4.923485628160425E-004
  0.000000000000000E+000  2.117950316136070E-003   1.00009441200211     
  2.914175564561514E-002 -8.818032169823881E-003  0.000000000000000E+000
   1.47739375186303     
  0.921463494423029       2.555029530093469E-002  0.000000000000000E+000
 -0.114223861838127       1.613354246002119E-003 -4.928889551919762E-004
  0.000000000000000E+000  2.106243201194095E-003   1.00009595139889     
  2.890421754461067E-002 -8.818150905663621E-003  0.000000000000000E+000
   1.47138607440442     
  0.926100214920753       2.412556976570594E-002  0.000000000000000E+000
 -0.103676222684271       1.597815920822886E-003 -4.915789453472442E-004
  0.000000000000000E+000  2.089394866170130E-003   1.00009756709213     
  2.861094815368849E-002 -8.787610499640913E-003  0.000000000000000E+000
   1.46392800579827     
  0.930533728209394       2.275982291870194E-002  0.000000000000000E+000
 -9.464809929659168E-002  1.579163156621309E-003 -4.895109225060725E-004
  0.000000000000000E+000  2.068674079127382E-003   1.00009892091335     
  2.826198904936886E-002 -8.740472090694437E-003  0.000000000000000E+000
   1.45498452182996     
  0.934767263589124       2.143929465905546E-002  0.000000000000000E+000
 -8.574706704143864E-002  1.554700523242425E-003 -4.853986735241825E-004
  0.000000000000000E+000  2.040099196766607E-003   1.00010024077729     
  2.781002588305258E-002 -8.655501746405198E-003  0.000000000000000E+000
   1.44328728956456     
  0.938811787298329       2.017532686980616E-002  0.000000000000000E+000
 -7.634762628708813E-002  1.525747888182290E-003 -4.792521442780476E-004
  0.000000000000000E+000  2.005000032460337E-003   1.00010161644663     
  2.728074460860780E-002 -8.536787890125519E-003  0.000000000000000E+000
   1.42949110698998     
  0.942671223445317       1.895684736696353E-002  0.000000000000000E+000
 -6.833579311592075E-002  1.495657347412875E-003 -4.727986909163538E-004
  0.000000000000000E+000  1.968456038329229E-003   1.00010272437642     
  2.672913799555341E-002 -8.415931268265819E-003  0.000000000000000E+000
   1.41498509035722     
  0.946355060862811       1.779083441290907E-002  0.000000000000000E+000
 -6.020399512044605E-002  1.466747157193730E-003 -4.662925239608200E-004
  0.000000000000000E+000  1.933039681154550E-003   1.00010381407235     
  2.620031097445571E-002 -8.296859317402330E-003  0.000000000000000E+000
   1.40096133814431     
  0.949867926602981       1.666915774305359E-002  0.000000000000000E+000
 -5.280994437453046E-002  1.440089627562287E-003 -4.603928406585238E-004
  0.000000000000000E+000  1.900482468220811E-003   1.00010474829621     
  2.571178709119345E-002 -8.188606745032313E-003  0.000000000000000E+000
   1.38787262979728     
  0.953218437815019       1.559667123856959E-002  0.000000000000000E+000
 -4.547718149456159E-002  1.415679477352614E-003 -4.549826530263395E-004
  0.000000000000000E+000  1.870662130378953E-003   1.00010565171139     
  2.526444958396815E-002 -8.090245723091027E-003  0.000000000000000E+000
   1.37579361991059     
  0.956411300581948       1.456637329918481E-002  0.000000000000000E+000
 -3.822928666363623E-002  1.394522798805640E-003 -4.503962621710552E-004
  0.000000000000000E+000  1.844919060976695E-003   1.00010651133303     
  2.487530884110881E-002 -8.008481109074397E-003  0.000000000000000E+000
   1.36521036358192     
  0.959454686078606       1.358253981383462E-002  0.000000000000000E+000
 -3.132261172368089E-002  1.377082708241122E-003 -4.469444815266928E-004
  0.000000000000000E+000  1.824027189767815E-003   1.00010730249413     
  2.455279958947262E-002 -7.947613023988189E-003  0.000000000000000E+000
   1.35639786400474     
  0.962352958592379       1.263811973746066E-002  0.000000000000000E+000
 -2.431961721754305E-002  1.364219400648414E-003 -4.446874541559015E-004
  0.000000000000000E+000  1.808906854804316E-003   1.00010808184750     
  2.431198958330762E-002 -7.911219951333412E-003  0.000000000000000E+000
   1.34981259973718     
  0.965114107571897       1.173776400680617E-002  0.000000000000000E+000
 -1.748382217692779E-002  1.356545431238982E-003 -4.441852995157773E-004
  0.000000000000000E+000  1.800730730754760E-003   1.00010885335347     
  2.416368255924561E-002 -7.905757319061461E-003  0.000000000000000E+000
   1.34578035687186     
  0.967741912691418       1.087372884708337E-002  0.000000000000000E+000
 -1.048374728270574E-002  1.353560741644191E-003 -4.450528414307296E-004
  0.000000000000000E+000  1.798613583074920E-003   1.00010967899526     
  2.409930912551012E-002 -7.924595253565580E-003  0.000000000000000E+000
   1.34406415491503     
  0.970244136213279       1.005098553011847E-002  0.000000000000000E+000
 -3.792152559526585E-003  1.353708388003808E-003 -4.467815994445888E-004
  0.000000000000000E+000  1.800489987448397E-003   1.00011047293243     
  2.409292592702394E-002 -7.956141503635789E-003  0.000000000000000E+000
   1.34394714726113     
  0.972624391238569       9.262435230447409E-003  0.000000000000000E+000
  2.027941618280238E-003  1.355243937621495E-003 -4.491346353992150E-004
  0.000000000000000E+000  1.804378573020710E-003   1.00011112751649     
  2.411038484297184E-002 -7.996884264363249E-003  0.000000000000000E+000
   1.34446964580904     
  0.974889567082758       8.511464795911611E-003  0.000000000000000E+000
  8.242768254149269E-003  1.359066700859978E-003 -4.517475410440487E-004
  0.000000000000000E+000  1.810814241904027E-003   1.00011179893885     
  2.416979649859884E-002 -8.048119366464056E-003  0.000000000000000E+000
   1.34621411384801     
  0.977043743041470       7.793543921573009E-003  0.000000000000000E+000
  1.339280798561049E-002  1.366497647781370E-003 -4.559215430495177E-004
  0.000000000000000E+000  1.822419190830888E-003   1.00011226533872     
  2.429103679753435E-002 -8.126819672162005E-003  0.000000000000000E+000
   1.34967227886813     
  0.979092499624146       7.109213951586838E-003  0.000000000000000E+000
  1.929238146135503E-002  1.379052606365607E-003 -4.613362562331716E-004
  0.000000000000000E+000  1.840388862598779E-003   1.00011279314805     
  2.450353101299169E-002 -8.235631932890428E-003  0.000000000000000E+000
   1.35571698153692     
  0.981040412003663       6.456571309978007E-003  0.000000000000000E+000
  2.416931694165214E-002  1.399115333317794E-003 -4.696279344980351E-004
  0.000000000000000E+000  1.868743267815829E-003   1.00011312943578     
  2.484636003395219E-002 -8.398181114415287E-003  0.000000000000000E+000
   1.36534879130204     
  0.982891947157505       5.833935565282952E-003  0.000000000000000E+000
  3.008381183849451E-002  1.429918331410175E-003 -4.811388368586676E-004
  0.000000000000000E+000  1.911057168268842E-003   1.00011364648802     
  2.537735256784036E-002 -8.632335129683736E-003  0.000000000000000E+000
   1.38015900292971     
  0.984651967760095       5.241361940622983E-003  0.000000000000000E+000
  3.538350930193701E-002  1.476260670536903E-003 -4.982224844892743E-004
  0.000000000000000E+000  1.974483155026178E-003   1.00011413624702     
  2.617848961236837E-002 -8.977369838749211E-003  0.000000000000000E+000
   1.40217542706493     
  0.986324073484050       4.675688102940933E-003  0.000000000000000E+000
  4.108137362322850E-002  1.542876643217963E-003 -5.219506101137804E-004
  0.000000000000000E+000  2.064827253331744E-003   1.00011474082827     
  2.733420715510160E-002 -9.459164249488616E-003  0.000000000000000E+000
   1.43331993279983     
  0.987913151962970       4.138102405654422E-003  0.000000000000000E+000
  4.612519738498122E-002  1.635166480380057E-003 -5.545746882544204E-004
  0.000000000000000E+000  2.189741168634477E-003   1.00011524474302     
  2.893851825629688E-002 -1.011763152495833E-002  0.000000000000000E+000
   1.47542876282320     
  0.989422284346865       3.624972708483789E-003  0.000000000000000E+000
  5.074418653748580E-002  1.757508558355363E-003 -5.976288583682634E-004
  0.000000000000000E+000  2.355137416723626E-003   1.00011570550258     
  3.106821867530124E-002 -1.097949095677720E-002  0.000000000000000E+000
   1.52946405277599     
  0.990855986116638       3.137404434411224E-003  0.000000000000000E+000
  5.524612920544314E-002  1.915525045453162E-003 -6.525693223101688E-004
  0.000000000000000E+000  2.568094367763331E-003   1.00011620486009     
  3.382284734410543E-002 -1.208197918850131E-002  0.000000000000000E+000
   1.59665480925701     
  0.992217346477003       2.672802303082331E-003  0.000000000000000E+000
  5.936033345437863E-002  2.116046438164763E-003 -7.225000601285308E-004
  0.000000000000000E+000  2.838546498293294E-003   1.00011671456021     
  3.731744132416745E-002 -1.348209777729737E-002  0.000000000000000E+000
   1.67801411815112     
  0.993510174322061       2.231164727309214E-003  0.000000000000000E+000
  6.391721314525967E-002  2.368996913820644E-003 -8.103548645496012E-004
  0.000000000000000E+000  3.179351778370245E-003   1.00011717826571     
  4.172370694524730E-002 -1.525461824830285E-002  0.000000000000000E+000
   1.77539778773029     
  0.994737525725376       1.810755225233402E-003  0.000000000000000E+000
  6.891706132387299E-002  2.691207548307720E-003 -9.222941096944143E-004
  0.000000000000000E+000  3.613501658002134E-003   1.00011744632785     
  4.732788921099856E-002 -1.753596867099833E-002  0.000000000000000E+000
   1.89220999392962     
  0.995902771433444       1.411209649882540E-003  0.000000000000000E+000
  6.831383367875787E-002  3.095258776924424E-003 -1.062672810367083E-003
  0.000000000000000E+000  4.157931587291507E-003   1.00011745305021     
  5.436407617476392E-002 -2.037180228748330E-002  0.000000000000000E+000
   2.02921578405309     
  0.997008737262081       1.031015434896345E-003  0.000000000000000E+000
  5.983053435443253E-002  3.571237354812549E-003 -1.228283647607991E-003
  0.000000000000000E+000  4.799521002420540E-003   1.00011748467701     
  6.268470656227790E-002 -2.361806687738229E-002  0.000000000000000E+000
   2.17951410747394     
  0.998058487802895       6.697802340236996E-004  0.000000000000000E+000
  5.140213534241411E-002  4.089303325607030E-003 -1.408384896921045E-003
  0.000000000000000E+000  5.497688222528076E-003   1.00011811519200     
  7.179030251674717E-002 -2.700928202046928E-002  0.000000000000000E+000
   2.33207562391516     
  0.999054695653817       3.263822780710836E-004  0.000000000000000E+000
  2.936230497016368E-002  4.605692954432737E-003 -1.588885133740719E-003
  0.000000000000000E+000  6.194578088173456E-003   1.00011840749219     
  8.092395694256993E-002 -3.022192678013005E-002  0.000000000000000E+000
   2.47464017361277     
   1.00000000000000      -1.665324653670056E-017  0.000000000000000E+000
  0.130029266525526       5.288680163774599E-003 -9.352593581031830E-004
  0.000000000000000E+000  6.223939521877782E-003   1.00013690148370     
  9.325246305154083E-002 -4.825064155984281E-002  0.000000000000000E+000
   2.79568685568672     
