 variables = "X","Y","Z","Cp","Cfx","Cfy","Cfz","Cf","T","u","v","w","yplus"
 zone i=         151
   1.00000000000000       1.665324653670056E-017  0.000000000000000E+000
  0.144804415650697       8.549665912667729E-003 -2.340097060984458E-004
  0.000000000000000E+000  8.783675618766175E-003   1.00019030873542     
  0.161664204363386      -2.974750740191951E-002  0.000000000000000E+000
   3.53335658139929     
  0.999001425599671       5.447267690042997E-005  0.000000000000000E+000
  0.135709419606656       8.049056026929667E-003 -4.384378209599797E-004
  0.000000000000000E+000  8.487493847889648E-003   1.00020073605719     
  0.150815156408725      -5.851819455548013E-003  0.000000000000000E+000
   3.36167679815891     
  0.997949997818270       1.116616879644300E-004  0.000000000000000E+000
  0.146195326746920       7.575727817403529E-003 -4.113662474489592E-004
  0.000000000000000E+000  7.987094064852488E-003   1.00020082374739     
  0.141930147826018      -5.804618310006072E-003  0.000000000000000E+000
   3.26131454208961     
  0.996843037128316       1.716701774105140E-004  0.000000000000000E+000
  0.153775690036809       7.176862495384883E-003 -3.886035701259665E-004
  0.000000000000000E+000  7.565466065510850E-003   1.00020072108930     
  0.134442432808962      -5.776207403024409E-003  0.000000000000000E+000
   3.17428265287867     
  0.995677746198344       2.346938777538863E-004  0.000000000000000E+000
  0.161128730280097       6.844730339028557E-003 -3.695240457404547E-004
  0.000000000000000E+000  7.214254384769012E-003   1.00020070582119     
  0.128208604226529      -5.733122142074405E-003  0.000000000000000E+000
   3.09995915110788     
  0.994451193364049       3.007928008083059E-004  0.000000000000000E+000
  0.167804274127775       6.569125319261086E-003 -3.533829299401931E-004
  0.000000000000000E+000  6.922508249201278E-003   1.00020067548262     
  0.123036460431806      -5.684916741732866E-003  0.000000000000000E+000
   3.03691450642100     
  0.993160320569400       3.701124539357903E-004  0.000000000000000E+000
  0.173985060785753       6.342517426228340E-003 -3.400492366851424E-004
  0.000000000000000E+000  6.682566662913482E-003   1.00020068911712     
  0.118783971631026      -5.644135250527084E-003  0.000000000000000E+000
   2.98408562970634     
  0.991801936040528       4.428260084685768E-004  0.000000000000000E+000
  0.179698359361737       6.159646089866978E-003 -3.290013887422300E-004
  0.000000000000000E+000  6.488647478609208E-003   1.00020080105598     
  0.115352026897119      -5.616368989172086E-003  0.000000000000000E+000
   2.94076807497593     
  0.990372703239448       5.189985854962523E-004  0.000000000000000E+000
  0.183884379476922       6.018056888193572E-003 -3.201299006752235E-004
  0.000000000000000E+000  6.338186788868795E-003   1.00020092502321     
  0.112694387101197      -5.604454705143324E-003  0.000000000000000E+000
   2.90679204360513     
  0.988869149734546       5.988289370959963E-004  0.000000000000000E+000
  0.187059308165544       5.913825936808127E-003 -3.133543007005174E-004
  0.000000000000000E+000  6.227180237508644E-003   1.00020110153129     
  0.110737673096154      -5.603016224005377E-003  0.000000000000000E+000
   2.88153054740927     
  0.987287653567351       6.824581442352054E-004  0.000000000000000E+000
  0.189347041775591       5.841436786337374E-003 -3.080273580292995E-004
  0.000000000000000E+000  6.149464144366673E-003   1.00020118849055     
  0.109378924369612      -5.600233562264606E-003  0.000000000000000E+000
   2.86386661984106     
  0.985624436699843       7.699165229630898E-004  0.000000000000000E+000
  0.191641800493926       5.794345186702804E-003 -3.042892907615696E-004
  0.000000000000000E+000  6.098634477464374E-003   1.00020129759813     
  0.108495148057588      -5.597941304719111E-003  0.000000000000000E+000
   2.85232395783564     
  0.983875589210279       8.616377525778661E-004  0.000000000000000E+000
  0.192943638607858       5.765680725253291E-003 -3.010902849828400E-004
  0.000000000000000E+000  6.066771010236131E-003   1.00020118117308     
  0.107958053912522      -5.583500247258349E-003  0.000000000000000E+000
   2.84529182687476     
  0.982037001885699       9.572376115019621E-004  0.000000000000000E+000
  0.195360537271654       5.748234972644368E-003 -2.988524803564857E-004
  0.000000000000000E+000  6.047087453000854E-003   1.00020104037018     
  0.107632001613769      -5.560811274119264E-003  0.000000000000000E+000
   2.84101151536625     
  0.980104478202655       1.057699935824212E-003  0.000000000000000E+000
  0.198224946085929       5.735209663142397E-003 -2.962658771894278E-004
  0.000000000000000E+000  6.031475540331824E-003   1.00020096660950     
  0.107389953895840      -5.520002174395832E-003  0.000000000000000E+000
   2.83782823614035     
  0.978073553669464       1.161948348956863E-003  0.000000000000000E+000
  0.201162885035274       5.723850446469814E-003 -2.938059293814050E-004
  0.000000000000000E+000  6.017656375851219E-003   1.00020113192316     
  0.107179187666979      -5.477427499962899E-003  0.000000000000000E+000
   2.83505092143949     
  0.975939733923639       1.271478426898274E-003  0.000000000000000E+000
  0.204307268171533       5.712953233394572E-003 -2.915185368389821E-004
  0.000000000000000E+000  6.004471770233554E-003   1.00020143580012     
  0.106977102846470      -5.436099768220338E-003  0.000000000000000E+000
   2.83238548462815     
  0.973698227034776       1.385180156087390E-003  0.000000000000000E+000
  0.206933172618164       5.702574561353835E-003 -2.888628073495729E-004
  0.000000000000000E+000  5.991437368703408E-003   1.00020172236208     
  0.106784973946198      -5.389348340365743E-003  0.000000000000000E+000
   2.82984942221356     
  0.971344194597081       1.504258504303337E-003  0.000000000000000E+000
  0.209960070705847       5.691808682076080E-003 -2.864370409539052E-004
  0.000000000000000E+000  5.978245723029985E-003   1.00020214714294     
  0.106585645950592      -5.342056136178438E-003  0.000000000000000E+000
   2.82721323390435     
  0.968872537262536       1.628001624485897E-003  0.000000000000000E+000
  0.212251553305350       5.679961227403442E-003 -2.834920141592788E-004
  0.000000000000000E+000  5.963453241562721E-003   1.00020248917162     
  0.106366378207324      -5.287005786262898E-003  0.000000000000000E+000
   2.82431054666258     
  0.966278062333970       1.757096938973359E-003  0.000000000000000E+000
  0.214941611973018       5.667198184761514E-003 -2.807379905801272E-004
  0.000000000000000E+000  5.947936175341641E-003   1.00020294372509     
  0.106129809437805      -5.234467450322007E-003  0.000000000000000E+000
   2.82117479986634     
  0.963555373647426       1.891373763395130E-003  0.000000000000000E+000
  0.217325991920461       5.653069312391904E-003 -2.774660227174917E-004
  0.000000000000000E+000  5.930535335109396E-003   1.00020333617430     
  0.105868073956797      -5.172307006007623E-003  0.000000000000000E+000
   2.81770079732326     
  0.960698927782761       2.030904889090778E-003  0.000000000000000E+000
  0.219972066403216       5.637993614826943E-003 -2.743201532169153E-004
  0.000000000000000E+000  5.912313768043858E-003   1.00020379135347     
  0.105588333935284      -5.114622008881192E-003  0.000000000000000E+000
   2.81398423296688     
  0.957703044267799       2.176098169407578E-003  0.000000000000000E+000
  0.221808528232714       5.623965072697778E-003 -2.708413725646289E-004
  0.000000000000000E+000  5.894806445262408E-003   1.00020413975635     
  0.105328408502507      -5.054147174371303E-003  0.000000000000000E+000
   2.81052932809522     
  0.954561846157195       2.326415247496387E-003  0.000000000000000E+000
  0.224074643530912       5.611881720828668E-003 -2.675118216930131E-004
  0.000000000000000E+000  5.879393542521680E-003   1.00020453465262     
  0.105104932357651      -4.994478705388446E-003  0.000000000000000E+000
   2.80755596073024     
  0.951269384357213       2.482757904136671E-003  0.000000000000000E+000
  0.226203151137042       5.600917502579572E-003 -2.639639988011390E-004
  0.000000000000000E+000  5.864881501380711E-003   1.00020488751531     
  0.104902692508726      -4.930516560715351E-003  0.000000000000000E+000
   2.80486380154083     
  0.947819482538107       2.644120805717701E-003  0.000000000000000E+000
  0.228529110556565       5.590918391900375E-003 -2.603529246037662E-004
  0.000000000000000E+000  5.851271316504141E-003   1.00020526706064     
  0.104718630609037      -4.864433066468716E-003  0.000000000000000E+000
   2.80241171214164     
  0.944205942257812       2.811651156899837E-003  0.000000000000000E+000
  0.231055074855931       5.581483615115687E-003 -2.566556663557344E-004
  0.000000000000000E+000  5.838139281471421E-003   1.00020568016430     
  0.104545252632669      -4.796658296116045E-003  0.000000000000000E+000
   2.80010121934851     
  0.940422342196095       2.984205242399509E-003  0.000000000000000E+000
  0.233454954944591       5.572944669876259E-003 -2.526858506066045E-004
  0.000000000000000E+000  5.825630520482863E-003   1.00020605799388     
  0.104388878604997      -4.723981715042753E-003  0.000000000000000E+000
   2.79801677496393     
  0.936462258150449       3.162718150678633E-003  0.000000000000000E+000
  0.236571102202106       5.563696405427870E-003 -2.487733496885632E-004
  0.000000000000000E+000  5.812469755116434E-003   1.00020653557585     
  0.104219293537503      -4.648781658413951E-003  0.000000000000000E+000
   2.79575230554099     
  0.932319101600151       3.346467535361265E-003  0.000000000000000E+000
  0.239080353065901       5.552082064337785E-003 -2.442037033703820E-004
  0.000000000000000E+000  5.796285767708167E-003   1.00020688290703     
  0.104005799583219      -4.561710637627475E-003  0.000000000000000E+000
   2.79289675330858     
  0.927986251584928       3.535462227755561E-003  0.000000000000000E+000
  0.242552193963775       5.536560471252225E-003 -2.397978168867910E-004
  0.000000000000000E+000  5.776358288139016E-003   1.00020740015700     
  0.103718912864000      -4.474847135452743E-003  0.000000000000000E+000
   2.78905072211544     
  0.923457056336885       3.730240913818279E-003  0.000000000000000E+000
  0.244650765366259       5.517480271068947E-003 -2.344280887313723E-004
  0.000000000000000E+000  5.751908359800319E-003   1.00020767089939     
  0.103365871008292      -4.372917710826760E-003  0.000000000000000E+000
   2.78431010924189     
  0.918724734063985       3.928866629792209E-003  0.000000000000000E+000
  0.248329381221765       5.497213689707902E-003 -2.296230818237702E-004
  0.000000000000000E+000  5.726836771531672E-003   1.00020819669954     
  0.102989978792032      -4.282713558762934E-003  0.000000000000000E+000
   2.77925445664370     
  0.913782702004972       4.134308086652536E-003  0.000000000000000E+000
  0.251181126689062       5.477299564799331E-003 -2.237381481136128E-004
  0.000000000000000E+000  5.701037712912944E-003   1.00020858377392     
  0.102621402054703      -4.175325343011163E-003  0.000000000000000E+000
   2.77429039048179     
  0.908624062312831       4.341309162270438E-003  0.000000000000000E+000
  0.253897135842863       5.459738983130658E-003 -2.178506944021255E-004
  0.000000000000000E+000  5.677589677532784E-003   1.00020893396088     
  0.102296889971532      -4.067828594167329E-003  0.000000000000000E+000
   2.76991357610041     
  0.903242385263693       4.554834075679027E-003  0.000000000000000E+000
  0.258290567930089       5.441208123687455E-003 -2.124922608997724E-004
  0.000000000000000E+000  5.653700384587227E-003   1.00020958369468     
  0.101953939914673      -3.964763916436083E-003  0.000000000000000E+000
   2.76527826518228     
  0.897630946103148       4.770477692087010E-003  0.000000000000000E+000
  0.260741727708364       5.420308737506385E-003 -2.057245460225184E-004
  0.000000000000000E+000  5.626033283528903E-003   1.00020989764618     
  0.101567359664830      -3.838133502007580E-003  0.000000000000000E+000
   2.76004277340574     
  0.891783373400719       4.989646083122509E-003  0.000000000000000E+000
  0.265797202232307       5.399505165780144E-003 -2.003297053817547E-004
  0.000000000000000E+000  5.599834871161898E-003   1.00021069328809     
  0.101181410179359      -3.739587400780856E-003  0.000000000000000E+000
   2.75480853204734     
  0.885693421287334       5.213290243712273E-003  0.000000000000000E+000
  0.268663261178972       5.383630064043580E-003 -1.932372713782586E-004
  0.000000000000000E+000  5.576867335421839E-003   1.00021111938343     
  0.100888855865210      -3.613845037348850E-003  0.000000000000000E+000
   2.75083883435935     
  0.879354799790459       5.435549238576376E-003  0.000000000000000E+000
  0.271511516201599       5.375465776352817E-003 -1.863934443769405E-004
  0.000000000000000E+000  5.561859220729757E-003   1.00021148957571     
  0.100740819817497      -3.488929031954096E-003  0.000000000000000E+000
   2.74883377157841     
  0.872761850024891       5.661595916410732E-003  0.000000000000000E+000
  0.277027558234522       5.364024049840686E-003 -1.805803647001842E-004
  0.000000000000000E+000  5.544604414540870E-003   1.00021231668004     
  0.100530799697035      -3.374162915231231E-003  0.000000000000000E+000
   2.74597809541924     
  0.865908887614107       5.888050303986711E-003  0.000000000000000E+000
  0.279519472924221       5.345228962977347E-003 -1.724542871768318E-004
  0.000000000000000E+000  5.517683250154178E-003   1.00021261402055     
  0.100183965725760      -3.219722989506506E-003  0.000000000000000E+000
   2.74124806331018     
  0.858790596690845       6.112150921137999E-003  0.000000000000000E+000
  0.282770108409750       5.326559275187119E-003 -1.650497475955696E-004
  0.000000000000000E+000  5.491609022782688E-003   1.00021303056103     
  9.983875424180905E-002 -3.082199416721168E-003  0.000000000000000E+000
   2.73653402653065     
  0.851402232938537       6.337426796155764E-003  0.000000000000000E+000
  0.288049363237633       5.305180498515799E-003 -1.578560477867067E-004
  0.000000000000000E+000  5.463036546302505E-003   1.00021380102239     
  9.944250691907255E-002 -2.944837418065886E-003  0.000000000000000E+000
   2.73111015590995     
  0.843739242234269       6.559807874772471E-003  0.000000000000000E+000
  0.291031997147684       5.280914658880936E-003 -1.486894397350816E-004
  0.000000000000000E+000  5.429604098616017E-003   1.00021416253497     
  9.899281755494657E-002 -2.774204716121750E-003  0.000000000000000E+000
   2.72493940033759     
  0.835797614343686       6.776554441764220E-003  0.000000000000000E+000
  0.294335598457337       5.260317589998002E-003 -1.403471470515758E-004
  0.000000000000000E+000  5.400664737049578E-003   1.00021457520395     
  9.861124327791446E-002 -2.620340953798584E-003  0.000000000000000E+000
   2.71969455325885     
  0.827574033874230       6.990933322577417E-003  0.000000000000000E+000
  0.300205525098590       5.239768899388936E-003 -1.329264706311472E-004
  0.000000000000000E+000  5.372695370020083E-003   1.00021547605562     
  9.822994224793058E-002 -2.481012605521818E-003  0.000000000000000E+000
   2.71444298258368     
  0.819065622350018       7.200829533666883E-003  0.000000000000000E+000
  0.303464671800384       5.221056907319955E-003 -1.231012675627409E-004
  0.000000000000000E+000  5.344158174882696E-003   1.00021592888352     
  9.788374787252652E-002 -2.300808763877280E-003  0.000000000000000E+000
   2.70966499444746     
  0.810270040767068       7.398615321999188E-003  0.000000000000000E+000
  0.306340467230484       5.210372782721912E-003 -1.133614791591901E-004
  0.000000000000000E+000  5.323734261881102E-003   1.00021626469775     
  9.768778480443130E-002 -2.121379922201274E-003  0.000000000000000E+000
   2.70695977725940     
  0.801185958372473       7.589628713596443E-003  0.000000000000000E+000
  0.311694753302845       5.199349058547072E-003 -1.053525886093389E-004
  0.000000000000000E+000  5.304701647156411E-003   1.00021702517594     
  9.748454840445892E-002 -1.968454271405231E-003  0.000000000000000E+000
   2.70414988154161     
  0.791812627973472       7.772394067772765E-003  0.000000000000000E+000
  0.316418886723341       5.179830422037452E-003 -9.607218657608325E-005
  0.000000000000000E+000  5.275902608613535E-003   1.00021767718174     
  9.712205567854090E-002 -1.790877426238884E-003  0.000000000000000E+000
   2.69912244275355     
  0.782150065254686       7.942422822669317E-003  0.000000000000000E+000
  0.319352356854779       5.157222255605204E-003 -8.509820821626741E-005
  0.000000000000000E+000  5.242320463821472E-003   1.00021800307464     
  9.670156557129791E-002 -1.586151453536079E-003  0.000000000000000E+000
   2.69327551136474     
  0.772199185767239       8.095718475719276E-003  0.000000000000000E+000
  0.322560047328125       5.138626531093589E-003 -7.466262067153905E-005
  0.000000000000000E+000  5.213289151765128E-003   1.00021839355326     
  9.635566817306071E-002 -1.392657029986250E-003  0.000000000000000E+000
   2.68845565453273     
  0.761961923922881       8.235501917519613E-003  0.000000000000000E+000
  0.327326057279834       5.120585595152997E-003 -6.526470137599158E-005
  0.000000000000000E+000  5.185850296528989E-003   1.00021907923235     
  9.601947295434871E-002 -1.215314306002874E-003  0.000000000000000E+000
   2.68376109226896     
  0.751441078648974       8.360036325710233E-003  0.000000000000000E+000
  0.332575573873555       5.098888877664366E-003 -5.555290011533222E-005
  0.000000000000000E+000  5.154441777779698E-003   1.00021990280231     
  9.561426251331671E-002 -1.032685962133436E-003  0.000000000000000E+000
   2.67808951357961     
  0.740640446574066       8.467539394565621E-003  0.000000000000000E+000
  0.336072904850653       5.079385606128240E-003 -4.400973510940600E-005
  0.000000000000000E+000  5.123395341237646E-003   1.00022046717986     
  9.524974097887201E-002 -8.190312101599909E-004  0.000000000000000E+000
   2.67297079338946     
  0.729564815658738       8.549226778783900E-003  0.000000000000000E+000
  0.338929870476477       5.066667741124303E-003 -3.221442688134696E-005
  0.000000000000000E+000  5.098882168005650E-003   1.00022094611694     
  9.501183203835983E-002 -5.999865906442308E-004  0.000000000000000E+000
   2.66961807579596     
  0.718220157151689       8.609815858319162E-003  0.000000000000000E+000
  0.343327455303324       5.055375262951955E-003 -2.183244926134097E-005
  0.000000000000000E+000  5.077207712213296E-003   1.00022171746720     
  9.479971545056742E-002 -4.045706996470088E-004  0.000000000000000E+000
   2.66661969601371     
  0.706613454876314       8.648074977020741E-003  0.000000000000000E+000
  0.347399835335182       5.041125712755177E-003 -1.134868654318360E-005
  0.000000000000000E+000  5.052474399298361E-003   1.00022242690279     
  9.453094408425480E-002 -2.069529664030800E-004  0.000000000000000E+000
   2.66280855235987     
  0.694752788406665       8.662372544331720E-003  0.000000000000000E+000
  0.351778916515968       5.025593283646675E-003 -7.036220976161558E-007
  0.000000000000000E+000  5.026296905744291E-003   1.00022319438670     
  9.423677298553720E-002 -7.394565692426689E-006  0.000000000000000E+000
   2.65862074594490     
  0.682647343539202       8.651157664054129E-003  0.000000000000000E+000
  0.356251478312743       5.011872098204182E-003  1.061276698524134E-005
  0.000000000000000E+000  5.022484865189423E-003   1.00022398884194     
  9.397538389492872E-002  2.030250182648022E-004  0.000000000000000E+000
   2.65487903849534     
  0.670307422204054       8.610315629881678E-003  0.000000000000000E+000
  0.359371128770135       5.003580402827079E-003  2.271391923433080E-005
  0.000000000000000E+000  5.026294322061409E-003   1.00022455728850     
  9.381467661840952E-002  4.274854945731548E-004  0.000000000000000E+000
   2.65254653842011     
  0.657744432187388       8.537819516044324E-003  0.000000000000000E+000
  0.362491669334304       5.000761380583246E-003  3.430778926594505E-005
  0.000000000000000E+000  5.035069169849191E-003   1.00022513892260     
  9.375564499997985E-002  6.437648209146407E-004  0.000000000000000E+000
   2.65164380340518     
  0.644970813927204       8.436245338104848E-003  0.000000000000000E+000
  0.366522431532076       4.998913357547043E-003  4.521353626647657E-005
  0.000000000000000E+000  5.044126893813519E-003   1.00022589277186     
  9.371391094464573E-002  8.485279862406490E-004  0.000000000000000E+000
   2.65097884818892     
  0.632000051176599       8.304733450058579E-003  0.000000000000000E+000
  0.370362158140097       4.995840017582588E-003  5.610411903690383E-005
  0.000000000000000E+000  5.051944136619492E-003   1.00022661799098     
  9.364812786271828E-002  1.052919372894159E-003  0.000000000000000E+000
   2.64996444727620     
  0.618846621299056       8.142643113908310E-003  0.000000000000000E+000
  0.374219228652464       4.992528266266037E-003  6.693687201012735E-005
  0.000000000000000E+000  5.059465138276164E-003   1.00022734996190     
  9.357676961638794E-002  1.255806455941890E-003  0.000000000000000E+000
   2.64886114306925     
  0.605525942452643       7.949576021555563E-003  0.000000000000000E+000
  0.378210805050003       4.989572924671934E-003  7.766864853462478E-005
  0.000000000000000E+000  5.067241573206559E-003   1.00022810596577     
  9.351095911558560E-002  1.456670063927305E-003  0.000000000000000E+000
   2.64782579457913     
  0.592054310759683       7.725396929789890E-003  0.000000000000000E+000
  0.382439450546826       4.987053290193653E-003  8.837140044587211E-005
  0.000000000000000E+000  5.075424690639525E-003   1.00022890429114     
  9.345209400504711E-002  1.656641784850496E-003  0.000000000000000E+000
   2.64687713151632     
  0.578448841139469       7.469587338919363E-003  0.000000000000000E+000
  0.385695474451268       4.986591246319026E-003  9.952908678944576E-005
  0.000000000000000E+000  5.086120333108472E-003   1.00022952763635     
  9.343021560619112E-002  1.864532507377889E-003  0.000000000000000E+000
   2.64643726250042     
  0.564727426131715       7.179798545920949E-003  0.000000000000000E+000
  0.389117209958158       4.989844791318785E-003  1.102928179543611E-004
  0.000000000000000E+000  5.100137609273146E-003   1.00023016023488     
  9.347648845140616E-002  2.064899115026320E-003  0.000000000000000E+000
   2.64694564146296     
  0.550908452145140       6.860707846468249E-003  0.000000000000000E+000
  0.393476514532949       4.995668788418415E-003  1.200859726759569E-004
  0.000000000000000E+000  5.115754761094372E-003   1.00023094103614     
  9.356909739219600E-002  2.247311127342825E-003  0.000000000000000E+000
   2.64808427943189     
  0.537010910895377       6.513416561857800E-003  0.000000000000000E+000
  0.397506188270199       5.003154235882090E-003  1.295522028083986E-004
  0.000000000000000E+000  5.132706438690488E-003   1.00023163744195     
  9.369066473620230E-002  2.423556234113817E-003  0.000000000000000E+000
   2.64960373398182     
  0.523054228165777       6.139328491792367E-003  0.000000000000000E+000
  0.401644927114603       5.012862640750139E-003  1.386549522511091E-004
  0.000000000000000E+000  5.151517593001248E-003   1.00023231048233     
  9.385235480061122E-002  2.592685644528971E-003  0.000000000000000E+000
   2.65166944758469     
  0.509058155752480       5.740143054580419E-003  0.000000000000000E+000
  0.405868418547016       5.025349619517143E-003  1.473600652448591E-004
  0.000000000000000E+000  5.172709684762002E-003   1.00023294672008     
  9.406485671692351E-002  2.754059040314119E-003  0.000000000000000E+000
   2.65443403411924     
  0.495042659692362       5.317842972884984E-003  0.000000000000000E+000
  0.410212178283246       5.041290801516852E-003  1.556402764916013E-004
  0.000000000000000E+000  5.196931078008453E-003   1.00023354766300     
  9.434083645318937E-002  2.907142003824366E-003  0.000000000000000E+000
   2.65807303346338     
  0.481027806142041       4.874676585191666E-003  0.000000000000000E+000
  0.414781260132486       5.061306228774266E-003  1.634695819531724E-004
  0.000000000000000E+000  5.224775810727438E-003   1.00023411392224     
  9.469191398595958E-002  3.051485658656141E-003  0.000000000000000E+000
   2.66274558122409     
  0.467033646316841       4.413134998349662E-003  0.000000000000000E+000
  0.419781296596057       5.084857619477466E-003  1.708169094793277E-004
  0.000000000000000E+000  5.255674528956793E-003   1.00023466215004     
  9.510740716556278E-002  3.187140674494537E-003  0.000000000000000E+000
   2.66828777926323     
  0.453080108148714       3.935745123473622E-003  0.000000000000000E+000
  0.424791847303368       5.109158250448700E-003  1.777728375953982E-004
  0.000000000000000E+000  5.286931088044098E-003   1.00023516019932     
  9.553382769101440E-002  3.316717379524037E-003  0.000000000000000E+000
   2.67392824091737     
  0.439186917314490       3.444124449314979E-003  0.000000000000000E+000
  0.430604815277320       5.129719360766716E-003  1.836817919601988E-004
  0.000000000000000E+000  5.313401152726914E-003   1.00023576021798     
  9.588784573585565E-002  3.428443142423615E-003  0.000000000000000E+000
   2.67850689402709     
  0.425373323286012       2.943537917647252E-003  0.000000000000000E+000
  0.438791216924074       5.142302524764659E-003  1.880666852485432E-004
  0.000000000000000E+000  5.330369210013203E-003   1.00023680279632     
  9.609171973008479E-002  3.512603796223199E-003  0.000000000000000E+000
   2.68096162763371     
  0.411658191042757       2.437221773305309E-003  0.000000000000000E+000
  0.448973181844622       5.144594537979720E-003  1.934863475202168E-004
  0.000000000000000E+000  5.338080885499937E-003   1.00023827954207     
  9.609914711797196E-002  3.616144994727532E-003  0.000000000000000E+000
   2.68063335697559     
  0.398060300010423       1.916233981970908E-003  0.000000000000000E+000
  0.459432250426516       5.131902266593353E-003  2.056556795349180E-004
  0.000000000000000E+000  5.337557946128271E-003   1.00023984841163     
  9.581241452799191E-002  3.847595543202794E-003  0.000000000000000E+000
   2.67607963501730     
  0.384598635456386       1.352902573853140E-003  0.000000000000000E+000
  0.466966634915707       5.099223273872305E-003  2.263585810699375E-004
  0.000000000000000E+000  5.325581854942242E-003   1.00024094411620     
  9.513147874517763E-002  4.238525679399405E-003  0.000000000000000E+000
   2.66581911116679     
  0.371291267288200       7.281164213263902E-004  0.000000000000000E+000
  0.470658438905502       5.054255659563450E-003  2.506361151003396E-004
  0.000000000000000E+000  5.304891774663790E-003   1.00024141692986     
  9.420619201219851E-002  4.689110275829132E-003  0.000000000000000E+000
   2.65193858871524     
  0.358154780898738       4.178473641569574E-005  0.000000000000000E+000
  0.475544547836080       5.012433805182845E-003  2.743785759695802E-004
  0.000000000000000E+000  5.286812381152426E-003   1.00024226621793     
  9.333281538648318E-002  5.123378945936525E-003  0.000000000000000E+000
   2.63864510583527     
  0.345204555188213      -6.996594131643285E-004  0.000000000000000E+000
  0.479800220664174       4.983855097187509E-003  2.986844732685290E-004
  0.000000000000000E+000  5.282539570456038E-003   1.00024321304422     
  9.269731682333665E-002  5.564882164300860E-003  0.000000000000000E+000
   2.62856786743364     
  0.332455505085775      -1.498146808410845E-003  0.000000000000000E+000
  0.481379196800162       4.970962291753789E-003  3.224602669459544E-004
  0.000000000000000E+000  5.293422558699743E-003   1.00024390869690     
  9.234577294877480E-002  5.995106181326615E-003  0.000000000000000E+000
   2.62238846563627     
  0.319920537181743      -2.339667901782980E-003  0.000000000000000E+000
  0.483863610074650       4.969118016071510E-003  3.433916145582645E-004
  0.000000000000000E+000  5.312509630629775E-003   1.00024499659622     
  9.219645207819678E-002  6.373591963126402E-003  0.000000000000000E+000
   2.61900036728170     
  0.307611656831778      -3.214917519367286E-003  0.000000000000000E+000
  0.486760389470874       4.972617448328020E-003  3.625615870129372E-004
  0.000000000000000E+000  5.335179035340957E-003   1.00024626983523     
  9.214150593505574E-002  6.719280229309977E-003  0.000000000000000E+000
   2.61686862611358     
  0.295539909591286      -4.117285986877651E-003  0.000000000000000E+000
  0.489575376352832       4.979385248391754E-003  3.803620700955753E-004
  0.000000000000000E+000  5.359747318487330E-003   1.00024760949096     
  9.214005368530459E-002  7.038488995819161E-003  0.000000000000000E+000
   2.61538446871350     
  0.283715218424319      -5.040365564571752E-003  0.000000000000000E+000
  0.493369952736657       4.987770491969265E-003  3.967012875105589E-004
  0.000000000000000E+000  5.384471779479824E-003   1.00024919623946     
  9.216072223084046E-002  7.330056598784289E-003  0.000000000000000E+000
   2.61409092729448     
  0.272146384621058      -5.978022424434283E-003  0.000000000000000E+000
  0.496772045522448       4.997286523403869E-003  4.125119283458653E-004
  0.000000000000000E+000  5.409798451749734E-003   1.00025096810633     
  9.219219885496949E-002  7.609890445494471E-003  0.000000000000000E+000
   2.61280919699145     
  0.260841459952367      -6.928699530984975E-003  0.000000000000000E+000
  0.499032120667152       5.010931334871194E-003  4.273587615159805E-004
  0.000000000000000E+000  5.438290096387174E-003   1.00025275546302     
  9.229076336418918E-002  7.868354822268747E-003  0.000000000000000E+000
   2.61233083787261     
  0.249806769810523      -7.883567295849768E-003  0.000000000000000E+000
  0.502205575855896       5.031354014013842E-003  4.397193667475871E-004
  0.000000000000000E+000  5.471073380761429E-003   1.00025488974395     
  9.251031001446572E-002  8.079233244898142E-003  0.000000000000000E+000
   2.61345380751675     
  0.239047492115207      -8.833844321215513E-003  0.000000000000000E+000
  0.505921536176629       5.058740490632915E-003  4.503263430350087E-004
  0.000000000000000E+000  5.509066833667924E-003   1.00025726912399     
  9.285141104840694E-002  8.256872855389286E-003  0.000000000000000E+000
   2.61615845770207     
  0.228568063927081      -9.774779615069130E-003  0.000000000000000E+000
  0.509723587604185       5.092235273825105E-003  4.599886992276768E-004
  0.000000000000000E+000  5.552223973052781E-003   1.00025963432707     
  9.329396241863963E-002  8.416025138800265E-003  0.000000000000000E+000
   2.62011444206606     
  0.218371927887734      -1.070216068614966E-002  0.000000000000000E+000
  0.513074448191901       5.132893504252378E-003  4.691232592579816E-004
  0.000000000000000E+000  5.602016763510360E-003   1.00026224635291     
  9.385496518602710E-002  8.562865468314033E-003  0.000000000000000E+000
   2.62552533724733     
  0.208461650332017      -1.161318441176501E-002  0.000000000000000E+000
  0.516873016077398       5.183277541776836E-003  4.770125194743890E-004
  0.000000000000000E+000  5.660290061251225E-003   1.00026537644569     
  9.458284245269005E-002  8.684232630419259E-003  0.000000000000000E+000
   2.63305812447639     
  0.198838436947398      -1.250075963881363E-002  0.000000000000000E+000
  0.521632455455574       5.242982365471697E-003  4.831270910237052E-004
  0.000000000000000E+000  5.726109456495401E-003   1.00026868024834     
  9.547044365008533E-002  8.772604269075529E-003  0.000000000000000E+000
   2.64259430267894     
  0.189502895766597      -1.336127223884795E-002  0.000000000000000E+000
  0.526093512085708       5.311527522921856E-003  4.884684627394145E-004
  0.000000000000000E+000  5.799995985661270E-003   1.00027184474263     
  9.650246622803241E-002  8.844929636616020E-003  0.000000000000000E+000
   2.65383420516284     
  0.180454910724205      -1.419260156117742E-002  0.000000000000000E+000
  0.531256370046776       5.390218503008750E-003  4.923185003593585E-004
  0.000000000000000E+000  5.882537003368108E-003   1.00027530609634     
  9.770404271178051E-002  8.888079291859925E-003  0.000000000000000E+000
   2.66710326342132     
  0.171693255296651      -1.498933665163374E-002  0.000000000000000E+000
  0.537667485734573       5.477031938115231E-003  4.937461615655544E-004
  0.000000000000000E+000  5.970778099680785E-003   1.00027897807533     
  9.903868919536131E-002  8.888004127346482E-003  0.000000000000000E+000
   2.68187331216133     
  0.163216160245772      -1.574824056262389E-002  0.000000000000000E+000
  0.543860606858516       5.567990291234371E-003  4.939089633880288E-004
  0.000000000000000E+000  6.061899254622399E-003   1.00028232412699     
  0.100424242713334       8.865410947858265E-003  0.000000000000000E+000
   2.69691433364110     
  0.155021505005991      -1.646991939561590E-002  0.000000000000000E+000
  0.547757683274085       5.666199211087119E-003  4.934137186744701E-004
  0.000000000000000E+000  6.159612929761589E-003   1.00028532888135     
  0.101913708118254       8.824951031931056E-003  0.000000000000000E+000
   2.71288616799490     
  0.147106334224531      -1.715296303207054E-002  0.000000000000000E+000
  0.554351344495672       5.775264282759847E-003  4.876375838070460E-004
  0.000000000000000E+000  6.262901866566893E-003   1.00028902689241     
  0.103591106643723       8.689128642265244E-003  0.000000000000000E+000
   2.73105656149378     
  0.139466267089614      -1.778558548152064E-002  0.000000000000000E+000
  0.563802799211999       5.889743871102652E-003  4.794259614287136E-004
  0.000000000000000E+000  6.369169832531366E-003   1.00029297455565     
  0.105337164637511       8.515141827957397E-003  0.000000000000000E+000
   2.74962972088604     
  0.132098175810340      -1.837689199987649E-002  0.000000000000000E+000
  0.570030662834597       6.005582968491035E-003  4.734937273382061E-004
  0.000000000000000E+000  6.479076695829242E-003   1.00029610708222     
  0.107050215657412       8.380110255716172E-003  0.000000000000000E+000
   2.76698892248820     
  0.124997769952504      -1.892872200988259E-002  0.000000000000000E+000
  0.579208013951984       6.114976944397148E-003  4.567392431909528E-004
  0.000000000000000E+000  6.571716187588101E-003   1.00029943713737     
  0.108655080148040       8.058039917955404E-003  0.000000000000000E+000
   2.78281151311963     
  0.118158763957459      -1.942103531766246E-002  0.000000000000000E+000
  0.591157873323255       6.215778807274895E-003  4.349698694984081E-004
  0.000000000000000E+000  6.650748676773304E-003   1.00030280636080     
  0.110081899094304       7.649072396125590E-003  0.000000000000000E+000
   2.79594577911252     
  0.111577324482708      -1.987073175919550E-002  0.000000000000000E+000
  0.598924883048767       6.320820729167570E-003  4.196812248590835E-004
  0.000000000000000E+000  6.740501954026653E-003   1.00030526125168     
  0.111493587217766       7.342971300180925E-003  0.000000000000000E+000
   2.80783130721770     
  0.105248108561165      -2.028128798648830E-002  0.000000000000000E+000
  0.610334297588679       6.424597473349404E-003  3.884658811886301E-004
  0.000000000000000E+000  6.813063354538034E-003   1.00030762153960     
  0.112915473684979       6.763364688160443E-003  0.000000000000000E+000
   2.82006158139908     
  9.916376395001603E-002 -2.062514136152142E-002  0.000000000000000E+000
  0.623415390881064       6.527297616596451E-003  3.533446164857962E-004
  0.000000000000000E+000  6.880642233082246E-003   1.00030937223352     
  0.114280177375545       6.125475646235307E-003  0.000000000000000E+000
   2.83111515128764     
  9.332012723962402E-002 -2.093049604161815E-002  0.000000000000000E+000
  0.633296732135932       6.630768375164721E-003  3.248137062995458E-004
  0.000000000000000E+000  6.955582081464267E-003   1.00030932587579     
  0.115548139721945       5.602571995018056E-003  0.000000000000000E+000
   2.83975024567205     
  8.771055058917909E-002 -2.119011388496281E-002  0.000000000000000E+000
  0.647956583573887       6.715335273233589E-003  2.766522608616923E-004
  0.000000000000000E+000  6.991987534095281E-003   1.00030880326914     
  0.116535506065686       4.748957051964396E-003  0.000000000000000E+000
   2.84545788578411     
  8.232832898163722E-002 -2.138787159074580E-002  0.000000000000000E+000
  0.660963989077800       6.808626702535854E-003  2.320083703710939E-004
  0.000000000000000E+000  7.040635072906948E-003   1.00030759287097     
  0.117582638765016       3.939956962200944E-003  0.000000000000000E+000
   2.85091781064037     
  7.716826630280238E-002 -2.155356702706770E-002  0.000000000000000E+000
  0.674211153823990       6.926193219526994E-003  1.796900633124663E-004
  0.000000000000000E+000  7.105883282839460E-003   1.00030620923088     
  0.119021812001180       2.991491557693800E-003  0.000000000000000E+000
   2.86087572282345     
  7.222301122247532E-002 -2.165524915438587E-002  0.000000000000000E+000
  0.691572184874303       7.051022484035542E-003  1.137286690499854E-004
  0.000000000000000E+000  7.164751153085527E-003   1.00030555873046     
  0.120590347588194       1.853098802551240E-003  0.000000000000000E+000
   2.87255072157457     
  6.748705146715417E-002 -2.171479524477504E-002  0.000000000000000E+000
  0.706852351460839       7.165812836343292E-003  5.708188538074829E-005
  0.000000000000000E+000  7.222894721724040E-003   1.00030345943064     
  0.121816922527964       9.083523505702021E-004  0.000000000000000E+000
   2.87833167902286     
  6.295371259758120E-002 -2.173446819730835E-002  0.000000000000000E+000
  0.730247197817107       7.226199237445675E-003 -2.652504398636813E-005
  0.000000000000000E+000  7.252724281432043E-003   1.00030163589895     
  0.122218631229143      -4.782480259914996E-004  0.000000000000000E+000
   2.87573384315968     
  5.861711578290607E-002 -2.168853676842170E-002  0.000000000000000E+000
  0.753996518075155       7.276049801330866E-003 -1.001400382309964E-004
  0.000000000000000E+000  7.376189839561863E-003   1.00030040573279     
  0.122283135653017      -1.704537197927184E-003  0.000000000000000E+000
   2.86753187122744     
  5.447044604999962E-002 -2.162336907966074E-002  0.000000000000000E+000
  0.779800182881900       7.279674075484555E-003 -1.963287665435454E-004
  0.000000000000000E+000  7.476002842028101E-003   1.00029979089662     
  0.121662665454401      -3.248116534785359E-003  0.000000000000000E+000
   2.85265130447497     
  5.050903214194746E-002 -2.147729249486757E-002  0.000000000000000E+000
  0.808546436596089       7.225458332071514E-003 -2.975678274784956E-004
  0.000000000000000E+000  7.523026159550010E-003   1.00029993128292     
  0.120079106161257      -4.858361717780833E-003  0.000000000000000E+000
   2.82671050987476     
  4.672541388620077E-002 -2.131085761769123E-002  0.000000000000000E+000
  0.837010510192385       7.129179704104188E-003 -3.875029566194976E-004
  0.000000000000000E+000  7.516682660723685E-003   1.00030061034351     
  0.117668580287102      -6.244004892143325E-003  0.000000000000000E+000
   2.78939518980077     
  4.311516124701154E-002 -2.108321818922540E-002  0.000000000000000E+000
  0.871673748101784       6.941218600733759E-003 -4.943683762844381E-004
  0.000000000000000E+000  7.435586977018197E-003   1.00030260145332     
  0.113925196541268      -7.861840343936619E-003  0.000000000000000E+000
   2.73821282016826     
  3.967223005436371E-002 -2.081626001427382E-002  0.000000000000000E+000
  0.907663547482116       6.665360878647689E-003 -5.787159246864598E-004
  0.000000000000000E+000  7.244076803334149E-003   1.00030510632254     
  0.108641990390673      -9.041347025990281E-003  0.000000000000000E+000
   2.66597274845034     
  3.639054179185175E-002 -2.050759722952964E-002  0.000000000000000E+000
  0.948926040973220       6.204657043907682E-003 -6.638604965402408E-004
  0.000000000000000E+000  6.868517540447923E-003   1.00030907119285     
  0.100626754445859      -1.009909670651990E-002  0.000000000000000E+000
   2.56084320680572     
  3.326778181846923E-002 -2.014011535744205E-002  0.000000000000000E+000
  0.989031410638745       5.528557637207617E-003 -6.946105542205012E-004
  0.000000000000000E+000  6.223168191428118E-003   1.00031288762267     
  8.910225331050164E-002 -1.021940163901699E-002  0.000000000000000E+000
   2.40328221729160     
  3.029382127105174E-002 -1.975029503451204E-002  0.000000000000000E+000
   1.03970281007742       4.524406321940779E-003 -6.788928369028057E-004
  0.000000000000000E+000  5.203299158843584E-003   1.00031622675787     
  7.270990855160779E-002 -9.364836454661744E-003  0.000000000000000E+000
   2.16782532874952     
  2.747317396944959E-002 -1.928113185504812E-002  0.000000000000000E+000
   1.07500600401022       3.258208613283216E-003 -5.623566125396258E-004
  0.000000000000000E+000  3.820565225822842E-003   1.00031781914593     
  5.216422076830708E-002 -7.264325355746138E-003  0.000000000000000E+000
   1.83172368399677     
  2.478833495795718E-002 -1.880921559024042E-002  0.000000000000000E+000
   1.05483755741284       1.981371699943204E-003 -4.014968028798389E-004
  0.000000000000000E+000  2.382868502823043E-003   1.00031721339024     
  3.178025055847707E-002 -4.722211908235346E-003  0.000000000000000E+000
   1.42841377278992     
  2.225501326225521E-002 -1.823565211469499E-002  0.000000000000000E+000
   1.02505166088622       9.340161152946019E-004 -2.167684030010387E-004
  0.000000000000000E+000  1.150784518295641E-003   1.00031970684793     
  1.505085128898771E-002 -2.201312973896509E-003  0.000000000000000E+000
  0.980932885154882     
  1.984559696190713E-002 -1.767184233715069E-002  0.000000000000000E+000
   1.08008407466809      -7.214880485433638E-005  1.945897011453928E-005
  0.000000000000000E+000 -9.160777496887566E-005   1.00033552696120     
 -6.497987269488111E-004  2.130961619139768E-003  0.000000000000000E+000
  0.375112263196149     
  1.758713226318775E-002 -1.699731615131953E-002  0.000000000000000E+000
   1.14647008955330      -1.399609645412763E-003  4.316138819251598E-004
  0.000000000000000E+000 -1.831223527337922E-003   1.00035235147819     
 -2.136882874711924E-002  9.198506443767429E-003  0.000000000000000E+000
   1.21250669568663     
  1.544650428983374E-002 -1.632605898462604E-002  0.000000000000000E+000
   1.16760891451918      -3.110738012687714E-003  1.094266589856927E-003
  0.000000000000000E+000 -4.205004602544641E-003   1.00036539746917     
 -4.786548255539003E-002  2.092230194261729E-002  0.000000000000000E+000
   1.81722184099532     
  1.345295496273136E-002 -1.555732975657546E-002  0.000000000000000E+000
   1.25403323712931      -5.353920561121021E-003  2.169411608919158E-003
  0.000000000000000E+000 -7.523332170040179E-003   1.00039213629743     
 -8.301664654001564E-002  3.938083093493548E-002  0.000000000000000E+000
   2.41628452435763     
  1.157947612225185E-002 -1.477144945561017E-002  0.000000000000000E+000
   1.26890575815332      -8.271139586257465E-003  3.822416066289382E-003
  0.000000000000000E+000 -1.209355565254685E-002   1.00040066327641     
 -0.128592290642823       6.819033513895789E-002  0.000000000000000E+000
   3.04800314189428     
  9.848531301419383E-003 -1.390624975671154E-002  0.000000000000000E+000
   1.23397731419414      -1.166830186494920E-002  6.258099462024828E-003
  0.000000000000000E+000 -1.792640132697403E-002   1.00040653482365     
 -0.183357021614907       0.109861288183067       0.000000000000000E+000
   3.71380068469646     
  8.249723698091849E-003 -1.299967384081004E-002  0.000000000000000E+000
   1.23226287508305      -1.552831896577342E-002  9.540891138951128E-003
  0.000000000000000E+000 -2.506921010472454E-002   1.00043032014472     
 -0.245874798204731       0.166470410038177       0.000000000000000E+000
   4.39753223604094     
  6.785477286839425E-003 -1.203901627367612E-002  0.000000000000000E+000
   1.06653489234736      -1.913608121072893E-002  1.383029415583079E-002
  0.000000000000000E+000 -3.296637536655971E-002   1.00043519080417     
 -0.307252121892382       0.241837807343735       0.000000000000000E+000
   5.08782393004998     
  5.478550221508449E-003 -1.101314324896579E-002  0.000000000000000E+000
   1.02942039622349      -2.242295106026924E-002  1.876690068044987E-002
  0.000000000000000E+000 -4.118985174071910E-002   1.00046790134589     
 -0.366014490179978       0.327025834450893       0.000000000000000E+000
   5.73978348036788     
  4.290827434544564E-003 -9.965556159078107E-003  0.000000000000000E+000
  0.738107915994533      -2.362818128579632E-002  2.373772939276772E-002
  0.000000000000000E+000 -4.736591067856404E-002   1.00044118529427     
 -0.394382553678639       0.415624357457401       0.000000000000000E+000
   6.26065271280216     
  3.296772041745166E-003 -8.840112919361187E-003  0.000000000000000E+000
  0.410800413834522      -2.370379639415122E-002  2.818564003468725E-002
  0.000000000000000E+000 -5.188943642883848E-002   1.00040058171568     
 -0.403111993846896       0.497581013686795       0.000000000000000E+000
   6.67284803941093     
  2.396870789097783E-003 -7.727149985343641E-003  0.000000000000000E+000
  6.331561300817157E-002 -2.216385067244063E-002  3.254214622534125E-002
  0.000000000000000E+000 -5.470599689778187E-002   1.00035557799138     
 -0.381188701047823       0.582255875115355       0.000000000000000E+000
   7.01285964274956     
  1.722008488210358E-003 -6.549785302129726E-003  0.000000000000000E+000
 -0.179682009586486      -2.029326710792148E-002  3.683852624271260E-002
  0.000000000000000E+000 -5.713179335063408E-002   1.00032875148905     
 -0.353462386337963       0.667092988114391       0.000000000000000E+000
   7.36033784536890     
  1.113140182790850E-003 -5.409418156526647E-003  0.000000000000000E+000
 -0.406839744099443      -1.755774160063208E-002  4.086216187305403E-002
  0.000000000000000E+000 -5.841990347368610E-002   1.00030712741028     
 -0.308035254070239       0.744479137628674       0.000000000000000E+000
   7.63833957041096     
  7.225228813823037E-004 -4.248492033251204E-003  0.000000000000000E+000
 -0.617833937365731      -1.392430166874600E-002  4.400472879184666E-002
  0.000000000000000E+000 -5.792903046059266E-002   1.00028673425719     
 -0.248132330514565       0.807976919276876       0.000000000000000E+000
   7.86565079175211     
  3.880251048486993E-004 -3.130464215962858E-003  0.000000000000000E+000
 -0.723902436363005      -1.088716003743307E-002  4.621290927731262E-002
  0.000000000000000E+000 -5.710006931474569E-002   1.00027738742029     
 -0.195171749907357       0.850117479157638       0.000000000000000E+000
   8.00301665342205     
  1.970395846617734E-004 -2.043563727562371E-003  0.000000000000000E+000
  -1.09608362472727      -6.438361809313334E-003  4.755414051005848E-002
  0.000000000000000E+000 -5.399250231937181E-002   1.00022943213576     
 -0.117353810122826       0.878130736039562       0.000000000000000E+000
   8.08475120458404     
  9.598016850720370E-005 -9.954425719247947E-004  0.000000000000000E+000
 -0.789325331170630      -4.648051786385279E-003  4.848962486445450E-002
  0.000000000000000E+000 -5.313767665083978E-002   1.00030847135867     
 -8.171602164157904E-002  0.895973895763871       0.000000000000000E+000
   8.14946976171516     
  0.000000000000000E+000  0.000000000000000E+000  0.000000000000000E+000
  -1.43898837345046      -3.585853621959980E-004  4.889887301738333E-002
  0.000000000000000E+000 -4.925745837957932E-002   1.00021728154175     
 -8.972915176844315E-003  0.903032756921790       0.000000000000000E+000
   8.16309379354803     
 zone i=         151
  0.000000000000000E+000  0.000000000000000E+000  0.000000000000000E+000
  -1.43898837345046      -3.585853621959980E-004  4.889887301738333E-002
  0.000000000000000E+000 -4.925745837957932E-002   1.00021728154175     
 -8.972915176844315E-003  0.903032756921790       0.000000000000000E+000
   8.16309379354803     
  8.124748189053399E-005  9.967570191826214E-004  0.000000000000000E+000
  -1.99074488111410       3.906378895270465E-003  4.816020700207658E-002
  0.000000000000000E+000  5.206658589734704E-002   1.00014309730167     
  6.739101319036248E-002  0.890536778243826       0.000000000000000E+000
   8.12005402007804     
  1.668552160047909E-004  2.047006305551404E-003  0.000000000000000E+000
  -1.49848517848250       4.918011461590773E-003  4.770408990423362E-002
  0.000000000000000E+000  5.262210136582440E-002   1.00024778353178     
  9.191518393926332E-002  0.881385534430518       0.000000000000000E+000
   8.08835099213416     
  3.042454035129261E-004  3.145845697375883E-003  0.000000000000000E+000
  -1.88620926659655       8.665054715141274E-003  4.711478519199652E-002
  0.000000000000000E+000  5.577983990713779E-002   1.00020335365466     
  0.156623103182490       0.869113103184957       0.000000000000000E+000
   8.06403088671614     
  5.825742921587995E-004  4.281733555009661E-003  0.000000000000000E+000
  -1.83409663907310       1.120236358087380E-002  4.582936852568095E-002
  0.000000000000000E+000  5.703173210655475E-002   1.00023402252580     
  0.202104092970783       0.845031259447169       0.000000000000000E+000
   7.99473950682849     
  8.757422479155341E-004  5.478181120376323E-003  0.000000000000000E+000
  -1.94792470415132       1.309720423704940E-002  4.388052993959493E-002
  0.000000000000000E+000  5.697773417664433E-002   1.00023363235339     
  0.234308556566573       0.809197997160158       0.000000000000000E+000
   7.86758950966161     
  1.308808987989130E-003  6.698568453762158E-003  0.000000000000000E+000
  -2.30915539437387       1.525005457321206E-002  4.067764135136216E-002
  0.000000000000000E+000  5.592769592457422E-002   1.00019042503767     
  0.268971117816667       0.751121209955640       0.000000000000000E+000
   7.64893777518077     
  1.812850180215042E-003  7.968367674832801E-003  0.000000000000000E+000
  -2.12742198145156       1.544590989191660E-002  3.700406620088288E-002
  0.000000000000000E+000  5.244997609279949E-002   1.00023473914043     
  0.273189642266164       0.683968921270128       0.000000000000000E+000
   7.34982557946302     
  2.391032082076583E-003  9.283225230158919E-003  0.000000000000000E+000
  -2.46848678504193       1.620677497567254E-002  3.325395240211151E-002
  0.000000000000000E+000  4.946072737778406E-002   1.00018897168304     
  0.287851713508551       0.614227265043436       0.000000000000000E+000
   7.04705630104944     
  3.109272514030703E-003  1.061639973803102E-002  0.000000000000000E+000
  -2.43967542301220       1.634086062502331E-002  3.037923607467592E-002
  0.000000000000000E+000  4.672009669969923E-002   1.00020637157540     
  0.294244258550376       0.559887164819574       0.000000000000000E+000
   6.80487961385930     
  3.865287533979300E-003  1.201969020640781E-002  0.000000000000000E+000
  -2.55486709587171       1.668087122253165E-002  2.777472001718100E-002
  0.000000000000000E+000  4.445559123971266E-002   1.00019469955139     
  0.299730780423995       0.512388609251723       0.000000000000000E+000
   6.58968230691970     
  4.796892805706054E-003  1.341452172343449E-002  0.000000000000000E+000
  -2.67322403452249       1.681081976812409E-002  2.513093871613643E-002
  0.000000000000000E+000  4.194175848426052E-002   1.00018060489417     
  0.302699343538273       0.463656798536416       0.000000000000000E+000
   6.36273703551993     
  5.781289545338408E-003  1.487974781579076E-002  0.000000000000000E+000
  -2.56797304049178       1.619633847821045E-002  2.269728636970501E-002
  0.000000000000000E+000  3.889362484791546E-002   1.00020101337373     
  0.291815413850234       0.419708615947566       0.000000000000000E+000
   6.11680098761866     
  6.903066221750631E-003  1.635814064742308E-002  0.000000000000000E+000
  -2.69979343194223       1.549773043373992E-002  1.994157625822127E-002
  0.000000000000000E+000  3.543930669196119E-002   1.00017858285240     
  0.278243050201179       0.370146636374826       0.000000000000000E+000
   5.82176997693144     
  8.121082669093838E-003  1.788532551851348E-002  0.000000000000000E+000
  -2.68062104361593       1.405100952483176E-002  1.703575294354196E-002
  0.000000000000000E+000  3.108676246837372E-002   1.00018027950335     
  0.251779699144734       0.317597269469552       0.000000000000000E+000
   5.44908792727714     
  9.454664975969473E-003  1.944636852175496E-002  0.000000000000000E+000
  -2.76075544718219       1.255801035286601E-002  1.419742549103881E-002
  0.000000000000000E+000  2.675543584390482E-002   1.00016317087186     
  0.225432221516498       0.265165186696182       0.000000000000000E+000
   5.05067330213819     
  1.091465694568861E-002  2.103826502945663E-002  0.000000000000000E+000
  -2.65673787503033       1.119200436475918E-002  1.197799214632607E-002
  0.000000000000000E+000  2.316999651108525E-002   1.00017147430362     
  0.202283106615192       0.223210269795310       0.000000000000000E+000
   4.70084468983657     
  1.248068226265642E-002  2.268129049048521E-002  0.000000000000000E+000
  -2.64258359523433       1.018035033080506E-002  1.027135093141599E-002
  0.000000000000000E+000  2.045170126222105E-002   1.00015977076073     
  0.184604392398302       0.191391527427078       0.000000000000000E+000
   4.41817486955047     
  1.419429961991825E-002  2.434216187368587E-002  0.000000000000000E+000
  -2.59122040913485       9.344793524453637E-003  8.961397080464494E-003
  0.000000000000000E+000  1.830619060491813E-002   1.00015239010271     
  0.170178007370809       0.166695542286876       0.000000000000000E+000
   4.18327040603667     
  1.601361488792574E-002  2.606691124135281E-002  0.000000000000000E+000
  -2.58203902151990       8.676140372264678E-003  7.906510578764630E-003
  0.000000000000000E+000  1.658265095102931E-002   1.00013631637027     
  0.158328635528080       0.147112641321488       0.000000000000000E+000
   3.98601510900780     
  1.799565339072173E-002  2.780171742430116E-002  0.000000000000000E+000
  -2.54485060562297       8.145988680590226E-003  7.079529537255456E-003
  0.000000000000000E+000  1.522551821784568E-002   1.00012485244228     
  0.149134237668554       0.131467308736033       0.000000000000000E+000
   3.82404760306340     
  2.009007559783660E-002  2.960816297912750E-002  0.000000000000000E+000
  -2.50904626804390       7.749431064799234E-003  6.437974377011692E-003
  0.000000000000000E+000  1.418740544181092E-002   1.00011290148366     
  0.142146706740656       0.119486265865914       0.000000000000000E+000
   3.69692709890467     
  2.235822310174784E-002  3.142202494474521E-002  0.000000000000000E+000
  -2.48027428405476       7.471200435665173E-003  5.935577108516835E-003
  0.000000000000000E+000  1.340677754418201E-002   1.00010079385838     
  0.137304698831677       0.109996754319936       0.000000000000000E+000
   3.59906987994079     
  2.475097164205420E-002  3.331006025542243E-002  0.000000000000000E+000
  -2.43140024106242       7.276858553960742E-003  5.550906558804028E-003
  0.000000000000000E+000  1.282776511276477E-002   1.00009285840088     
  0.133913466121990       0.102779267859235       0.000000000000000E+000
   3.52618431501492     
  2.732553371060575E-002  3.520789227439446E-002  0.000000000000000E+000
  -2.41070679527797       7.154561391402838E-003  5.230461840081187E-003
  0.000000000000000E+000  1.238502323148402E-002   1.00008154923052     
  0.131758542525009       9.679138619105400E-002  0.000000000000000E+000
   3.47049799854265     
  3.004143949855176E-002  3.717698010381925E-002  0.000000000000000E+000
  -2.35567762917094       7.063298980732443E-003  4.974723205094608E-003
  0.000000000000000E+000  1.203802218582705E-002   1.00007693196012     
  0.130171010822486       9.198685261577233E-002  0.000000000000000E+000
   3.42704021269217     
  3.294506594798641E-002  3.916321447822407E-002  0.000000000000000E+000
  -2.33511222766651       7.010876893843919E-003  4.740142532607715E-003
  0.000000000000000E+000  1.175101942645163E-002   1.00006700577333     
  0.129227886423643       8.764297643496599E-002  0.000000000000000E+000
   3.39204733167433     
  3.601062444512038E-002  4.121202403846924E-002  0.000000000000000E+000
  -2.28182999783621       6.960878871567152E-003  4.545510828859862E-003
  0.000000000000000E+000  1.150638970042701E-002   1.00006378609613     
  0.128337162179117       8.398990154312255E-002  0.000000000000000E+000
   3.36180184699643     
  3.926803159936587E-002  4.329038172008163E-002  0.000000000000000E+000
  -2.27543063574672       6.910837593697788E-003  4.337318113791764E-003
  0.000000000000000E+000  1.124815570748955E-002   1.00005287288439     
  0.127378990197035       8.019730065547900E-002  0.000000000000000E+000
   3.33031425171697     
  4.271133564957319E-002  4.541642506618195E-002  0.000000000000000E+000
  -2.23960919130150       6.823743069126908E-003  4.144070638012322E-003
  0.000000000000000E+000  1.096781370713923E-002   1.00004796747521     
  0.125747251515833       7.660362880225163E-002  0.000000000000000E+000
   3.29343990657132     
  4.634900923004337E-002  4.758970502284576E-002  0.000000000000000E+000
  -2.26508609660164       6.682543903224214E-003  3.903437495220949E-003
  0.000000000000000E+000  1.058598139844516E-002   1.00002923863087     
  0.123070031385386       7.227956970388742E-002  0.000000000000000E+000
   3.24242630463700     
  5.019957705178091E-002  4.978897567330897E-002  0.000000000000000E+000
  -2.22056985605536       6.480260501322412E-003  3.667714073139467E-003
  0.000000000000000E+000  1.014797457446188E-002   1.00001991045703     
  0.119320870973390       6.786154201964067E-002  0.000000000000000E+000
   3.17925191192264     
  5.424543798258119E-002  5.205884839569135E-002  0.000000000000000E+000
  -2.22131513522277       6.309349656085814E-003  3.435911283293373E-003
  0.000000000000000E+000  9.745260939379186E-003   1.00000586191063     
  0.116185604842660       6.355681969630314E-002  0.000000000000000E+000
   3.12270301724696     
  5.853393950429830E-002  5.432546487184164E-002  0.000000000000000E+000
  -2.18364662030672       6.199598589617288E-003  3.245489487480875E-003
  0.000000000000000E+000  9.445088077098164E-003   1.00000056000467     
  0.114217067367162       5.993011944678277E-002  0.000000000000000E+000
   3.08171036654915     
  6.303378546849947E-002  5.665943247869770E-002  0.000000000000000E+000
  -2.12327211811385       6.172708704458897E-003  3.135417624063741E-003
  0.000000000000000E+000  9.308126328522638E-003  0.999999614206075     
  0.113725333421120       5.778336761029092E-002  0.000000000000000E+000
   3.06411989025023     
  6.777483346542001E-002  5.901812249001626E-002  0.000000000000000E+000
  -2.14962992265419       6.154017298554118E-003  3.002830804454156E-003
  0.000000000000000E+000  9.156848103008274E-003  0.999985550536860     
  0.113347890823191       5.541770345794131E-002  0.000000000000000E+000
   3.04738479971972     
  7.276120658495611E-002  6.140479821277849E-002  0.000000000000000E+000
  -2.10604085499494       6.100450689529355E-003  2.885100909361629E-003
  0.000000000000000E+000  8.985551598890983E-003  0.999982418989473     
  0.112334205771760       5.320378778914029E-002  0.000000000000000E+000
   3.02418064946233     
  7.798701025703636E-002  6.384746541023499E-002  0.000000000000000E+000
  -2.11107311022602       6.032829722670945E-003  2.744219360274464E-003
  0.000000000000000E+000  8.777049082945410E-003  0.999969843991253     
  0.111073552596348       5.066598846308351E-002  0.000000000000000E+000
   2.99726043585091     
  8.348794497692369E-002  6.628226949861310E-002  0.000000000000000E+000
  -2.10657140910507       5.926547771943866E-003  2.583954336198051E-003
  0.000000000000000E+000  8.510502108141917E-003  0.999964847929562     
  0.109146526952552       4.771364005523092E-002  0.000000000000000E+000
   2.96099334942264     
  8.924823926579473E-002  6.875664231184767E-002  0.000000000000000E+000
  -2.05150361421420       5.873893409443711E-003  2.487159702587170E-003
  0.000000000000000E+000  8.361053112030881E-003  0.999964886579362     
  0.108179072344809       4.582363822463351E-002  0.000000000000000E+000
   2.94013848291560     
  9.527434682424984E-002  7.127233162980089E-002  0.000000000000000E+000
  -2.07282644320821       5.836620961706838E-003  2.366058974266834E-003
  0.000000000000000E+000  8.202679935973671E-003  0.999948414797729     
  0.107501246353158       4.368487933629861E-002  0.000000000000000E+000
   2.92252712997488     
  0.101599264593903       7.376136354798155E-002  0.000000000000000E+000
  -2.05710466709365       5.742014113211786E-003  2.224211648051659E-003
  0.000000000000000E+000  7.966225761263445E-003  0.999945908565650     
  0.105808129121023       4.108102796564765E-002  0.000000000000000E+000
   2.89106500573274     
  0.108204996297669       7.628031738371406E-002  0.000000000000000E+000
  -1.99821413590735       5.701982141807520E-003  2.137820324492353E-003
  0.000000000000000E+000  7.839802466299874E-003  0.999947542374534     
  0.105091639711702       3.940330995965067E-002  0.000000000000000E+000
   2.87478841740667     
  0.115100104736922       7.882225996758153E-002  0.000000000000000E+000
  -2.01461064070395       5.683596811294460E-003  2.037073051000227E-003
  0.000000000000000E+000  7.720669862294686E-003  0.999933491623032     
  0.104782995314680       3.761865406851510E-002  0.000000000000000E+000
   2.86386429620421     
  0.122308329775291       8.133309909903598E-002  0.000000000000000E+000
  -2.00869440628571       5.597431518985621E-003  1.908655514561753E-003
  0.000000000000000E+000  7.506087033547375E-003  0.999928345248394     
  0.103254883823531       3.529708490745213E-002  0.000000000000000E+000
   2.83624039039912     
  0.129822623133641       8.384109486352034E-002  0.000000000000000E+000
  -1.96628270355404       5.515172160277147E-003  1.804117242149704E-003
  0.000000000000000E+000  7.319289402426850E-003  0.999931117362456     
  0.101782705711828       3.334424687898348E-002  0.000000000000000E+000
   2.81041119641723     
  0.137645784603659       8.634902896078354E-002  0.000000000000000E+000
  -1.95124344473038       5.460951327810439E-003  1.710497404941682E-003
  0.000000000000000E+000  7.171448732752121E-003  0.999925504664461     
  0.100822639357445       3.162869829450145E-002  0.000000000000000E+000
   2.79205634164751     
  0.145786304884145       8.883978467035318E-002  0.000000000000000E+000
  -1.96462839533933       5.359693413084511E-003  1.587816019222183E-003
  0.000000000000000E+000  6.947509432306695E-003  0.999913685121765     
  9.901812115822142E-002  2.944020347633843E-002  0.000000000000000E+000
   2.76175356222697     
  0.154258741196403       9.126835667997982E-002  0.000000000000000E+000
  -1.94985851907381       5.214575249325836E-003  1.458966592098204E-003
  0.000000000000000E+000  6.673541841424041E-003  0.999911025478296     
  9.641848118610168E-002  2.706935081332053E-002  0.000000000000000E+000
   2.72034922210535     
  0.163053473889887       9.366936243119689E-002  0.000000000000000E+000
  -1.91014744238578       5.123366178362817E-003  1.362900197537599E-003
  0.000000000000000E+000  6.486266375900416E-003  0.999912491748537     
  9.480072597265674E-002  2.524704049296770E-002  0.000000000000000E+000
   2.69325474460087     
  0.172173982757404       9.603247564546623E-002  0.000000000000000E+000
  -1.89383735172601       5.094432730097579E-003  1.283760326693376E-003
  0.000000000000000E+000  6.378193056790955E-003  0.999907149943467     
  9.432657143438841E-002  2.378919659141942E-002  0.000000000000000E+000
   2.68276622924304     
  0.181622700146665       9.834694345664204E-002  0.000000000000000E+000
  -1.89984654220871       5.039261945052503E-003  1.188604130754014E-003
  0.000000000000000E+000  6.227866075806517E-003  0.999898548262087     
  9.337699725191453E-002  2.208162884630936E-002  0.000000000000000E+000
   2.66554447199452     
  0.191408481281785       0.100566920969150       0.000000000000000E+000
  -1.88881105288692       4.902028543961004E-003  1.074315670909241E-003
  0.000000000000000E+000  5.976344214870245E-003  0.999896026070578     
  9.090804313306433E-002  2.002353937280780E-002  0.000000000000000E+000
   2.62665008619928     
  0.201524401703617       0.102706535324255       0.000000000000000E+000
  -1.85260339895035       4.716716418552009E-003  9.634380906130576E-004
  0.000000000000000E+000  5.680154509165067E-003  0.999897606005483     
  8.753577117382563E-002  1.798227445578229E-002  0.000000000000000E+000
   2.57455305098367     
  0.211966985743580       0.104764294601578       0.000000000000000E+000
  -1.83306881930912       4.530919263416922E-003  8.595975838326734E-004
  0.000000000000000E+000  5.390516847249596E-003  0.999894918766789     
  8.414740453027225E-002  1.606167343685358E-002  0.000000000000000E+000
   2.52162693114758     
  0.222733822737104       0.106728384602269       0.000000000000000E+000
  -1.81562214152768       4.344437340819880E-003  7.603031678445987E-004
  0.000000000000000E+000  5.104740508664479E-003  0.999892246985719     
  8.074031912887498E-002  1.422629077800517E-002  0.000000000000000E+000
   2.46769792911967     
  0.233821110527380       0.108586896539823       0.000000000000000E+000
  -1.79866315575782       4.155844204066215E-003  6.653831805085348E-004
  0.000000000000000E+000  4.821227384574750E-003  0.999888537399334     
  7.728727467540666E-002  1.247112267506032E-002  0.000000000000000E+000
   2.41223496721413     
  0.245223715027843       0.110327156937690       0.000000000000000E+000
  -1.79411006460509       3.933683734017259E-003  5.650156122823164E-004
  0.000000000000000E+000  4.498699346299575E-003  0.999882935071034     
  7.320345774452650E-002  1.064139621423212E-002  0.000000000000000E+000
   2.34566009612657     
  0.256938939632838       0.111904976619564       0.000000000000000E+000
  -1.76581826859183       3.660321905504310E-003  4.655781640599054E-004
  0.000000000000000E+000  4.125900069564216E-003  0.999883660311486     
  6.815862329526989E-002  8.803119470417221E-003  0.000000000000000E+000
   2.26164386970563     
  0.268953043206634       0.113343420909289       0.000000000000000E+000
  -1.72251804160351       3.386056979408291E-003  3.799072914289387E-004
  0.000000000000000E+000  3.765964270837229E-003  0.999886561822035     
  6.308327815423427E-002  7.196035923377979E-003  0.000000000000000E+000
   2.17437660966711     
  0.281256350040147       0.114631332684262       0.000000000000000E+000
  -1.69616120131627       3.123701241510417E-003  3.033435149457750E-004
  0.000000000000000E+000  3.427044756456192E-003  0.999885262989224     
  5.821896282665656E-002  5.773339660716575E-003  0.000000000000000E+000
   2.08765097194232     
  0.293837661680303       0.115758004221215       0.000000000000000E+000
  -1.66677247774965       2.852741894079436E-003  2.337892847272845E-004
  0.000000000000000E+000  3.086531178806720E-003  0.999884599300741     
  5.318513988795226E-002  4.479820486457716E-003  0.000000000000000E+000
   1.99431538758849     
  0.306684271886264       0.116713296861924       0.000000000000000E+000
  -1.63613649033732       2.573973558510430E-003  1.717962968075058E-004
  0.000000000000000E+000  2.745769855317935E-003  0.999884368586169     
  4.799763333394354E-002  3.326084763540879E-003  0.000000000000000E+000
   1.89367703103095     
  0.319781997853375       0.117487759464701       0.000000000000000E+000
  -1.60459180625207       2.286249394162828E-003  1.177458370616067E-004
  0.000000000000000E+000  2.403995231224435E-003  0.999884593321914     
  4.263657102902381E-002  2.320353550309012E-003  0.000000000000000E+000
   1.78406041569582     
  0.333115228139865       0.118072743118733       0.000000000000000E+000
  -1.57233843088488       1.989703667822126E-003  7.211713252233284E-005
  0.000000000000000E+000  2.061820800344459E-003  0.999885151642835     
  3.710536391821079E-002  1.470942732143890E-003  0.000000000000000E+000
   1.66371685312823     
  0.346666987346685       0.118460509682972       0.000000000000000E+000
  -1.53913924633230       1.691314845501413E-003  3.550586223328984E-005
  0.000000000000000E+000  1.726820707734703E-003  0.999885791669393     
  3.153598756333249E-002  7.859430192064206E-004  0.000000000000000E+000
   1.53328772572972     
  0.360419017220480       0.118644331852680       0.000000000000000E+000
  -1.51180581407016       1.401689259082438E-003  7.131209148898858E-006
  0.000000000000000E+000  1.408820468231337E-003  0.999885729603991     
  2.612785346821762E-002  2.506111795369346E-004  0.000000000000000E+000
   1.39521364772558     
  0.374351657536118       0.118599735812830       0.000000000000000E+000
  -1.47386097776211       1.148169334530011E-003 -1.238178763146641E-005
  0.000000000000000E+000  1.160551122161478E-003  0.999887873857941     
  2.139276799794990E-002 -1.441833788976279E-004  0.000000000000000E+000
   1.26215326472863     
  0.388443975093159       0.118340734081514       0.000000000000000E+000
  -1.42151519910090       9.765346158165701E-004 -2.491103236658406E-005
  0.000000000000000E+000  1.001445648183154E-003  0.999892656273772     
  1.818414858967673E-002 -4.168029171657797E-004  0.000000000000000E+000
   1.16345770643949     
  0.402674927308451       0.117876042855627       0.000000000000000E+000
  -1.36145754441259       8.917249348240383E-004 -3.398988534026221E-005
  0.000000000000000E+000  9.257148201643005E-004  0.999899200434331     
  1.659446717479306E-002 -6.157675266497725E-004  0.000000000000000E+000
   1.11135921594229     
  0.417024826793957       0.117250480630193       0.000000000000000E+000
  -1.29566087353328       8.726551496952997E-004 -4.208829292850257E-005
  0.000000000000000E+000  9.147434426238023E-004  0.999907365228162     
  1.623064107534579E-002 -7.867155026199829E-004  0.000000000000000E+000
   1.09911830290699     
  0.431473419276523       0.116486438727998       0.000000000000000E+000
  -1.23824904315597       8.989305431114701E-004 -5.147310169708856E-005
  0.000000000000000E+000  9.504036448085587E-004  0.999914583203877     
  1.671090279058403E-002 -9.717737204189261E-004  0.000000000000000E+000
   1.11530466287175     
  0.445999530522357       0.115590841704079       0.000000000000000E+000
  -1.18909099853954       9.524343884063253E-004 -6.282572022740481E-005
  0.000000000000000E+000  1.015260108633730E-003  0.999920619618769     
  1.769617682639406E-002 -1.191844860107313E-003  0.000000000000000E+000
   1.14777717399451     
  0.460581378532824       0.114565942490363       0.000000000000000E+000
  -1.14474735786484       1.026820611119800E-003 -7.652070178599404E-005
  0.000000000000000E+000  1.103341312905794E-003  0.999926111360012     
  1.906753415290741E-002 -1.451260655730449E-003  0.000000000000000E+000
   1.19148712523116     
  0.475196894420534       0.113414659712623       0.000000000000000E+000
  -1.10318689068527       1.108357215764192E-003 -9.191877657798236E-005
  0.000000000000000E+000  1.200275992342175E-003  0.999931456644020     
  2.056958385308492E-002 -1.735523011100846E-003  0.000000000000000E+000
   1.23758628250748     
  0.489823853955360       0.112140551511644       0.000000000000000E+000
  -1.06339625182341       1.183119737865595E-003 -1.078904609594994E-004
  0.000000000000000E+000  1.291010198825095E-003  0.999936820946200     
  2.194375260642436E-002 -2.026415515162015E-003  0.000000000000000E+000
   1.27831938224354     
  0.504440010627111       0.110747783062385       0.000000000000000E+000
  -1.02474359972280       1.247150840938401E-003 -1.238376974516084E-004
  0.000000000000000E+000  1.370988538390010E-003  0.999942289424713     
  2.311658491539862E-002 -2.317120446792437E-003  0.000000000000000E+000
   1.31211521585127     
  0.519023228609707       0.109241088340407       0.000000000000000E+000
 -0.987658587964688       1.300796988525560E-003 -1.395038171569201E-004
  0.000000000000000E+000  1.440300805682480E-003  0.999947782469010     
  2.409487724364090E-002 -2.602081434110930E-003  0.000000000000000E+000
   1.33968370990748     
  0.533551614012321       0.107625726758251       0.000000000000000E+000
 -0.951861569209768       1.343779322736937E-003 -1.545808758776914E-004
  0.000000000000000E+000  1.498360198614628E-003  0.999953279580244     
  2.487383414903390E-002 -2.875389328651723E-003  0.000000000000000E+000
   1.36126861837442     
  0.548003642835214       0.105907435350924       0.000000000000000E+000
 -0.918054043691427       1.375050005340108E-003 -1.688056290614388E-004
  0.000000000000000E+000  1.543855634401546E-003  0.999958595098754     
  2.543404386589084E-002 -3.132134916280563E-003  0.000000000000000E+000
   1.37661913557582     
  0.562357914367911       0.104089548332321       0.000000000000000E+000
 -0.886395284349646       1.395493801192779E-003 -1.822464281025428E-004
  0.000000000000000E+000  1.577740229295322E-003  0.999963699152832     
  2.579127569540880E-002 -3.375120310654224E-003  0.000000000000000E+000
   1.38636145040310     
  0.576593301183164       0.102174001558003       0.000000000000000E+000
 -0.853074293410145       1.411179713451480E-003 -1.949857537662633E-004
  0.000000000000000E+000  1.606165467217744E-003  0.999969202858955     
  2.605913683277097E-002 -3.607403416896473E-003  0.000000000000000E+000
   1.39366176589189     
  0.590691007540851       0.100175015366927       0.000000000000000E+000
 -0.819347969931187       1.428201036205895E-003 -2.075503424659556E-004
  0.000000000000000E+000  1.635751378671851E-003  0.999974837040824     
  2.635133539573714E-002 -3.837495155984801E-003  0.000000000000000E+000
   1.40158433132520     
  0.604632152620243       9.809968326704964E-002  0.000000000000000E+000
 -0.787271460598504       1.449224556309640E-003 -2.207294662177994E-004
  0.000000000000000E+000  1.669954022527440E-003  0.999980237374892     
  2.671631651781929E-002 -4.078695302844453E-003  0.000000000000000E+000
   1.41139435875342     
  0.618398767356870       9.595530459748400E-002  0.000000000000000E+000
 -0.755885230764079       1.474213596812177E-003 -2.345881947605907E-004
  0.000000000000000E+000  1.708801791572768E-003  0.999985557592672     
  2.715330111697119E-002 -4.331862527351038E-003  0.000000000000000E+000
   1.42303155503147     
  0.631973875204954       9.374932557357482E-002  0.000000000000000E+000
 -0.725896284920054       1.500604739699515E-003 -2.487677224662656E-004
  0.000000000000000E+000  1.749372462165781E-003  0.999990662824756     
  2.761518542422857E-002 -4.589084902082262E-003  0.000000000000000E+000
   1.43522255596446     
  0.645341561711325       9.148928086499748E-002  0.000000000000000E+000
 -0.696428337722182       1.525900286450653E-003 -2.628500883960764E-004
  0.000000000000000E+000  1.788750374846729E-003  0.999995705176723     
  2.805589539678586E-002 -4.843556718792138E-003  0.000000000000000E+000
   1.44676901774680     
  0.658487032460470       8.918273632689959E-002  0.000000000000000E+000
 -0.666775575879001       1.549886055274237E-003 -2.767606514346929E-004
  0.000000000000000E+000  1.826646706708930E-003   1.00000081470227     
  2.847153513932974E-002 -5.094347028941274E-003  0.000000000000000E+000
   1.45758738350507     
  0.671396659147174       8.683723345429874E-002  0.000000000000000E+000
 -0.637645385184669       1.570667998816094E-003 -2.901396154963697E-004
  0.000000000000000E+000  1.860807614312464E-003   1.00000582495479     
  2.882780965694352E-002 -5.332467590524527E-003  0.000000000000000E+000
   1.46680905020952     
  0.684057926817920       8.445978176828073E-002  0.000000000000000E+000
 -0.613404139795193       1.581035152263463E-003 -3.024132891684548E-004
  0.000000000000000E+000  1.883448441431918E-003   1.00000997046442     
  2.898957459477570E-002 -5.547396484632179E-003  0.000000000000000E+000
   1.47103492758334     
  0.696457009756855       8.204455059641663E-002  0.000000000000000E+000
 -0.588642251603915       1.580439627746349E-003 -3.123686405213740E-004
  0.000000000000000E+000  1.892808268267723E-003   1.00001422733213     
  2.894942492872463E-002 -5.722937850779677E-003  0.000000000000000E+000
   1.47014886703571     
  0.708586470077838       7.961241839177066E-002  0.000000000000000E+000
 -0.560016996269724       1.582411023404506E-003 -3.216739858674448E-004
  0.000000000000000E+000  1.904085009271951E-003   1.00001917405452     
  2.895855659167561E-002 -5.891085532647042E-003  0.000000000000000E+000
   1.47053587332914     
  0.720437589293776       7.717038565345311E-002  0.000000000000000E+000
 -0.533806132256132       1.593334009775456E-003 -3.325865904824626E-004
  0.000000000000000E+000  1.925920600257919E-003   1.00002369765140     
  2.913128167660374E-002 -6.088312857812665E-003  0.000000000000000E+000
   1.47506451974613     
  0.732002874789943       7.472519948394538E-002  0.000000000000000E+000
 -0.509098478983105       1.610890163882069E-003 -3.447496869012060E-004
  0.000000000000000E+000  1.955639850783275E-003   1.00002796362288     
  2.942492774790048E-002 -6.307880024682263E-003  0.000000000000000E+000
   1.48262388442188     
  0.743276039700671       7.228331675834701E-002  0.000000000000000E+000
 -0.484406205189998       1.632025607207700E-003 -3.577481471252564E-004
  0.000000000000000E+000  1.989773754332957E-003   1.00003221514948     
  2.978388948648977E-002 -6.537962341065788E-003  0.000000000000000E+000
   1.49175759422359     
  0.754251516276834       6.984883772104880E-002  0.000000000000000E+000
 -0.465056644789229       1.644032753079712E-003 -3.697789634260874E-004
  0.000000000000000E+000  2.013811716505800E-003   1.00003550884057     
  2.997259629652438E-002 -6.744225441158199E-003  0.000000000000000E+000
   1.49656148403097     
  0.764922479079319       6.741537439328085E-002  0.000000000000000E+000
 -0.445676824934708       1.642448815686257E-003 -3.783638464748665E-004
  0.000000000000000E+000  2.020812662161123E-003   1.00003881604730     
  2.991328585832682E-002 -6.891746791947468E-003  0.000000000000000E+000
   1.49518632625678     
  0.775289286491162       6.500305435059497E-002  0.000000000000000E+000
 -0.421288449039139       1.642744490004936E-003 -3.859219737307266E-004
  0.000000000000000E+000  2.028666463735663E-003   1.00004298673862     
  2.989213568662093E-002 -7.026833816190510E-003  0.000000000000000E+000
   1.49479591408700     
  0.785350147713937       6.261697999386603E-002  0.000000000000000E+000
 -0.398434680239689       1.652971479581046E-003 -3.955596286414835E-004
  0.000000000000000E+000  2.048531108222529E-003   1.00004685422148     
  3.005234960589523E-002 -7.198707082487355E-003  0.000000000000000E+000
   1.49892656076662     
  0.795104265278641       6.026184502753028E-002  0.000000000000000E+000
 -0.380633324089104       1.662652088642099E-003 -4.058754442844752E-004
  0.000000000000000E+000  2.068527532926574E-003   1.00004981118497     
  3.019994001227957E-002 -7.376555463342486E-003  0.000000000000000E+000
   1.50269726824565     
  0.804549046001778       5.793099190110072E-002  0.000000000000000E+000
 -0.364682167595902       1.662227634452215E-003 -4.140706716980787E-004
  0.000000000000000E+000  2.076298306150293E-003   1.00005244294266     
  3.016234572750866E-002 -7.512953312575424E-003  0.000000000000000E+000
   1.50183754439483     
  0.813686640280770       5.563348310234283E-002  0.000000000000000E+000
 -0.345914650481973       1.656617273830244E-003 -4.196110450365413E-004
  0.000000000000000E+000  2.076228318866785E-003   1.00005557194421     
  3.003459367375944E-002 -7.607288649187769E-003  0.000000000000000E+000
   1.49875890792977     
  0.822520515931278       5.337940905212880E-002  0.000000000000000E+000
 -0.325911125952189       1.657416147968199E-003 -4.258478478370912E-004
  0.000000000000000E+000  2.083263995805290E-003   1.00005889060012     
  3.002579081150690E-002 -7.718005338677798E-003  0.000000000000000E+000
   1.49866234859109     
  0.831053279521718       5.117184391432711E-002  0.000000000000000E+000
 -0.310981300132198       1.659185861937149E-003 -4.337439427713934E-004
  0.000000000000000E+000  2.092929804708543E-003   1.00006131112356     
  3.002965199288412E-002 -7.850150925382431E-003  0.000000000000000E+000
   1.49883433528699     
  0.839284046798224       4.899781436490785E-002  0.000000000000000E+000
 -0.296854715874815       1.651891666845837E-003 -4.391160424666218E-004
  0.000000000000000E+000  2.091007709312458E-003   1.00006360042617     
  2.986915832085421E-002 -7.937435394508342E-003  0.000000000000000E+000
   1.49489867633451     
  0.847220555042184       4.687458431648927E-002  0.000000000000000E+000
 -0.276554144537158       1.648840731723818E-003 -4.435703582689200E-004
  0.000000000000000E+000  2.092411089992738E-003   1.00006697089133     
  2.979206110698237E-002 -8.018176966281047E-003  0.000000000000000E+000
   1.49309706836183     
  0.854867769317858       4.480585355348144E-002  0.000000000000000E+000
 -0.260163039173221       1.653548472382264E-003 -4.510065096035371E-004
  0.000000000000000E+000  2.104554981985801E-003   1.00006965485174     
  2.985210635050504E-002 -8.146390896152680E-003  0.000000000000000E+000
   1.49469341574167     
  0.862227574961843       4.278197553576788E-002  0.000000000000000E+000
 -0.247731532168473       1.654037665024524E-003 -4.577390885959373E-004
  0.000000000000000E+000  2.111776753620462E-003   1.00007165013018     
  2.983442729773495E-002 -8.257173917858452E-003  0.000000000000000E+000
   1.49430959751049     
  0.869306984750208       4.081036494176526E-002  0.000000000000000E+000
 -0.230646285042212       1.655957238137462E-003 -4.631999981958432E-004
  0.000000000000000E+000  2.119157236333305E-003   1.00007445997796     
  2.984781869044461E-002 -8.354361483658503E-003  0.000000000000000E+000
   1.49475415538948     
  0.876113524273209       3.889811052339501E-002  0.000000000000000E+000
 -0.215972012450266       1.662655240898840E-003 -4.706756409387640E-004
  0.000000000000000E+000  2.133330881837604E-003   1.00007684404516     
  2.994494474461847E-002 -8.483310739210418E-003  0.000000000000000E+000
   1.49726931539803     
  0.882649869949307       3.703368575641169E-002  0.000000000000000E+000
 -0.205338532756059       1.664908461472783E-003 -4.772395237645752E-004
  0.000000000000000E+000  2.142147985237358E-003   1.00007852954898     
  2.996133226680533E-002 -8.589792506992367E-003  0.000000000000000E+000
   1.49771781557760     
  0.888924831087416       3.522611387352755E-002  0.000000000000000E+000
 -0.191319101285217       1.665737251588224E-003 -4.815455094542552E-004
  0.000000000000000E+000  2.147282761042479E-003   1.00008077899077     
  2.995894504774652E-002 -8.663907506558797E-003  0.000000000000000E+000
   1.49773879194499     
  0.894946141762811       3.347918774144930E-002  0.000000000000000E+000
 -0.180644773110089       1.666183913153811E-003 -4.872037834467129E-004
  0.000000000000000E+000  2.153387696600524E-003   1.00008243513720     
  2.994404281425125E-002 -8.755047252859072E-003  0.000000000000000E+000
   1.49741046945917     
  0.900716477088310       3.177866893172925E-002  0.000000000000000E+000
 -0.169740196856537       1.657790760759165E-003 -4.898198795781186E-004
  0.000000000000000E+000  2.147610640337284E-003   1.00008414547192     
  2.977261137504501E-002 -8.789141280421922E-003  0.000000000000000E+000
   1.49313005616181     
  0.906247468045366       3.014017748049783E-002  0.000000000000000E+000
 -0.157216570278479       1.643066730560539E-003 -4.893172991487163E-004
  0.000000000000000E+000  2.132384029709256E-003   1.00008613174311     
  2.949273368508102E-002 -8.771945829281353E-003  0.000000000000000E+000
   1.48613431676628     
  0.911543655973359       2.855457872398600E-002  0.000000000000000E+000
 -0.147698646553181       1.627858081600930E-003 -4.894784363504597E-004
  0.000000000000000E+000  2.117336517951389E-003   1.00008761504369     
  2.919859373699457E-002 -8.769166415938881E-003  0.000000000000000E+000
   1.47876484017440     
  0.916612892154485       2.702366676737863E-002  0.000000000000000E+000
 -0.136314968877059       1.617050446750890E-003 -4.897586152208456E-004
  0.000000000000000E+000  2.106809061971736E-003   1.00008940103175     
  2.898786746669799E-002 -8.774003987505819E-003  0.000000000000000E+000
   1.47350660175483     
  0.921463494423029       2.555029530093469E-002  0.000000000000000E+000
 -0.127476198814065       1.606928576722548E-003 -4.909258765823727E-004
  0.000000000000000E+000  2.097854453304921E-003   1.00009073479753     
  2.878896589500910E-002 -8.783879109442505E-003  0.000000000000000E+000
   1.46845667346722     
  0.926100214920753       2.412556976570594E-002  0.000000000000000E+000
 -0.118027976269559       1.590454469260661E-003 -4.893141446415513E-004
  0.000000000000000E+000  2.079768613902212E-003   1.00009215837820     
  2.847999125450805E-002 -8.744756660588777E-003  0.000000000000000E+000
   1.46055532445302     
  0.930533728209394       2.275982291870194E-002  0.000000000000000E+000
 -0.109529841701942       1.567909006648600E-003 -4.860223464113640E-004
  0.000000000000000E+000  2.053931353059964E-003   1.00009342241512     
  2.806224034633649E-002 -8.673235019051831E-003  0.000000000000000E+000
   1.44979414159172     
  0.934767263589124       2.143929465905546E-002  0.000000000000000E+000
 -0.100764463923497       1.538745539083252E-003 -4.804173101892199E-004
  0.000000000000000E+000  2.019162849272472E-003   1.00009474067764     
  2.752637850210706E-002 -8.561481271619292E-003  0.000000000000000E+000
   1.43586580762178     
  0.938811787298329       2.017532686980616E-002  0.000000000000000E+000
 -9.187525984793865E-002  1.504869495583231E-003 -4.726940387811025E-004
  0.000000000000000E+000  1.977563534364333E-003   1.00009606768547     
  2.690942837041397E-002 -8.414025876497529E-003  0.000000000000000E+000
   1.41968011146635     
  0.942671223445317       1.895684736696353E-002  0.000000000000000E+000
 -8.444905298279082E-002  1.468855318839172E-003 -4.643261860759937E-004
  0.000000000000000E+000  1.933181504915166E-003   1.00009711100042     
  2.625261430582798E-002 -8.257735476295096E-003  0.000000000000000E+000
   1.40225276833588     
  0.946355060862811       1.779083441290907E-002  0.000000000000000E+000
 -7.670029356449959E-002  1.433953294337512E-003 -4.558670501542879E-004
  0.000000000000000E+000  1.889820344491800E-003   1.00009816773130     
  2.561680036605793E-002 -8.104567551339462E-003  0.000000000000000E+000
   1.38521431966211     
  0.949867926602981       1.666915774305359E-002  0.000000000000000E+000
 -6.926460015120028E-002  1.403066398325243E-003 -4.485566122719470E-004
  0.000000000000000E+000  1.851623010597190E-003   1.00009913847851     
  2.505227300633252E-002 -7.973740196146212E-003  0.000000000000000E+000
   1.36991892883516     
  0.953218437815019       1.559667123856959E-002  0.000000000000000E+000
 -6.193495696493301E-002  1.376130145597658E-003 -4.422719649255434E-004
  0.000000000000000E+000  1.818402110523202E-003   1.00010005719147     
  2.455981710629158E-002 -7.860952746900818E-003  0.000000000000000E+000
   1.35644272471528     
  0.956411300581948       1.456637329918481E-002  0.000000000000000E+000
 -5.517026534903380E-002  1.352718840364908E-003 -4.368946208453541E-004
  0.000000000000000E+000  1.789613461210262E-003   1.00010084053309     
  2.413103366379556E-002 -7.764381191930073E-003  0.000000000000000E+000
   1.34459471570882     
  0.959454686078606       1.358253981383462E-002  0.000000000000000E+000
 -4.881547220566063E-002  1.332448434177024E-003 -4.324580291438584E-004
  0.000000000000000E+000  1.764906463320882E-003   1.00010152801400     
  2.375876226153260E-002 -7.684913994285295E-003  0.000000000000000E+000
   1.33423749275049     
  0.962352958592379       1.263811973746066E-002  0.000000000000000E+000
 -4.226425555521018E-002  1.316077694572026E-003 -4.289949543212177E-004
  0.000000000000000E+000  1.745072648893244E-003   1.00010220853747     
  2.345615258239751E-002 -7.625948608321068E-003  0.000000000000000E+000
   1.32578459685562     
  0.965114107571897       1.173776400680617E-002  0.000000000000000E+000
 -3.590483118182419E-002  1.304297224891545E-003 -4.270772207571369E-004
  0.000000000000000E+000  1.731374445648682E-003   1.00010285752556     
  2.323539810732306E-002 -7.594313286309826E-003  0.000000000000000E+000
   1.31961161113974     
  0.967741912691418       1.087372884708337E-002  0.000000000000000E+000
 -2.923896443166996E-002  1.297154074559618E-003 -4.265062430482054E-004
  0.000000000000000E+000  1.723660317607823E-003   1.00010356441215     
  2.309707672944906E-002 -7.588479996820578E-003  0.000000000000000E+000
   1.31576320187434     
  0.970244136213279       1.005098553011847E-002  0.000000000000000E+000
 -2.264668927409730E-002  1.293958884082115E-003 -4.270617102734721E-004
  0.000000000000000E+000  1.721020594355588E-003   1.00010431980643     
  2.303104581999513E-002 -7.600725431558181E-003  0.000000000000000E+000
   1.31395562174497     
  0.972624391238569       9.262435230447409E-003  0.000000000000000E+000
 -1.682073127449257E-002  1.293023617750257E-003 -4.285145094517067E-004
  0.000000000000000E+000  1.721538127201964E-003   1.00010500569600     
  2.300475753212262E-002 -7.626186114366990E-003  0.000000000000000E+000
   1.31324665626318     
  0.974889567082758       8.511464795911611E-003  0.000000000000000E+000
 -1.071327854924675E-002  1.294179594995628E-003 -4.301793643228304E-004
  0.000000000000000E+000  1.724358959318459E-003   1.00010569178836     
  2.301760635579137E-002 -7.658912268648474E-003  0.000000000000000E+000
   1.31368669272314     
  0.977043743041470       7.793543921573009E-003  0.000000000000000E+000
 -5.460135506609731E-003  1.297853155737835E-003 -4.330188305161292E-004
  0.000000000000000E+000  1.730871986253965E-003   1.00010619505149     
  2.307330838313147E-002 -7.711432743291844E-003  0.000000000000000E+000
   1.31533811088227     
  0.979092499624146       7.109213951586838E-003  0.000000000000000E+000
  5.887931056349771E-004  1.305853917430598E-003 -4.368490038262212E-004
  0.000000000000000E+000  1.742702921256819E-003   1.00010676825569     
  2.320557403623437E-002 -7.790887315476794E-003  0.000000000000000E+000
   1.31924850335491     
  0.981040412003663       6.456571309978007E-003  0.000000000000000E+000
  5.429754896567829E-003  1.321313203744969E-003 -4.435128225195014E-004
  0.000000000000000E+000  1.764826026264470E-003   1.00010710725807     
  2.346717593590558E-002 -7.924166379909101E-003  0.000000000000000E+000
   1.32684559671285     
  0.982891947157505       5.833935565282952E-003  0.000000000000000E+000
  1.108386329065070E-002  1.347298941120507E-003 -4.533390692128238E-004
  0.000000000000000E+000  1.800638010333330E-003   1.00010758571028     
  2.391343298890281E-002 -8.126922819332154E-003  0.000000000000000E+000
   1.33969537955483     
  0.984651967760095       5.241361940622983E-003  0.000000000000000E+000
  1.605446092662532E-002  1.387643417869878E-003 -4.683150913955921E-004
  0.000000000000000E+000  1.855958509265470E-003   1.00010803001289     
  2.460986624916549E-002 -8.430492971073018E-003  0.000000000000000E+000
   1.35944040968355     
  0.986324073484050       4.675688102940933E-003  0.000000000000000E+000
  2.126114325960771E-002  1.445884406410690E-003 -4.891384229565050E-004
  0.000000000000000E+000  1.935022829367195E-003   1.00010855191801     
  2.561995416026303E-002 -8.852806817335669E-003  0.000000000000000E+000
   1.38753637617791     
  0.987913151962970       4.138102405654422E-003  0.000000000000000E+000
  2.593874991794110E-002  1.526333035461752E-003 -5.176632938870886E-004
  0.000000000000000E+000  2.043996329348840E-003   1.00010899861735     
  2.701828266396129E-002 -9.427390954228468E-003  0.000000000000000E+000
   1.42548085088996     
  0.989422284346865       3.624972708483789E-003  0.000000000000000E+000
  3.070975345985971E-002  1.633147634672978E-003 -5.553407702140715E-004
  0.000000000000000E+000  2.188488404887050E-003   1.00010948249042     
  2.887655060025749E-002 -1.018330460934327E-002  0.000000000000000E+000
   1.47435580689974     
  0.990855986116638       3.137404434411224E-003  0.000000000000000E+000
  3.574564611767528E-002  1.773280605219862E-003 -6.041103586875073E-004
  0.000000000000000E+000  2.377390963907369E-003   1.00011004519557     
  3.131653459163389E-002 -1.116963862734002E-002  0.000000000000000E+000
   1.53622587089833     
  0.992217346477003       2.672802303082331E-003  0.000000000000000E+000
  3.993154551699263E-002  1.954879891155966E-003 -6.674715702868140E-004
  0.000000000000000E+000  2.622351461442780E-003   1.00011054122180     
  3.447804516276023E-002 -1.244744655801467E-002  0.000000000000000E+000
   1.61284619673607     
  0.993510174322061       2.231164727309214E-003  0.000000000000000E+000
  4.426241184933133E-002  2.187018852336927E-003 -7.481062366385447E-004
  0.000000000000000E+000  2.935125088975472E-003   1.00011098389826     
  3.851943717787160E-002 -1.408108393139567E-002  0.000000000000000E+000
   1.70584758877018     
  0.994737525725376       1.810755225233402E-003  0.000000000000000E+000
  4.878386017185221E-002  2.484085413605573E-003 -8.513120239967039E-004
  0.000000000000000E+000  3.335397437602277E-003   1.00011132204839     
  4.368571956427304E-002 -1.618615154772390E-002  0.000000000000000E+000
   1.81794025031697     
  0.995902771433444       1.411209649882540E-003  0.000000000000000E+000
  5.172435411100196E-002  2.860189308288576E-003 -9.819681100453866E-004
  0.000000000000000E+000  3.842157418333962E-003   1.00011186694867     
  5.022591259105129E-002 -1.885300356121761E-002  0.000000000000000E+000
   1.95065903835485     
  0.997008737262081       1.031015434896345E-003  0.000000000000000E+000
  4.569117178289162E-002  3.318685084246863E-003 -1.141421366327033E-003
  0.000000000000000E+000  4.460106450573896E-003   1.00011183415299     
  5.822262647889226E-002 -2.203333052398975E-002  0.000000000000000E+000
   2.10108648558792     
  0.998058487802895       6.697802340236996E-004  0.000000000000000E+000
  3.427423630341764E-002  3.842704122299494E-003 -1.323454393479088E-003
  0.000000000000000E+000  5.166158515778582E-003   1.00011172545910     
  6.739690999714421E-002 -2.556799834513774E-002  0.000000000000000E+000
   2.26076419499208     
  0.999054695653817       3.263822780710836E-004  0.000000000000000E+000
  1.606990568097899E-002  4.394106042680984E-003 -1.515891276705525E-003
  0.000000000000000E+000  5.909997319386509E-003   1.00011260124006     
  7.710282465779805E-002 -2.913456505573031E-002  0.000000000000000E+000
   2.41726355770449     
   1.00000000000000      -1.665324653670056E-017  0.000000000000000E+000
  0.105509146931581       5.110038661436784E-003 -9.041166492906563E-004
  0.000000000000000E+000  6.014155310727441E-003   1.00012954946913     
  9.005469069045477E-002 -4.691790925175155E-002  0.000000000000000E+000
   2.74933974075133     
