 variables = "X","Y","Z","Cp","Cfx","Cfy","Cfz","Cf","T","u","v","w","yplus"
 zone i=         151
   1.00000000000000       1.665324653670056E-017  0.000000000000000E+000
  0.116819458876762       8.841296801750876E-003 -2.419421434796664E-004
  0.000000000000000E+000  9.083238945230542E-003   1.00018761473401     
  0.167213544115579      -2.949217836110975E-002  0.000000000000000E+000
   3.59107253532711     
  0.999001425599671       5.447267690042997E-005  0.000000000000000E+000
  0.105199051850150       8.399256998058000E-003 -4.575135176460381E-004
  0.000000000000000E+000  8.856770515704038E-003   1.00019804619226     
  0.157363086156192      -6.365552925305257E-003  0.000000000000000E+000
   3.43396555748032     
  0.997949997818270       1.116616879644300E-004  0.000000000000000E+000
  0.115281485457444       7.956583627645087E-003 -4.320469305407639E-004
  0.000000000000000E+000  8.388630558185851E-003   1.00019785515171     
  0.149054292333117      -6.307806190863240E-003  0.000000000000000E+000
   3.34223772730296     
  0.996843037128316       1.716701774105140E-004  0.000000000000000E+000
  0.124752057589149       7.578499259373441E-003 -4.103508839002420E-004
  0.000000000000000E+000  7.988850143273683E-003   1.00019772268055     
  0.141958604114720      -6.245813982243616E-003  0.000000000000000E+000
   3.26185910862600     
  0.995677746198344       2.346938777538863E-004  0.000000000000000E+000
  0.134489134737578       7.256899825776067E-003 -3.917756946810758E-004
  0.000000000000000E+000  7.648675520457143E-003   1.00019776079990     
  0.135924171596158      -6.172609309055248E-003  0.000000000000000E+000
   3.19190540220568     
  0.994451193364049       3.007928008083059E-004  0.000000000000000E+000
  0.144131097985564       6.984539338826791E-003 -3.757299269059564E-004
  0.000000000000000E+000  7.360269265732747E-003   1.00019804297588     
  0.130813741830264      -6.109205855844843E-003  0.000000000000000E+000
   3.13144731963773     
  0.993160320569400       3.701124539357903E-004  0.000000000000000E+000
  0.152263936123290       6.759841595618764E-003 -3.624237539095569E-004
  0.000000000000000E+000  7.122265349528321E-003   1.00019854085361     
  0.126596683766527      -6.075800081385710E-003  0.000000000000000E+000
   3.08067810197424     
  0.991801936040528       4.428260084685768E-004  0.000000000000000E+000
  0.158172378999097       6.582042553181432E-003 -3.515625913280229E-004
  0.000000000000000E+000  6.933605144509455E-003   1.00019906150553     
  0.123259323964465      -6.059762767752901E-003  0.000000000000000E+000
   3.03991050751171     
  0.990372703239448       5.189985854962523E-004  0.000000000000000E+000
  0.162847132881097       6.446245979509281E-003 -3.429073741952999E-004
  0.000000000000000E+000  6.789153353704580E-003   1.00019951850620     
  0.120710520479871      -6.046186202522124E-003  0.000000000000000E+000
   3.00840917161893     
  0.988869149734546       5.988289370959963E-004  0.000000000000000E+000
  0.167295534148479       6.344810363088032E-003 -3.361907563278241E-004
  0.000000000000000E+000  6.681001119415856E-003   1.00019999441762     
  0.118806828519437      -6.034446830577554E-003  0.000000000000000E+000
   2.98466845847129     
  0.987287653567351       6.824581442352054E-004  0.000000000000000E+000
  0.170513781938325       6.271428129551814E-003 -3.307014196170907E-004
  0.000000000000000E+000  6.602129549168905E-003   1.00020026941416     
  0.117430227517773      -6.016700482889475E-003  0.000000000000000E+000
   2.96738634084035     
  0.985624436699843       7.699165229630898E-004  0.000000000000000E+000
  0.173741566907893       6.218425099699091E-003 -3.265597927366118E-004
  0.000000000000000E+000  6.544984892435703E-003   1.00020037122046     
  0.116436826072019      -5.988835231165383E-003  0.000000000000000E+000
   2.95484681879370     
  0.983875589210279       8.616377525778661E-004  0.000000000000000E+000
  0.177248104879936       6.176385381610474E-003 -3.225377405846793E-004
  0.000000000000000E+000  6.498923122195153E-003   1.00020027776619     
  0.115650476423655      -5.939022147120914E-003  0.000000000000000E+000
   2.94487674665054     
  0.982037001885699       9.572376115019621E-004  0.000000000000000E+000
  0.182279356813297       6.139023844503488E-003 -3.191697123774637E-004
  0.000000000000000E+000  6.458193556880951E-003   1.00020052376762     
  0.114951938765155      -5.888450709546288E-003  0.000000000000000E+000
   2.93598577229812     
  0.980104478202655       1.057699935824212E-003  0.000000000000000E+000
  0.186514757245959       6.105067789779649E-003 -3.153717769364500E-004
  0.000000000000000E+000  6.420439566716099E-003   1.00020080728997     
  0.114317766027272      -5.830999957975258E-003  0.000000000000000E+000
   2.92789316950416     
  0.978073553669464       1.161948348956863E-003  0.000000000000000E+000
  0.190389380604074       6.074860249059219E-003 -3.118233046144297E-004
  0.000000000000000E+000  6.386683553673648E-003   1.00020113464242     
  0.113753837782258      -5.774627066710933E-003  0.000000000000000E+000
   2.92067628666624     
  0.975939733923639       1.271478426898274E-003  0.000000000000000E+000
  0.194563190164445       6.047020818994801E-003 -3.085652181028512E-004
  0.000000000000000E+000  6.355586037097652E-003   1.00020162536047     
  0.113234297857784      -5.721131284692434E-003  0.000000000000000E+000
   2.91401204128546     
  0.973698227034776       1.385180156087390E-003  0.000000000000000E+000
  0.197906398636633       6.021729302736023E-003 -3.050295288088784E-004
  0.000000000000000E+000  6.326758831544902E-003   1.00020204172422     
  0.112762712908842      -5.664208233212509E-003  0.000000000000000E+000
   2.90795083156605     
  0.971344194597081       1.504258504303337E-003  0.000000000000000E+000
  0.201571932140268       5.998926905121740E-003 -3.018925911246226E-004
  0.000000000000000E+000  6.300819496246363E-003   1.00020255001739     
  0.112337695326132      -5.611551547287923E-003  0.000000000000000E+000
   2.90247737444686     
  0.968872537262536       1.628001624485897E-003  0.000000000000000E+000
  0.204533935321024       5.978168598809662E-003 -2.983758143968519E-004
  0.000000000000000E+000  6.276544413206514E-003   1.00020295098232     
  0.111951387763315      -5.551783733357346E-003  0.000000000000000E+000
   2.89749394161682     
  0.966278062333970       1.757096938973359E-003  0.000000000000000E+000
  0.207984881303901       5.958666977671739E-003 -2.951765827096489E-004
  0.000000000000000E+000  6.253843560381388E-003   1.00020346789001     
  0.111588555531157      -5.494680816481762E-003  0.000000000000000E+000
   2.89280470357110     
  0.963555373647426       1.891373763395130E-003  0.000000000000000E+000
  0.210962590646659       5.939807400770962E-003 -2.915398067939700E-004
  0.000000000000000E+000  6.231347207564932E-003   1.00020390638093     
  0.111238136445115      -5.430315115424822E-003  0.000000000000000E+000
   2.88826951769847     
  0.960698927782761       2.030904889090778E-003  0.000000000000000E+000
  0.214387840424934       5.921287406715122E-003 -2.881039922304226E-004
  0.000000000000000E+000  6.209391398945544E-003   1.00020440185011     
  0.110894028136915      -5.367069617393872E-003  0.000000000000000E+000
   2.88380798722144     
  0.957703044267799       2.176098169407578E-003  0.000000000000000E+000
  0.217439072241177       5.902706381388502E-003 -2.842651185245123E-004
  0.000000000000000E+000  6.186971499913014E-003   1.00020481741031     
  0.110549123092241      -5.297018320284824E-003  0.000000000000000E+000
   2.87932994680548     
  0.954561846157195       2.326415247496387E-003  0.000000000000000E+000
  0.220883494386953       5.883846456609082E-003 -2.804760617500383E-004
  0.000000000000000E+000  6.164322518359120E-003   1.00020529305868     
  0.110198985724873      -5.226224476593743E-003  0.000000000000000E+000
   2.87477579456631     
  0.951269384357213       2.482757904136671E-003  0.000000000000000E+000
  0.224130677887615       5.863995118845225E-003 -2.763625065568339E-004
  0.000000000000000E+000  6.140357625402059E-003   1.00020572285046     
  0.109830558657627      -5.149143409661220E-003  0.000000000000000E+000
   2.86997588762027     
  0.947819482538107       2.644120805717701E-003  0.000000000000000E+000
  0.227492954986928       5.843247700519577E-003 -2.721031718215114E-004
  0.000000000000000E+000  6.115350872341088E-003   1.00020616938491     
  0.109445391789847      -5.069432542198340E-003  0.000000000000000E+000
   2.86494886243212     
  0.944205942257812       2.811651156899837E-003  0.000000000000000E+000
  0.231053650564945       5.820996041097573E-003 -2.676692650334675E-004
  0.000000000000000E+000  6.088665306131040E-003   1.00020665188732     
  0.109032199931383      -4.985364449816008E-003  0.000000000000000E+000
   2.85954557615628     
  0.940422342196095       2.984205242399509E-003  0.000000000000000E+000
  0.234356965060670       5.797107605349757E-003 -2.628497415082457E-004
  0.000000000000000E+000  6.059957346858003E-003   1.00020710105217     
  0.108588544456295      -4.894687197041458E-003  0.000000000000000E+000
   2.85373197316432     
  0.936462258150449       3.162718150678633E-003  0.000000000000000E+000
  0.238143114632521       5.770769341228784E-003 -2.580323428744153E-004
  0.000000000000000E+000  6.028801684103200E-003   1.00020765280283     
  0.108098963690726      -4.802368698239771E-003  0.000000000000000E+000
   2.84730139631587     
  0.932319101600151       3.346467535361265E-003  0.000000000000000E+000
  0.240916015247649       5.741973852708878E-003 -2.525559353285905E-004
  0.000000000000000E+000  5.994529788037468E-003   1.00020804158469     
  0.107563686669934      -4.699825848309867E-003  0.000000000000000E+000
   2.84025389629627     
  0.927986251584928       3.535462227755561E-003  0.000000000000000E+000
  0.244809068135282       5.712705585216307E-003 -2.474269602336556E-004
  0.000000000000000E+000  5.960132545449963E-003   1.00020862547217     
  0.107019085469784      -4.606411682237898E-003  0.000000000000000E+000
   2.83306764353808     
  0.923457056336885       3.730240913818279E-003  0.000000000000000E+000
  0.247568885849205       5.685791525939780E-003 -2.415793395778689E-004
  0.000000000000000E+000  5.927370865517649E-003   1.00020899749087     
  0.106519126938510      -4.502071711270662E-003  0.000000000000000E+000
   2.82645672936480     
  0.918724734063985       3.928866629792209E-003  0.000000000000000E+000
  0.251990104689412       5.661391846633521E-003 -2.364809368137923E-004
  0.000000000000000E+000  5.897872783447313E-003   1.00020966753415     
  0.106065825536194      -4.408228486616123E-003  0.000000000000000E+000
   2.82044928436082     
  0.913782702004972       4.134308086652536E-003  0.000000000000000E+000
  0.255781974971569       5.638662535526051E-003 -2.303295444008509E-004
  0.000000000000000E+000  5.868992079926902E-003   1.00021022060719     
  0.105644588149816      -4.296819365999726E-003  0.000000000000000E+000
   2.81485769983641     
  0.908624062312831       4.341309162270438E-003  0.000000000000000E+000
  0.259298973020350       5.618959690437815E-003 -2.242038079365364E-004
  0.000000000000000E+000  5.843163498374352E-003   1.00021068060172     
  0.105280059598445      -4.184964394337343E-003  0.000000000000000E+000
   2.81001092139977     
  0.903242385263693       4.554834075679027E-003  0.000000000000000E+000
  0.264491721928152       5.598028252049345E-003 -2.186164639580249E-004
  0.000000000000000E+000  5.816644716007371E-003   1.00021143592251     
  0.104892254875723      -4.077264455902030E-003  0.000000000000000E+000
   2.80484286693427     
  0.897630946103148       4.770477692087010E-003  0.000000000000000E+000
  0.267631272829249       5.573826313357341E-003 -2.115512129110684E-004
  0.000000000000000E+000  5.785377526268409E-003   1.00021184740335     
  0.104443948202265      -3.944498723204948E-003  0.000000000000000E+000
   2.79885486332454     
  0.891783373400719       4.989646083122509E-003  0.000000000000000E+000
  0.273445076998769       5.548859844107573E-003 -2.058709869752320E-004
  0.000000000000000E+000  5.754730831082805E-003   1.00021274964684     
  0.103980109729371      -3.840164376361670E-003  0.000000000000000E+000
   2.79264816174896     
  0.885693421287334       5.213290243712273E-003  0.000000000000000E+000
  0.277249766097157       5.528464653787203E-003 -1.984358901529137E-004
  0.000000000000000E+000  5.726900543940116E-003   1.00021330535191     
  0.103602978629876      -3.708040345101082E-003  0.000000000000000E+000
   2.78759562159103     
  0.879354799790459       5.435549238576376E-003  0.000000000000000E+000
  0.280939360328603       5.516142600567747E-003 -1.912713914759401E-004
  0.000000000000000E+000  5.707413992043687E-003   1.00021379330205     
  0.103377134574116      -3.577463632311850E-003  0.000000000000000E+000
   2.78457027226998     
  0.872761850024891       5.661595916410732E-003  0.000000000000000E+000
  0.287249615205155       5.500612315742065E-003 -1.851786212243211E-004
  0.000000000000000E+000  5.685790936966386E-003   1.00021473290029     
  0.103090587106263      -3.457465585413151E-003  0.000000000000000E+000
   2.78072017671243     
  0.865908887614107       5.888050303986711E-003  0.000000000000000E+000
  0.290529987875516       5.477306247139213E-003 -1.767155252987413E-004
  0.000000000000000E+000  5.654021772437954E-003   1.00021514455801     
  0.102659333771846      -3.296599167798411E-003  0.000000000000000E+000
   2.77490933053272     
  0.858790596690845       6.112150921137999E-003  0.000000000000000E+000
  0.294547836685069       5.453949263701689E-003 -1.689970772279097E-004
  0.000000000000000E+000  5.622946340929599E-003   1.00021567836954     
  0.102226369814655      -3.153254225646559E-003  0.000000000000000E+000
   2.76906506786818     
  0.851402232938537       6.337426796155764E-003  0.000000000000000E+000
  0.300669993123392       5.428032187928810E-003 -1.615115090514874E-004
  0.000000000000000E+000  5.589543696980297E-003   1.00021658309059     
  0.101745136303987      -3.010802283885192E-003  0.000000000000000E+000
   2.76255241462880     
  0.843739242234269       6.559807874772471E-003  0.000000000000000E+000
  0.304498558975638       5.399654633999237E-003 -1.520326825484652E-004
  0.000000000000000E+000  5.551687316547703E-003   1.00021708353813     
  0.101218468064256      -2.834704112763171E-003  0.000000000000000E+000
   2.75540529395140     
  0.835797614343686       6.776554441764220E-003  0.000000000000000E+000
  0.308535616191875       5.375294465482435E-003 -1.434147710097084E-004
  0.000000000000000E+000  5.518709236492143E-003   1.00021762488701     
  0.100766437137590      -2.675849016836442E-003  0.000000000000000E+000
   2.74925821265040     
  0.827574033874230       6.990933322577417E-003  0.000000000000000E+000
  0.315212102819032       5.351483136462843E-003 -1.357605229283443E-004
  0.000000000000000E+000  5.487243659391187E-003   1.00021865009051     
  0.100324032688704      -2.532678830409415E-003  0.000000000000000E+000
   2.74322879684965     
  0.819065622350018       7.200829533666883E-003  0.000000000000000E+000
  0.319250835505272       5.330424578884650E-003 -1.256799214640055E-004
  0.000000000000000E+000  5.456104500348656E-003   1.00021921381583     
  9.993392178161936E-002 -2.348282945429217E-003  0.000000000000000E+000
   2.73790028514797     
  0.810270040767068       7.398615321999188E-003  0.000000000000000E+000
  0.322820666769758       5.318010605825617E-003 -1.157033428328351E-004
  0.000000000000000E+000  5.433713948658452E-003   1.00021967320377     
  9.970560544614521E-002 -2.164559714879544E-003  0.000000000000000E+000
   2.73477983199263     
  0.801185958372473       7.589628713596443E-003  0.000000000000000E+000
  0.328905384501923       5.305523469281425E-003 -1.075039634866259E-004
  0.000000000000000E+000  5.413027432768051E-003   1.00022056719038     
  9.947498770518463E-002 -2.008200638395938E-003  0.000000000000000E+000
   2.73162313610194     
  0.791812627973472       7.772394067772765E-003  0.000000000000000E+000
  0.334458506711826       5.284464662634840E-003 -9.801287562251102E-005
  0.000000000000000E+000  5.382477538257351E-003   1.00022135702512     
  9.908367838372142E-002 -1.826557846602942E-003  0.000000000000000E+000
   2.72625039703679     
  0.782150065254686       7.942422822669317E-003  0.000000000000000E+000
  0.338275704911439       5.259898635483598E-003 -8.679244889240014E-005
  0.000000000000000E+000  5.346691084375998E-003   1.00022183352369     
  9.862653856144105E-002 -1.617021459106702E-003  0.000000000000000E+000
   2.71995682605656     
  0.772199185767239       8.095718475719276E-003  0.000000000000000E+000
  0.342294460149787       5.239197321519210E-003 -7.612388246721043E-005
  0.000000000000000E+000  5.315321203986420E-003   1.00022237332286     
  9.824120249295037E-002 -1.419222902659509E-003  0.000000000000000E+000
   2.71463985283177     
  0.761961923922881       8.235501917519613E-003  0.000000000000000E+000
  0.347873186394509       5.219146112285620E-003 -6.652090976480259E-005
  0.000000000000000E+000  5.285667022050423E-003   1.00022321872306     
  9.786733930049010E-002 -1.238091070110067E-003  0.000000000000000E+000
   2.70946958740307     
  0.751441078648974       8.360036325710233E-003  0.000000000000000E+000
  0.353862482068962       5.196304450269267E-003 -5.661425244714753E-005
  0.000000000000000E+000  5.252918702716414E-003   1.00022419556503     
  9.744067139686906E-002 -1.052517431908952E-003  0.000000000000000E+000
   2.70355457700261     
  0.740640446574066       8.467539394565621E-003  0.000000000000000E+000
  0.358137544792726       5.177120595736170E-003 -4.485654840843939E-005
  0.000000000000000E+000  5.221977144144609E-003   1.00022492299107     
  9.708214740404550E-002 -8.354068690372156E-004  0.000000000000000E+000
   2.69856764990847     
  0.729564815658738       8.549226778783900E-003  0.000000000000000E+000
  0.361899473198264       5.165204921646530E-003 -3.284093706173213E-005
  0.000000000000000E+000  5.198045858708263E-003   1.00022559398489     
  9.685928146945488E-002 -6.120943788718915E-004  0.000000000000000E+000
   2.69545610976859     
  0.718220157151689       8.609815858319162E-003  0.000000000000000E+000
  0.367176983746276       5.154521690784940E-003 -2.226062904159062E-005
  0.000000000000000E+000  5.176782319826531E-003   1.00022656136082     
  9.665856976895487E-002 -4.129085990448356E-004  0.000000000000000E+000
   2.69264528436599     
  0.706613454876314       8.648074977020741E-003  0.000000000000000E+000
  0.372113440065505       5.140986347721158E-003 -1.157349490202364E-005
  0.000000000000000E+000  5.152559842623182E-003   1.00022746562909     
  9.640314744083014E-002 -2.115758455261885E-004  0.000000000000000E+000
   2.68905689602291     
  0.694752788406665       8.662372544331720E-003  0.000000000000000E+000
  0.377381757851481       5.126506862234354E-003 -7.177508241870776E-007
  0.000000000000000E+000  5.127224613058541E-003   1.00022843071685     
  9.612865010873047E-002 -8.231066428379375E-006  0.000000000000000E+000
   2.68518424488463     
  0.682647343539202       8.651157664054129E-003  0.000000000000000E+000
  0.382696854795768       5.114196121425250E-003  1.082944065960151E-005
  0.000000000000000E+000  5.125025562084851E-003   1.00022940964410     
  9.589361395959617E-002  2.064512128023995E-004  0.000000000000000E+000
   2.68184732288155     
  0.670307422204054       8.610315629881678E-003  0.000000000000000E+000
  0.386675074293635       5.107445116320279E-003  2.318541649415066E-005
  0.000000000000000E+000  5.130630532814430E-003   1.00023016459789     
  9.576167498170143E-002  4.357029965867297E-004  0.000000000000000E+000
   2.67993987650399     
  0.657744432187388       8.537819516044324E-003  0.000000000000000E+000
  0.390771554838693       5.106080848907636E-003  3.503033482820199E-005
  0.000000000000000E+000  5.141111183735838E-003   1.00023095873074     
  9.572977451887082E-002  6.567480723661675E-004  0.000000000000000E+000
   2.67942499113995     
  0.644970813927204       8.436245338104848E-003  0.000000000000000E+000
  0.395786669881772       5.105546738826345E-003  4.617800028907874E-005
  0.000000000000000E+000  5.151724739115424E-003   1.00023192886520     
  9.571250768631676E-002  8.661028244982584E-004  0.000000000000000E+000
   2.67910812956113     
  0.632000051176599       8.304733450058579E-003  0.000000000000000E+000
  0.400546379135676       5.103783105750178E-003  5.731633793619685E-005
  0.000000000000000E+000  5.161099443686376E-003   1.00023286117725     
  9.567108749361575E-002  1.075095718391109E-003  0.000000000000000E+000
   2.67844392384514     
  0.618846621299056       8.142643113908310E-003  0.000000000000000E+000
  0.405280928997627       5.101975799480556E-003  6.840427989018533E-005
  0.000000000000000E+000  5.170380079370741E-003   1.00023379736777     
  9.562771434092246E-002  1.282682162390803E-003  0.000000000000000E+000
   2.67774241352830     
  0.605525942452643       7.949576021555563E-003  0.000000000000000E+000
  0.410188245512018       5.100616508842510E-003  7.939717421367372E-005
  0.000000000000000E+000  5.180013683056184E-003   1.00023476877925     
  9.559157216023799E-002  1.488483485598746E-003  0.000000000000000E+000
   2.67713170524110     
  0.592054310759683       7.725396929789890E-003  0.000000000000000E+000
  0.415391378165396       5.099358637088265E-003  9.036146955025026E-005
  0.000000000000000E+000  5.189720106638515E-003   1.00023579922568     
  9.555607169717813E-002  1.693591772952382E-003  0.000000000000000E+000
   2.67651844215511     
  0.578448841139469       7.469587338919363E-003  0.000000000000000E+000
  0.419723589421892       5.099673990191031E-003  1.017861440851306E-004
  0.000000000000000E+000  5.201460134276162E-003   1.00023667610449     
  9.554844041989560E-002  1.906591474810875E-003  0.000000000000000E+000
   2.67628041312401     
  0.564727426131715       7.179798545920949E-003  0.000000000000000E+000
  0.424224930255832       5.103834264714958E-003  1.128123793164617E-004
  0.000000000000000E+000  5.216646644031419E-003   1.00023757233167     
  9.561135078788270E-002  2.111675527332877E-003  0.000000000000000E+000
   2.67701298794206     
  0.550908452145140       6.860707846468249E-003  0.000000000000000E+000
  0.429656100665397       5.111183201347493E-003  1.228627101033878E-004
  0.000000000000000E+000  5.234045911450881E-003   1.00023862700363     
  9.573212954371844E-002  2.298700303692543E-003  0.000000000000000E+000
   2.67852926563558     
  0.537010910895377       6.513416561857800E-003  0.000000000000000E+000
  0.434775749156643       5.120769321200003E-003  1.325977401858874E-004
  0.000000000000000E+000  5.253367061385890E-003   1.00023960975029     
  9.589258707094442E-002  2.479805291526125E-003  0.000000000000000E+000
   2.68057069452488     
  0.523054228165777       6.139328491792367E-003  0.000000000000000E+000
  0.439928273610576       5.133177693546764E-003  1.419828466939394E-004
  0.000000000000000E+000  5.275160540240704E-003   1.00024056459289     
  9.610433880118018E-002  2.654005476674895E-003  0.000000000000000E+000
   2.68330655654565     
  0.509058155752480       5.740143054580419E-003  0.000000000000000E+000
  0.445181050026349       5.149080344593174E-003  1.509882640590580E-004
  0.000000000000000E+000  5.300068608652232E-003   1.00024149381849     
  9.638024961777208E-002  2.820757848612428E-003  0.000000000000000E+000
   2.68691711147136     
  0.495042659692362       5.317842972884984E-003  0.000000000000000E+000
  0.450577984973052       5.169140317101942E-003  1.595873873703627E-004
  0.000000000000000E+000  5.328727704472304E-003   1.00024240405222     
  9.673273844279490E-002  2.979580687201030E-003  0.000000000000000E+000
   2.69157078898600     
  0.481027806142041       4.874676585191666E-003  0.000000000000000E+000
  0.456170028637189       5.193926781324353E-003  1.677529477727787E-004
  0.000000000000000E+000  5.361679729097132E-003   1.00024327018828     
  9.717246604029454E-002  3.129972671697707E-003  0.000000000000000E+000
   2.69740937025237     
  0.467033646316841       4.413134998349662E-003  0.000000000000000E+000
  0.462203330503826       5.222132865119233E-003  1.754284315417601E-004
  0.000000000000000E+000  5.397561296660993E-003   1.00024411480182     
  9.767432913408740E-002  3.272071039250811E-003  0.000000000000000E+000
   2.70406912392764     
  0.453080108148714       3.935745123473622E-003  0.000000000000000E+000
  0.468312693362122       5.249713597901387E-003  1.826634519951164E-004
  0.000000000000000E+000  5.432377049896503E-003   1.00024492233140     
  9.816128106236183E-002  3.407447632303102E-003  0.000000000000000E+000
   2.71046258446896     
  0.439186917314490       3.444124449314979E-003  0.000000000000000E+000
  0.475151819806115       5.272220499527816E-003  1.887843838696461E-004
  0.000000000000000E+000  5.461004883397462E-003   1.00024581487487     
  9.855080601885732E-002  3.523334421228767E-003  0.000000000000000E+000
   2.71545910514469     
  0.425373323286012       2.943537917647252E-003  0.000000000000000E+000
  0.484098438914316       5.286081975377568E-003  1.933250543439252E-004
  0.000000000000000E+000  5.479407029721494E-003   1.00024708674833     
  9.877767752237318E-002  3.610524707165493E-003  0.000000000000000E+000
   2.71818636002584     
  0.411658191042757       2.437221773305309E-003  0.000000000000000E+000
  0.494779029511619       5.290262793114158E-003  1.989648781041113E-004
  0.000000000000000E+000  5.489227671218270E-003   1.00024874929112     
  9.881940641750470E-002  3.717629018035918E-003  0.000000000000000E+000
   2.71832215593383     
  0.398060300010423       1.916233981970908E-003  0.000000000000000E+000
  0.505863666472578       5.282508346137357E-003  2.116910621299445E-004
  0.000000000000000E+000  5.494199408267302E-003   1.00025054855945     
  9.862349880758389E-002  3.958127972387124E-003  0.000000000000000E+000
   2.71506579521908     
  0.384598635456386       1.352902573853140E-003  0.000000000000000E+000
  0.514753865203829       5.258246897942814E-003  2.334177650732725E-004
  0.000000000000000E+000  5.491664663016087E-003   1.00025202089775     
  9.809755462532524E-002  4.366987716739268E-003  0.000000000000000E+000
   2.70707036030038     
  0.371291267288200       7.281164213263902E-004  0.000000000000000E+000
  0.519730568473733       5.225641127210794E-003  2.591349684365415E-004
  0.000000000000000E+000  5.484776095647336E-003   1.00025289874560     
  9.740004194431356E-002  4.842679317973681E-003  0.000000000000000E+000
   2.69652837442146     
  0.358154780898738       4.178473641569574E-005  0.000000000000000E+000
  0.525307231462875       5.200065947059924E-003  2.846494806102228E-004
  0.000000000000000E+000  5.484715427670147E-003   1.00025406801084     
  9.682602117139155E-002  5.309011491640666E-003  0.000000000000000E+000
   2.68757965075421     
  0.345204555188213      -6.996594131643285E-004  0.000000000000000E+000
  0.530702941200843       5.186883983023278E-003  3.108520755666767E-004
  0.000000000000000E+000  5.497736058589955E-003   1.00025534533311     
  9.647293030385165E-002  5.786813553127531E-003  0.000000000000000E+000
   2.68157527838659     
  0.332455505085775      -1.498146808410845E-003  0.000000000000000E+000
  0.533875718604122       5.185103572129714E-003  3.363513500261960E-004
  0.000000000000000E+000  5.521454922155910E-003   1.00025634542265     
  9.632315844419120E-002  6.250155697171507E-003  0.000000000000000E+000
   2.67827886595071     
  0.319920537181743      -2.339667901782980E-003  0.000000000000000E+000
  0.537960798004633       5.190477472878406E-003  3.586886912269899E-004
  0.000000000000000E+000  5.549166164105396E-003   1.00025762564030     
  9.630271752119615E-002  6.655545985869852E-003  0.000000000000000E+000
   2.67670158550057     
  0.307611656831778      -3.214917519367286E-003  0.000000000000000E+000
  0.542511090096468       5.198927276349324E-003  3.790622026265970E-004
  0.000000000000000E+000  5.577989478975922E-003   1.00025904024905     
  9.633412858940205E-002  7.023548977564224E-003  0.000000000000000E+000
   2.67575787311443     
  0.295539909591286      -4.117285986877651E-003  0.000000000000000E+000
  0.547191151965080       5.210589311036891E-003  3.980231367035774E-004
  0.000000000000000E+000  5.608612447740469E-003   1.00026056814417     
  9.641749346872690E-002  7.363394750452703E-003  0.000000000000000E+000
   2.67541892089042     
  0.283715218424319      -5.040365564571752E-003  0.000000000000000E+000
  0.552709150411602       5.225340360095463E-003  4.155963571944225E-004
  0.000000000000000E+000  5.640936717289886E-003   1.00026235669248     
  9.654960021198451E-002  7.676523142914305E-003  0.000000000000000E+000
   2.67562700568620     
  0.272146384621058      -5.978022424434283E-003  0.000000000000000E+000
  0.557856482523448       5.243021822558311E-003  4.327966848098936E-004
  0.000000000000000E+000  5.675818507368205E-003   1.00026416082771     
  9.672491037500408E-002  7.980784811904309E-003  0.000000000000000E+000
   2.67628551719736     
  0.260841459952367      -6.928699530984975E-003  0.000000000000000E+000
  0.562294540685571       5.265998828631910E-003  4.491122679169703E-004
  0.000000000000000E+000  5.715111096548880E-003   1.00026596294153     
  9.698786402436381E-002  8.265370806379272E-003  0.000000000000000E+000
   2.67800054376194     
  0.249806769810523      -7.883567295849768E-003  0.000000000000000E+000
  0.567716781243234       5.295824488033069E-003  4.628329835488587E-004
  0.000000000000000E+000  5.758657471581928E-003   1.00026816985748     
  9.737233934128096E-002  8.500647709298755E-003  0.000000000000000E+000
   2.68127142595242     
  0.239047492115207      -8.833844321215513E-003  0.000000000000000E+000
  0.573676101763112       5.331726760252039E-003  4.746274330684538E-004
  0.000000000000000E+000  5.806354193320493E-003   1.00027061676956     
  9.786119418140449E-002  8.699766276627764E-003  0.000000000000000E+000
   2.68583082731563     
  0.228568063927081      -9.774779615069130E-003  0.000000000000000E+000
  0.579669382839029       5.372500555254575E-003  4.853054521140127E-004
  0.000000000000000E+000  5.857806007368588E-003   1.00027313105339     
  9.842779434809906E-002  8.877229850108311E-003  0.000000000000000E+000
   2.69126429254135     
  0.218371927887734      -1.070216068614966E-002  0.000000000000000E+000
  0.585476076797704       5.418420853910486E-003  4.952191680719552E-004
  0.000000000000000E+000  5.913640021982441E-003   1.00027566092503     
  9.907485749445717E-002  9.038480693016698E-003  0.000000000000000E+000
   2.69757742916472     
  0.208461650332017      -1.161318441176501E-002  0.000000000000000E+000
  0.591624996930932       5.470238222452255E-003  5.034212610834838E-004
  0.000000000000000E+000  5.973659483535738E-003   1.00027822669964     
  9.981807247760108E-002  9.166483534092497E-003  0.000000000000000E+000
   2.70498233139025     
  0.198838436947398      -1.250075963881363E-002  0.000000000000000E+000
  0.598086519326671       5.527690293699644E-003  5.093621808197321E-004
  0.000000000000000E+000  6.037052474519375E-003   1.00028080176747     
  0.100653490656785       9.252206206229290E-003  0.000000000000000E+000
   2.71341912245702     
  0.189502895766597      -1.336127223884795E-002  0.000000000000000E+000
  0.604585568413086       5.591151116907286E-003  5.141837219645803E-004
  0.000000000000000E+000  6.105334838871867E-003   1.00028336037919     
  0.101581429732400       9.315576278136943E-003  0.000000000000000E+000
   2.72282062729896     
  0.180454910724205      -1.419260156117742E-002  0.000000000000000E+000
  0.611799478003832       5.658183677903259E-003  5.167932435734441E-004
  0.000000000000000E+000  6.174976921476704E-003   1.00028592207046     
  0.102559460041030       9.339938824596102E-003  0.000000000000000E+000
   2.73262658633957     
  0.171693255296651      -1.498933665163374E-002  0.000000000000000E+000
  0.620070427687779       5.723378079131530E-003  5.159538947527463E-004
  0.000000000000000E+000  6.239331973884276E-003   1.00028851170378     
  0.103491062922497       9.303516955922313E-003  0.000000000000000E+000
   2.74156036583782     
  0.163216160245772      -1.574824056262389E-002  0.000000000000000E+000
  0.628620149008839       5.785854776403880E-003  5.132346481429578E-004
  0.000000000000000E+000  6.299089424546838E-003   1.00029107986559     
  0.104351289388302       9.230795726234692E-003  0.000000000000000E+000
   2.74921310737079     
  0.155021505005991      -1.646991939561590E-002  0.000000000000000E+000
  0.636651404870690       5.847355856185512E-003  5.091888753334464E-004
  0.000000000000000E+000  6.356544731518958E-003   1.00029346991642     
  0.105169167053550       9.132372313769475E-003  0.000000000000000E+000
   2.75596081613917     
  0.147106334224531      -1.715296303207054E-002  0.000000000000000E+000
  0.646546169064777       5.905571688043138E-003  4.986401662937287E-004
  0.000000000000000E+000  6.404211854336867E-003   1.00029587335127     
  0.105925002066072       8.919120835517595E-003  0.000000000000000E+000
   2.76175100948230     
  0.139466267089614      -1.778558548152064E-002  0.000000000000000E+000
  0.657520793168260       5.960789947467337E-003  4.852091250846608E-004
  0.000000000000000E+000  6.445999072551997E-003   1.00029812900896     
  0.106604477389183       8.653556258550721E-003  0.000000000000000E+000
   2.76622720520934     
  0.132098175810340      -1.837689199987649E-002  0.000000000000000E+000
  0.666205053462136       6.020259214977384E-003  4.746508386368988E-004
  0.000000000000000E+000  6.494910053614283E-003   1.00029977021884     
  0.107309018061193       8.432250853484305E-003  0.000000000000000E+000
   2.77043857387854     
  0.124997769952504      -1.892872200988259E-002  0.000000000000000E+000
  0.677683599603142       6.080353181004538E-003  4.541531415908915E-004
  0.000000000000000E+000  6.534506322595429E-003   1.00030134148433     
  0.108037593389932       8.040630021879828E-003  0.000000000000000E+000
   2.77500117236577     
  0.118158763957459      -1.942103531766246E-002  0.000000000000000E+000
  0.691462739285043       6.135902427494143E-003  4.293802586388091E-004
  0.000000000000000E+000  6.565282686132952E-003   1.00030282676988     
  0.108665281192238       7.579352302191687E-003  0.000000000000000E+000
   2.77801045838259     
  0.111577324482708      -1.987073175919550E-002  0.000000000000000E+000
  0.702052468235706       6.190304757419077E-003  4.110154097794499E-004
  0.000000000000000E+000  6.601320167198527E-003   1.00030356324043     
  0.109189138026283       7.227639752868645E-003  0.000000000000000E+000
   2.77878731612165     
  0.105248108561165      -2.028128798648830E-002  0.000000000000000E+000
  0.716020047277880       6.232945813585428E-003  3.768776303838214E-004
  0.000000000000000E+000  6.609823443969249E-003   1.00030443544792     
  0.109544683567093       6.606088845625006E-003  0.000000000000000E+000
   2.77778413232149     
  9.916376395001603E-002 -2.062514136152142E-002  0.000000000000000E+000
  0.731662471365098       6.269554230469398E-003  3.393921099933977E-004
  0.000000000000000E+000  6.608946340462796E-003   1.00030528902936     
  0.109765552821378       5.927795560484247E-003  0.000000000000000E+000
   2.77476491707979     
  9.332012723962402E-002 -2.093049604161815E-002  0.000000000000000E+000
  0.745047709354139       6.308678019211417E-003  3.090358639678413E-004
  0.000000000000000E+000  6.617713883179258E-003   1.00030538418396     
  0.109933645858935       5.372615195088354E-003  0.000000000000000E+000
   2.77003233724956     
  8.771055058917909E-002 -2.119011388496281E-002  0.000000000000000E+000
  0.762427179340193       6.328935393767657E-003  2.607337760014279E-004
  0.000000000000000E+000  6.589669169769085E-003   1.00030545448975     
  0.109828311090035       4.525146944012734E-003  0.000000000000000E+000
   2.76249264897296     
  8.232832898163722E-002 -2.138787159074580E-002  0.000000000000000E+000
  0.778935628023419       6.339214571959553E-003  2.160128704729090E-004
  0.000000000000000E+000  6.555227442432462E-003   1.00030481866550     
  0.109473820473347       3.740764720843650E-003  0.000000000000000E+000
   2.75099814040006     
  7.716826630280238E-002 -2.155356702706770E-002  0.000000000000000E+000
  0.796139156717800       6.337114374236232E-003  1.644074776712263E-004
  0.000000000000000E+000  6.501521851907458E-003   1.00030279953614     
  0.108896363083077       2.846044869835554E-003  0.000000000000000E+000
   2.73662921631683     
  7.222301122247532E-002 -2.165524915438587E-002  0.000000000000000E+000
  0.817012637754942       6.310690854671301E-003  1.017876910478353E-004
  0.000000000000000E+000  6.412478545719136E-003   1.00029986650186     
  0.107927276755486       1.782627810860446E-003  0.000000000000000E+000
   2.71769283884537     
  6.748705146715417E-002 -2.171479524477504E-002  0.000000000000000E+000
  0.833088639597918       6.277696293904393E-003  5.000737553639218E-005
  0.000000000000000E+000  6.327703669440785E-003   1.00029543110862     
  0.106719012532195       8.998525507439220E-004  0.000000000000000E+000
   2.69420082478992     
  6.295371259758120E-002 -2.173446819730835E-002  0.000000000000000E+000
  0.853704489342590       6.215322663203428E-003 -2.281408662559771E-005
  0.000000000000000E+000  6.238136749829025E-003   1.00029192641037     
  0.105122592744678      -3.041373125021201E-004  0.000000000000000E+000
   2.66715272516378     
  5.861711578290607E-002 -2.168853676842170E-002  0.000000000000000E+000
  0.878057391171751       6.130616110597683E-003 -8.437541726623637E-005
  0.000000000000000E+000  6.214991527863920E-003   1.00029048166547     
  0.103035333853105      -1.301581689565589E-003  0.000000000000000E+000
   2.63229817582660     
  5.447044604999962E-002 -2.162336907966074E-002  0.000000000000000E+000
  0.908318711556376       5.964309917978608E-003 -1.608527694964853E-004
  0.000000000000000E+000  6.125162687475093E-003   1.00029140044634     
  9.968552452526244E-002 -2.459717957503908E-003  0.000000000000000E+000
   2.58223407031268     
  5.050903214194746E-002 -2.147729249486757E-002  0.000000000000000E+000
  0.939592876267398       5.685505396936050E-003 -2.341473520737171E-004
  0.000000000000000E+000  5.919652749009767E-003   1.00029312153418     
  9.449866015120988E-002 -3.546967703177840E-003  0.000000000000000E+000
   2.50758837418639     
  4.672541388620077E-002 -2.131085761769123E-002  0.000000000000000E+000
  0.968941427820710       5.286092017370948E-003 -2.873205930778712E-004
  0.000000000000000E+000  5.573412610448820E-003   1.00029516783089     
  8.727063189901602E-002 -4.220852396141680E-003  0.000000000000000E+000
   2.40205181265026     
  4.311516124701154E-002 -2.108321818922540E-002  0.000000000000000E+000
   1.00226582260666       4.709933315350984E-003 -3.354496945037850E-004
  0.000000000000000E+000  5.045383009854769E-003   1.00029821450101     
  7.734325860890398E-002 -4.779234044707816E-003  0.000000000000000E+000
   2.25572442015795     
  3.967223005436371E-002 -2.081626001427382E-002  0.000000000000000E+000
   1.03360217862405       3.951464860684586E-003 -3.430804008494269E-004
  0.000000000000000E+000  4.294545261534014E-003   1.00030065274010     
  6.447194783697721E-002 -4.612993608253534E-003  0.000000000000000E+000
   2.05289261405349     
  3.639054179185175E-002 -2.050759722952964E-002  0.000000000000000E+000
   1.06699954374221       2.966264404945732E-003 -3.173639200286391E-004
  0.000000000000000E+000  3.283628324974371E-003   1.00030383143608     
  4.821023964495749E-002 -3.862066409760561E-003  0.000000000000000E+000
   1.77100775396533     
  3.326778181846923E-002 -2.014011535744205E-002  0.000000000000000E+000
   1.06530782714208       1.898046902479563E-003 -2.384690605595748E-004
  0.000000000000000E+000  2.136515963039137E-003   1.00030296742282     
  3.069966693039722E-002 -2.639911633427956E-003  0.000000000000000E+000
   1.40871291885188     
  3.029382127105174E-002 -1.975029503451204E-002  0.000000000000000E+000
   1.03168736363727       9.719206809522380E-004 -1.458239696297006E-004
  0.000000000000000E+000  1.117744650581939E-003   1.00030076056378     
  1.572913164005675E-002 -1.281150561892942E-003  0.000000000000000E+000
   1.00581088488686     
  2.747317396944959E-002 -1.928113185504812E-002  0.000000000000000E+000
   1.05493994051403       1.434167826120980E-004 -2.475185607976353E-005
  0.000000000000000E+000  1.681686386918615E-004   1.00030963248949     
  2.471128233713452E-003  6.941722381984142E-004  0.000000000000000E+000
  0.404373571385808     
  2.478833495795718E-002 -1.880921559024042E-002  0.000000000000000E+000
   1.10098780450562      -8.270499212659580E-004  1.676801565066724E-004
  0.000000000000000E+000 -9.947300777726304E-004   1.00032352433458     
 -1.279624398886423E-002  4.287522474582093E-003  0.000000000000000E+000
  0.925766702352061     
  2.225501326225521E-002 -1.823565211469499E-002  0.000000000000000E+000
   1.12387728958606      -2.084013187226019E-003  4.836664332893602E-004
  0.000000000000000E+000 -2.567679620515379E-003   1.00033896905797     
 -3.249103607334435E-002  9.610429247058780E-003  0.000000000000000E+000
   1.46404653483493     
  1.984559696190713E-002 -1.767184233715069E-002  0.000000000000000E+000
   1.18643814935149      -3.686596132596009E-003  9.887141145211446E-004
  0.000000000000000E+000 -4.675310247117153E-003   1.00035905821595     
 -5.733228077862773E-002  1.880466943644397E-002  0.000000000000000E+000
   1.95217577453102     
  1.758713226318775E-002 -1.699731615131953E-002  0.000000000000000E+000
   1.28509152582342      -6.032604208977152E-003  1.860325078956113E-003
  0.000000000000000E+000 -7.892929287933266E-003   1.00038662837592     
 -9.387363325497511E-002  3.389967348866411E-002  0.000000000000000E+000
   2.51144191091491     
  1.544650428983374E-002 -1.632605898462604E-002  0.000000000000000E+000
   1.25022319391064      -9.227179617533318E-003  3.245563690784847E-003
  0.000000000000000E+000 -1.247274330831816E-002   1.00039193755373     
 -0.143356795035528       5.813221101304410E-002  0.000000000000000E+000
   3.12717552381218     
  1.345295496273136E-002 -1.555732975657546E-002  0.000000000000000E+000
   1.23368672914899      -1.310850065952443E-002  5.311511564640976E-003
  0.000000000000000E+000 -1.842001222416540E-002   1.00040273624928     
 -0.204801699148775       9.260243577635208E-002  0.000000000000000E+000
   3.77907533370827     
  1.157947612225185E-002 -1.477144945561017E-002  0.000000000000000E+000
   1.14858233221594      -1.758311246290289E-002  8.125461849771995E-003
  0.000000000000000E+000 -2.570857431267488E-002   1.00040008528802     
 -0.275458595368367       0.140428314559616       0.000000000000000E+000
   4.44221066157821     
  9.848531301419383E-003 -1.390624975671154E-002  0.000000000000000E+000
   1.01483528686981      -2.219390446140383E-002  1.190307654296137E-002
  0.000000000000000E+000 -3.409698100436520E-002   1.00039260573412     
 -0.351248806030995       0.204323469889901       0.000000000000000E+000
   5.12026927379396     
  8.249723698091849E-003 -1.299967384081004E-002  0.000000000000000E+000
   1.01526650785240      -2.703131064522561E-002  1.660810714496221E-002
  0.000000000000000E+000 -4.363941779018782E-002   1.00042225187359     
 -0.431038241422627       0.284861871989541       0.000000000000000E+000
   5.80042356616290     
  6.785477286839425E-003 -1.203901627367612E-002  0.000000000000000E+000
  0.697456397443602      -3.092752053999876E-002  2.235144806862921E-002
  0.000000000000000E+000 -5.327896860862797E-002   1.00040453241517     
 -0.500597995940587       0.385302178120112       0.000000000000000E+000
   6.46632590852095     
  5.478550221508449E-003 -1.101314324896579E-002  0.000000000000000E+000
  0.464957218089921      -3.410552979197210E-002  2.854425886448756E-002
  0.000000000000000E+000 -6.264978865645966E-002   1.00040712624697     
 -0.560570425105550       0.492847200665310       0.000000000000000E+000
   7.07729892079254     
  4.290827434544564E-003 -9.965556159078107E-003  0.000000000000000E+000
  1.918382152166487E-002 -3.454019149342656E-002  3.469895760417656E-002
  0.000000000000000E+000 -6.923914909760312E-002   1.00035942254382     
 -0.579593337309590       0.604557603231960       0.000000000000000E+000
   7.56807784298910     
  3.296772041745166E-003 -8.840112919361187E-003  0.000000000000000E+000
 -0.375015420854652      -3.386223726873352E-002  4.026469394171385E-002
  0.000000000000000E+000 -7.412693121044737E-002   1.00031601253020     
 -0.577967993648062       0.709134068125188       0.000000000000000E+000
   7.97422196267579     
  2.396870789097783E-003 -7.727149985343641E-003  0.000000000000000E+000
 -0.871683444906694      -3.112807921694834E-002  4.570158026809916E-002
  0.000000000000000E+000 -7.682965948504750E-002   1.00025487718338     
 -0.538424051634286       0.815715841046750       0.000000000000000E+000
   8.30913005482753     
  1.722008488210358E-003 -6.549785302129726E-003  0.000000000000000E+000
  -1.19965778571986      -2.799648805763599E-002  5.082214997117566E-002
  0.000000000000000E+000 -7.881863802881166E-002   1.00022332909354     
 -0.490764214654747       0.918689895412589       0.000000000000000E+000
   8.64333521883677     
  1.113140182790850E-003 -5.409418156526647E-003  0.000000000000000E+000
  -1.45261468716171      -2.379247095935039E-002  5.536761375446983E-002
  0.000000000000000E+000 -7.916008471382022E-002   1.00020760342961     
 -0.421920014559961        1.00691546988096       0.000000000000000E+000
   8.88934951041214     
  7.225228813823037E-004 -4.248492033251204E-003  0.000000000000000E+000
  -1.70644492442057      -1.848539847210471E-002  5.841880524007206E-002
  0.000000000000000E+000 -7.690420371217677E-002   1.00018814474646     
 -0.334506517663454        1.07111367593050       0.000000000000000E+000
   9.06067860575972     
  3.880251048486993E-004 -3.130464215962858E-003  0.000000000000000E+000
  -1.84434560279306      -1.414899285455539E-002  6.005395515433054E-002
  0.000000000000000E+000 -7.420294800888594E-002   1.00017752191259     
 -0.259139708490279        1.10352885624708       0.000000000000000E+000
   9.12099462195705     
  1.970395846617734E-004 -2.043563727562371E-003  0.000000000000000E+000
  -2.32971440270944      -8.199457566360738E-003  6.055832130440506E-002
  0.000000000000000E+000 -6.875777887076580E-002   1.00011711476588     
 -0.154990012652205        1.11761460550574       0.000000000000000E+000
   9.12123730145660     
  9.598016850720370E-005 -9.954425719247947E-004  0.000000000000000E+000
  -1.94782008760217      -5.825958763720493E-003  6.077784142189623E-002
  0.000000000000000E+000 -6.660380018561672E-002   1.00021910258846     
 -0.105434059459776        1.12282128573246       0.000000000000000E+000
   9.12150692437229     
  0.000000000000000E+000  0.000000000000000E+000  0.000000000000000E+000
  -2.78552369687463      -4.463611504625474E-004  6.074256045433989E-002
  0.000000000000000E+000 -6.118892160480244E-002   1.00010243346151     
 -1.335600489436030E-002   1.12183835006094       0.000000000000000E+000
   9.09562786961785     
 zone i=         151
  0.000000000000000E+000  0.000000000000000E+000  0.000000000000000E+000
  -2.78552369687463      -4.463611504625474E-004  6.074256045433989E-002
  0.000000000000000E+000 -6.118892160480244E-002   1.00010243346151     
 -1.335600489436030E-002   1.12183835006094       0.000000000000000E+000
   9.09562786961785     
  8.124748189053399E-005  9.967570191826214E-004  0.000000000000000E+000
  -3.38970327641300       4.816879232571761E-003  5.938540719197231E-002
  0.000000000000000E+000  6.420228642454408E-002   1.00002865099305     
  8.078249527803349E-002   1.09838952210479       0.000000000000000E+000
   9.01424444068224     
  1.668552160047909E-004  2.047006305551404E-003  0.000000000000000E+000
  -2.77523252868718       6.013095875134077E-003  5.832685205002545E-002
  0.000000000000000E+000  6.433994792515953E-002   1.00015706181692     
  0.110027188520453        1.07797223922048       0.000000000000000E+000
   8.94111715192596     
  3.042454035129261E-004  3.145845697375883E-003  0.000000000000000E+000
  -3.23456268284986       1.045787998170950E-002  5.686720473670193E-002
  0.000000000000000E+000  6.732508471841142E-002   1.00010244987516     
  0.184872315315361        1.04986261267516       0.000000000000000E+000
   8.85686490890259     
  5.825742921587995E-004  4.281733555009661E-003  0.000000000000000E+000
  -3.09870781211725       1.324614736339765E-002  5.419057909482494E-002
  0.000000000000000E+000  6.743672645822260E-002   1.00015450461237     
  0.234176439688116        1.00043921913606       0.000000000000000E+000
   8.69106161244172     
  8.757422479155341E-004  5.478181120376323E-003  0.000000000000000E+000
  -3.18161650811612       1.508762901909021E-002  5.055201584486491E-002
  0.000000000000000E+000  6.563964486395511E-002   1.00016415029919     
  0.264283474994604       0.933962606122056       0.000000000000000E+000
   8.44225341921619     
  1.308808987989130E-003  6.698568453762158E-003  0.000000000000000E+000
  -3.54782175375476       1.706478793516454E-002  4.551849270538054E-002
  0.000000000000000E+000  6.258328064054508E-002   1.00012502679026     
  0.296161404890859       0.842362817627204       0.000000000000000E+000
   8.08920328221359     
  1.812850180215042E-003  7.968367674832801E-003  0.000000000000000E+000
  -3.32651464824789       1.675302863660947E-002  4.013577595593594E-002
  0.000000000000000E+000  5.688880459254542E-002   1.00017872358133     
  0.292010886094837       0.743685751856704       0.000000000000000E+000
   7.65258210810678     
  2.391032082076583E-003  9.283225230158919E-003  0.000000000000000E+000
  -3.71920663623200       1.699127098953355E-002  3.486453793718713E-002
  0.000000000000000E+000  5.185580892672068E-002   1.00012712274741     
  0.297646074432211       0.646031385561819       0.000000000000000E+000
   7.21383138239738     
  3.109272514030703E-003  1.061639973803102E-002  0.000000000000000E+000
  -3.63782034794508       1.655626685332199E-002  3.077969704020794E-002
  0.000000000000000E+000  4.733596389352993E-002   1.00015496848701     
  0.295229688719899       0.568852982736320       0.000000000000000E+000
   6.84765869280180     
  3.865287533979300E-003  1.201969020640781E-002  0.000000000000000E+000
  -3.71265367418459       1.634762572941025E-002  2.722064451371102E-002
  0.000000000000000E+000  4.356827024312127E-002   1.00014991513200     
  0.290855536079767       0.503924669995198       0.000000000000000E+000
   6.52186169666548     
  4.796892805706054E-003  1.341452172343449E-002  0.000000000000000E+000
  -3.77104843046254       1.589044665908153E-002  2.375504927329464E-002
  0.000000000000000E+000  3.964549593237618E-002   1.00014366808586     
  0.283702976323692       0.439911630412762       0.000000000000000E+000
   6.18449931993737     
  5.781289545338408E-003  1.487974781579076E-002  0.000000000000000E+000
  -3.56812319051005       1.472355472852667E-002  2.063356293540446E-002
  0.000000000000000E+000  3.535711766393113E-002   1.00017534156909     
  0.263061983862514       0.383141033308252       0.000000000000000E+000
   5.83069432304371     
  6.903066221750631E-003  1.635814064742308E-002  0.000000000000000E+000
  -3.62960834270439       1.361545268265368E-002  1.751959220299789E-002
  0.000000000000000E+000  3.113504488565157E-002   1.00015845342008     
  0.243170824037934       0.326192265472706       0.000000000000000E+000
   5.45552503710690     
  8.121082669093838E-003  1.788532551851348E-002  0.000000000000000E+000
  -3.48835865748219       1.208386878976105E-002  1.465076316029615E-002
  0.000000000000000E+000  2.673463195005720E-002   1.00017332309744     
  0.216061366240514       0.273523365855200       0.000000000000000E+000
   5.05212416981382     
  9.454664975969473E-003  1.944636852175496E-002  0.000000000000000E+000
  -3.53873964375316       1.062907389020621E-002  1.201668924260133E-002
  0.000000000000000E+000  2.264576313280754E-002   1.00015633348879     
  0.190285270210265       0.224897721076474       0.000000000000000E+000
   4.64562950651434     
  1.091465694568861E-002  2.103826502945663E-002  0.000000000000000E+000
  -3.44550308184580       9.184994191028513E-003  9.830043528058382E-003
  0.000000000000000E+000  1.901503771908689E-002   1.00016097701364     
  0.165115346633165       0.184020590118526       0.000000000000000E+000
   4.25773151816004     
  1.248068226265642E-002  2.268129049048521E-002  0.000000000000000E+000
  -3.45848083487431       7.893408148696872E-003  7.964016793683037E-003
  0.000000000000000E+000  1.585742494237991E-002   1.00014628749210     
  0.141949374139331       0.149575263033857       0.000000000000000E+000
   3.88974591048152     
  1.419429961991825E-002  2.434216187368587E-002  0.000000000000000E+000
  -3.38949425893884       6.700970694588145E-003  6.426047987842843E-003
  0.000000000000000E+000  1.312701868243099E-002   1.00014325078487     
  0.121006200964710       0.120604981527335       0.000000000000000E+000
   3.54179815838231     
  1.601361488792574E-002  2.606691124135281E-002  0.000000000000000E+000
  -3.35816797314783       5.679362647838326E-003  5.175608121010675E-003
  0.000000000000000E+000  1.085497076884900E-002   1.00012960139802     
  0.102673933743117       9.736258633989331E-002  0.000000000000000E+000
   3.22445375493167     
  1.799565339072173E-002  2.780171742430116E-002  0.000000000000000E+000
  -3.30800469171936       4.819750968748466E-003  4.188758375763443E-003
  0.000000000000000E+000  9.008509344511910E-003   1.00012002621328     
  8.749723004107657E-002  7.863912245978039E-002  0.000000000000000E+000
   2.94094253847729     
  2.009007559783660E-002  2.960816297912750E-002  0.000000000000000E+000
  -3.24908318400912       4.144196792042862E-003  3.442885712879053E-003
  0.000000000000000E+000  7.587082504921915E-003   1.00011059836207     
  7.543098115283763E-002  6.460356323830038E-002  0.000000000000000E+000
   2.70300861108991     
  2.235822310174784E-002  3.142202494474521E-002  0.000000000000000E+000
  -3.19279072382392       3.653544480383082E-003  2.902598913993098E-003
  0.000000000000000E+000  6.556143394376180E-003   1.00009616984557     
  6.678111273056095E-002  5.424799445343698E-002  0.000000000000000E+000
   2.51633359746944     
  2.475097164205420E-002  3.331006025542243E-002  0.000000000000000E+000
  -3.11134897470629       3.329900529125038E-003  2.540108774201026E-003
  0.000000000000000E+000  5.870009303326065E-003   1.00008365822208     
  6.107246604982836E-002  4.730369611186760E-002  0.000000000000000E+000
   2.38487569364575     
  2.732553371060575E-002  3.520789227439446E-002  0.000000000000000E+000
  -3.05986964025465       3.147186437984048E-003  2.300803479258371E-003
  0.000000000000000E+000  5.447989917242419E-003   1.00006704316039     
  5.786798413084268E-002  4.270249923722214E-002  0.000000000000000E+000
   2.30134746366661     
  3.004143949855176E-002  3.717698010381925E-002  0.000000000000000E+000
  -2.97442247369668       3.066429928229223E-003  2.159704660708345E-003
  0.000000000000000E+000  5.226134588937569E-003   1.00005685034525     
  5.651533133838155E-002  3.993174141501096E-002  0.000000000000000E+000
   2.25765850515616     
  3.294506594798641E-002  3.916321447822407E-002  0.000000000000000E+000
  -2.92091071011123       3.063846491730239E-003  2.071505255434877E-003
  0.000000000000000E+000  5.135351747165116E-003   1.00004256981827     
  5.650620032527350E-002  3.825628419839700E-002  0.000000000000000E+000
   2.24203468711833     
  3.601062444512038E-002  4.121202403846924E-002  0.000000000000000E+000
  -2.83244872940031       3.131343965514296E-003  2.044791629548265E-003
  0.000000000000000E+000  5.176135595062561E-003   1.00003530041493     
  5.785253159230901E-002  3.760146655593409E-002  0.000000000000000E+000
   2.25447875225720     
  3.926803159936587E-002  4.329038172008163E-002  0.000000000000000E+000
  -2.80696757018382       3.264872458535794E-003  2.049069210704763E-003
  0.000000000000000E+000  5.313941669240558E-003   1.00002245680046     
  6.030900413344166E-002  3.768087735200783E-002  0.000000000000000E+000
   2.28874397362820     
  4.271133564957319E-002  4.541642506618195E-002  0.000000000000000E+000
  -2.74986477444236       3.383182793648784E-003  2.054611909962289E-003
  0.000000000000000E+000  5.437794703611073E-003   1.00001283737114     
  6.245205445058184E-002  3.780722149529078E-002  0.000000000000000E+000
   2.31873275167370     
  4.634900923004337E-002  4.758970502284576E-002  0.000000000000000E+000
  -2.76435166945930       3.419777148265990E-003  1.997575044311188E-003
  0.000000000000000E+000  5.417352192577178E-003  0.999986081033113     
  6.302566763123796E-002  3.691697521654736E-002  0.000000000000000E+000
   2.31927989960921     
  5.019957705178091E-002  4.978897567330897E-002  0.000000000000000E+000
  -2.70927997333615       3.371675570139183E-003  1.908309340210901E-003
  0.000000000000000E+000  5.279984910350083E-003  0.999973172669142     
  6.210942437009331E-002  3.526614583644547E-002  0.000000000000000E+000
   2.29303292444618     
  5.424543798258119E-002  5.205884839569135E-002  0.000000000000000E+000
  -2.70043051676862       3.305229555407020E-003  1.799943921055646E-003
  0.000000000000000E+000  5.105173476462666E-003  0.999954680199259     
  6.086738077866138E-002  3.329685381147088E-002  0.000000000000000E+000
   2.25996616828599     
  5.853393950429830E-002  5.432546487184164E-002  0.000000000000000E+000
  -2.64028830447978       3.259382983023259E-003  1.706286776222109E-003
  0.000000000000000E+000  4.965669759245369E-003  0.999948298131967     
  6.006045984766227E-002  3.149098476592541E-002  0.000000000000000E+000
   2.23431342182858     
  6.303378546849947E-002  5.665943247869770E-002  0.000000000000000E+000
  -2.54583681801637       3.310898315999205E-003  1.681765072179133E-003
  0.000000000000000E+000  4.992663388178338E-003  0.999948305310671     
  6.105370412216012E-002  3.089324198898040E-002  0.000000000000000E+000
   2.24394180380757     
  6.777483346542001E-002  5.901812249001626E-002  0.000000000000000E+000
  -2.55357752005102       3.414827598312341E-003  1.666252509581050E-003
  0.000000000000000E+000  5.081080107893391E-003  0.999933402139668     
  6.295429189421640E-002  3.063809444498714E-002  0.000000000000000E+000
   2.26989592153283     
  7.276120658495611E-002  6.140479821277849E-002  0.000000000000000E+000
  -2.49836292358100       3.511693955249806E-003  1.660793775357397E-003
  0.000000000000000E+000  5.172487730607203E-003  0.999927650798993     
  6.471692213691327E-002  3.052303040532926E-002  0.000000000000000E+000
   2.29436128573757     
  7.798701025703636E-002  6.384746541023499E-002  0.000000000000000E+000
  -2.49583943587413       3.577308812217927E-003  1.627249206540777E-003
  0.000000000000000E+000  5.204558018758704E-003  0.999911246363776     
  6.589635712068731E-002  2.997972004589367E-002  0.000000000000000E+000
   2.30792566005563     
  8.348794497692369E-002  6.628226949861310E-002  0.000000000000000E+000
  -2.47681718763806       3.572700499313458E-003  1.557684993205108E-003
  0.000000000000000E+000  5.130385492518565E-003  0.999906297236895     
  6.581573279319596E-002  2.872794828587666E-002  0.000000000000000E+000
   2.29888106451268     
  8.924823926579473E-002  6.875664231184767E-002  0.000000000000000E+000
  -2.40243004621721       3.594738455034759E-003  1.522105966979386E-003
  0.000000000000000E+000  5.116844422014145E-003  0.999905839855090     
  6.622502488705762E-002  2.800230552562134E-002  0.000000000000000E+000
   2.29997490657907     
  9.527434682424984E-002  7.127233162980089E-002  0.000000000000000E+000
  -2.41863090789889       3.623629386009682E-003  1.468952639752319E-003
  0.000000000000000E+000  5.092582025762000E-003  0.999885360605950     
  6.675576988304732E-002  2.709560309235417E-002  0.000000000000000E+000
   2.30269928346717     
  0.101599264593903       7.376136354798155E-002  0.000000000000000E+000
  -2.39084511079477       3.595595214002268E-003  1.392780370523442E-003
  0.000000000000000E+000  4.988375584525711E-003  0.999883389759830     
  6.626744609108459E-002  2.570470278222243E-002  0.000000000000000E+000
   2.28770505733463     
  0.108204996297669       7.628031738371406E-002  0.000000000000000E+000
  -2.31016587067074       3.618392660799695E-003  1.356628752909020E-003
  0.000000000000000E+000  4.975021413708715E-003  0.999886444853707     
  6.670826366801955E-002  2.496455848614599E-002  0.000000000000000E+000
   2.29003433604115     
  0.115100104736922       7.882225996758153E-002  0.000000000000000E+000
  -2.31719435414016       3.668771681849313E-003  1.314934039428369E-003
  0.000000000000000E+000  4.983705721277683E-003  0.999870766419640     
  6.765373850650652E-002  2.424827479074864E-002  0.000000000000000E+000
   2.30088253531659     
  0.122308329775291       8.133309909903598E-002  0.000000000000000E+000
  -2.29930047470248       3.663314309472654E-003  1.249145175538487E-003
  0.000000000000000E+000  4.912459485011142E-003  0.999866060728682     
  6.759120300690469E-002  2.306837670369156E-002  0.000000000000000E+000
   2.29445956622670     
  0.129822623133641       8.384109486352034E-002  0.000000000000000E+000
  -2.24044326220019       3.689553883828648E-003  1.206922793519345E-003
  0.000000000000000E+000  4.896476677347992E-003  0.999870964624958     
  6.811599608660071E-002  2.224062474998088E-002  0.000000000000000E+000
   2.29865117915671     
  0.137645784603659       8.634902896078354E-002  0.000000000000000E+000
  -2.21549551243447       3.766361204103238E-003  1.179712056001320E-003
  0.000000000000000E+000  4.946073260104558E-003  0.999866022010280     
  6.956019573579145E-002  2.174903287818374E-002  0.000000000000000E+000
   2.31871730361890     
  0.145786304884145       8.883978467035318E-002  0.000000000000000E+000
  -2.22322484611914       3.783640568615142E-003  1.120908178250729E-003
  0.000000000000000E+000  4.904548746865871E-003  0.999853881904077     
  6.991547255119382E-002  2.074685477138245E-002  0.000000000000000E+000
   2.32042503693810     
  0.154258741196403       9.126835667997982E-002  0.000000000000000E+000
  -2.19565147904927       3.737834551425589E-003  1.045794738248702E-003
  0.000000000000000E+000  4.783629289674291E-003  0.999853030558456     
  6.912511335324981E-002  1.937311291089507E-002  0.000000000000000E+000
   2.30315759134717     
  0.163053473889887       9.366936243119689E-002  0.000000000000000E+000
  -2.14073197709513       3.733576327220689E-003  9.931930032310368E-004
  0.000000000000000E+000  4.726769330451725E-003  0.999857386380992     
  6.909762733186497E-002  1.836136700987064E-002  0.000000000000000E+000
   2.29911781133291     
  0.172173982757404       9.603247564546623E-002  0.000000000000000E+000
  -2.11907307805018       3.775724794527978E-003  9.514553595774467E-004
  0.000000000000000E+000  4.727180154105425E-003  0.999852865247122     
  6.992004610223090E-002  1.760339305925092E-002  0.000000000000000E+000
   2.30958704363724     
  0.181622700146665       9.834694345664204E-002  0.000000000000000E+000
  -2.11953667672833       3.768674233414863E-003  8.889122403230687E-004
  0.000000000000000E+000  4.657586473737931E-003  0.999844773146666     
  6.983758129049883E-002  1.650824745219692E-002  0.000000000000000E+000
   2.30513563795324     
  0.191408481281785       0.100566920969150       0.000000000000000E+000
  -2.09615644411656       3.676162929260516E-003  8.056581689351108E-004
  0.000000000000000E+000  4.481821098195627E-003  0.999844416661779     
  6.817863790675968E-002  1.500985695736163E-002  0.000000000000000E+000
   2.27463584147473     
  0.201524401703617       0.102706535324255       0.000000000000000E+000
  -2.04746162726906       3.554748840966510E-003  7.260941614008672E-004
  0.000000000000000E+000  4.280843002367377E-003  0.999848247955763     
  6.597672205013377E-002  1.353844246187831E-002  0.000000000000000E+000
   2.23504904888512     
  0.211966985743580       0.104764294601578       0.000000000000000E+000
  -2.01906458072722       3.438520225486245E-003  6.523496369265870E-004
  0.000000000000000E+000  4.090869862412833E-003  0.999846931935593     
  6.386407857679796E-002  1.217845881889640E-002  0.000000000000000E+000
   2.19671928164846     
  0.222733822737104       0.106728384602269       0.000000000000000E+000
  -1.99230679251718       3.312609796616562E-003  5.797270054926189E-004
  0.000000000000000E+000  3.892336802109180E-003  0.999845727706435     
  6.156729483349238E-002  1.084205335078647E-002  0.000000000000000E+000
   2.15482470107311     
  0.233821110527380       0.108586896539823       0.000000000000000E+000
  -1.96649897763632       3.175475670275751E-003  5.084185042830471E-004
  0.000000000000000E+000  3.683894174558798E-003  0.999844353092597     
  5.905723251563214E-002  9.528938429140304E-003  0.000000000000000E+000
   2.10860818866795     
  0.245223715027843       0.110327156937690       0.000000000000000E+000
  -1.95307387980074       2.995334797060565E-003  4.302356825560136E-004
  0.000000000000000E+000  3.425570479616579E-003  0.999840835537177     
  5.574160997331383E-002  8.114165426463333E-003  0.000000000000000E+000
   2.04686735055352     
  0.256938939632838       0.111904976619564       0.000000000000000E+000
  -1.91593396545568       2.749927373954640E-003  3.497797214342308E-004
  0.000000000000000E+000  3.099707095388871E-003  0.999842026423565     
  5.120507448274306E-002  6.635885672917631E-003  0.000000000000000E+000
   1.96032429658548     
  0.268953043206634       0.113343420909289       0.000000000000000E+000
  -1.86464466803523       2.491178511352352E-003  2.795041964154074E-004
  0.000000000000000E+000  2.770682707767759E-003  0.999845839529529     
  4.641007765243957E-002  5.319449620275025E-003  0.000000000000000E+000
   1.86506266952975     
  0.281256350040147       0.114631332684262       0.000000000000000E+000
  -1.83085565269812       2.241440089251813E-003  2.176669659469427E-004
  0.000000000000000E+000  2.459107055198756E-003  0.999846600398331     
  4.177417537082573E-002  4.169849454073317E-003  0.000000000000000E+000
   1.76843882789284     
  0.293837661680303       0.115758004221215       0.000000000000000E+000
  -1.79420114761569       1.985781033457777E-003  1.627397770424919E-004
  0.000000000000000E+000  2.148520810500269E-003  0.999847986035417     
  3.702063438693114E-002  3.147267911324424E-003  0.000000000000000E+000
   1.66391670521850     
  0.306684271886264       0.116713296861924       0.000000000000000E+000
  -1.75719026388219       1.725756249297648E-003  1.151833048965458E-004
  0.000000000000000E+000  1.840939554194193E-003  0.999849723528463     
  3.217946436765273E-002  2.261251698132932E-003  0.000000000000000E+000
   1.55058961620244     
  0.319781997853375       0.117487759464701       0.000000000000000E+000
  -1.71932186048866       1.463302273331929E-003  7.536272213200547E-005
  0.000000000000000E+000  1.538664995463934E-003  0.999851755639156     
  2.728837410677531E-002  1.517055339417204E-003  0.000000000000000E+000
   1.42730953413628     
  0.333115228139865       0.118072743118733       0.000000000000000E+000
  -1.67972991219062       1.204482801285076E-003  4.365677043032818E-005
  0.000000000000000E+000  1.248139571715404E-003  0.999854176536467     
  2.246145222089250E-002  9.211756375808937E-004  0.000000000000000E+000
   1.29446168395049     
  0.346666987346685       0.118460509682972       0.000000000000000E+000
  -1.63960085898816       9.533891270667644E-004  2.001465280946863E-005
  0.000000000000000E+000  9.734037798762330E-004  0.999856754200687     
  1.777644002817769E-002  4.765347318787335E-004  0.000000000000000E+000
   1.15120022299285     
  0.360419017220480       0.118644331852680       0.000000000000000E+000
  -1.60548195671731       7.103552489036750E-004  3.614136625782141E-006
  0.000000000000000E+000  7.139693855294572E-004  0.999858591266380     
  1.324128457044394E-002  1.666754801678720E-004  0.000000000000000E+000
  0.993250442842718     
  0.374351657536118       0.118599735812830       0.000000000000000E+000
  -1.56145657186244       4.967966274818592E-004 -5.357317507279527E-006
  0.000000000000000E+000  5.021539449891388E-004  0.999862580067075     
  9.256902718884514E-003 -2.782054736661443E-005  0.000000000000000E+000
  0.830243088046500     
  0.388443975093159       0.118340734081514       0.000000000000000E+000
  -1.50335500304527       3.560640962145427E-004 -9.083008328444113E-006
  0.000000000000000E+000  3.651471045429869E-004  0.999869147358541     
  6.630924727778213E-003 -1.324335228199023E-004  0.000000000000000E+000
  0.702546866864385     
  0.402674927308451       0.117876042855627       0.000000000000000E+000
  -1.43630250315323       2.921203532129442E-004 -1.113474465104454E-005
  0.000000000000000E+000  3.032550978639887E-004  0.999877551569598     
  5.436485676043898E-003 -1.962301887152788E-004  0.000000000000000E+000
  0.636095024343794     
  0.417024826793957       0.117250480630193       0.000000000000000E+000
  -1.36443313653376       2.886877365019773E-004 -1.392346371088290E-005
  0.000000000000000E+000  3.026112002128602E-004  0.999887350284751     
  5.369032827346359E-003 -2.684766657719378E-004  0.000000000000000E+000
  0.632177882964262     
  0.431473419276523       0.116486438727998       0.000000000000000E+000
  -1.30259568593829       3.357873007832196E-004 -1.922732681269307E-005
  0.000000000000000E+000  3.550146275959126E-004  0.999895798595328     
  6.241218980313080E-003 -3.818178541200334E-004  0.000000000000000E+000
  0.681656781314470     
  0.445999530522357       0.115590841704079       0.000000000000000E+000
  -1.24961063316437       4.188422744869294E-004 -2.762824623764300E-005
  0.000000000000000E+000  4.464705207245724E-004  0.999902852654682     
  7.780490288903050E-003 -5.496441299858535E-004  0.000000000000000E+000
  0.761147845357964     
  0.460581378532824       0.114565942490363       0.000000000000000E+000
  -1.20189272168409       5.255166847387971E-004 -3.916256748581930E-005
  0.000000000000000E+000  5.646792522246164E-004  0.999909181188890     
  9.756749977226031E-003 -7.689814311676079E-004  0.000000000000000E+000
  0.852390483986189     
  0.475196894420534       0.113414659712623       0.000000000000000E+000
  -1.15665142125590       6.370625017942031E-004 -5.283317331641312E-005
  0.000000000000000E+000  6.898956751106162E-004  0.999915370546299     
  1.182129030615103E-002 -1.019990062782341E-003  0.000000000000000E+000
  0.938272989033589     
  0.489823853955360       0.112140551511644       0.000000000000000E+000
  -1.11333078214966       7.383197475474940E-004 -6.732849996116402E-005
  0.000000000000000E+000  8.056482475086581E-004  0.999921589630547     
  1.369238281459087E-002 -1.282841519403917E-003  0.000000000000000E+000
   1.00983263464245     
  0.504440010627111       0.110747783062385       0.000000000000000E+000
  -1.07157591375767       8.260444540499946E-004 -8.202332570797440E-005
  0.000000000000000E+000  9.080677797579689E-004  0.999927889620307     
  1.530980977531771E-002 -1.550079694143284E-003  0.000000000000000E+000
   1.06786431927923     
  0.519023228609707       0.109241088340407       0.000000000000000E+000
  -1.03102243553963       9.020027616334853E-004 -9.673518889600310E-005
  0.000000000000000E+000  9.987379505294884E-004  0.999934262002900     
  1.670671791495939E-002 -1.817450130630096E-003  0.000000000000000E+000
   1.11558637935780     
  0.533551614012321       0.107625726758251       0.000000000000000E+000
 -0.992097905961373       9.659869752547167E-004 -1.111217608829728E-004
  0.000000000000000E+000  1.077108736137689E-003  0.999940563971639     
  1.787965832065003E-002 -2.078158114335951E-003  0.000000000000000E+000
   1.15416301253675     
  0.548003642835214       0.105907435350924       0.000000000000000E+000
 -0.955065242798355       1.017590126179164E-003 -1.249226946867639E-004
  0.000000000000000E+000  1.142512820865928E-003  0.999946678990195     
  1.882116318029196E-002 -2.327584235863554E-003  0.000000000000000E+000
   1.18424786653601     
  0.562357914367911       0.104089548332321       0.000000000000000E+000
 -0.920199427144553       1.057976732377252E-003 -1.381679304565083E-004
  0.000000000000000E+000  1.196144662833760E-003  0.999952550003609     
  1.955239226995026E-002 -2.567409101533602E-003  0.000000000000000E+000
   1.20712481475372     
  0.576593301183164       0.102174001558003       0.000000000000000E+000
 -0.884045825824842       1.092710726849206E-003 -1.509822106922608E-004
  0.000000000000000E+000  1.243692937541467E-003  0.999958730805463     
  2.017724579588652E-002 -2.801580240989931E-003  0.000000000000000E+000
   1.22636694258235     
  0.590691007540851       0.100175015366927       0.000000000000000E+000
 -0.847193081536943       1.130277369773924E-003 -1.642552120298920E-004
  0.000000000000000E+000  1.294532581803816E-003  0.999965077495884     
  2.085323026058715E-002 -3.046355703060772E-003  0.000000000000000E+000
   1.24686297719095     
  0.604632152620243       9.809968326704964E-002  0.000000000000000E+000
 -0.813023624560401       1.173379423239831E-003 -1.787158667707634E-004
  0.000000000000000E+000  1.352095290010594E-003  0.999970984979657     
  2.162980146258097E-002 -3.312175662269392E-003  0.000000000000000E+000
   1.26999330628666     
  0.618398767356870       9.595530459748400E-002  0.000000000000000E+000
 -0.780045416574922       1.219230581202123E-003 -1.940133436570986E-004
  0.000000000000000E+000  1.413243924859221E-003  0.999976709319585     
  2.245550120125182E-002 -3.591836237544025E-003  0.000000000000000E+000
   1.29413296881675     
  0.631973875204954       9.374932557357482E-002  0.000000000000000E+000
 -0.747285744435658       1.265778128391698E-003 -2.098385679315746E-004
  0.000000000000000E+000  1.475616696323273E-003  0.999982427401692     
  2.329244338015093E-002 -3.879697755603319E-003  0.000000000000000E+000
   1.31815528170049     
  0.645341561711325       9.148928086499748E-002  0.000000000000000E+000
 -0.716081088982946       1.309794098199027E-003 -2.256238523174510E-004
  0.000000000000000E+000  1.535417950516478E-003  0.999987876865175     
  2.408127984200457E-002 -4.165364560135236E-003  0.000000000000000E+000
   1.34041514322454     
  0.658487032460470       8.918273632689959E-002  0.000000000000000E+000
 -0.685691878213674       1.350120710889026E-003 -2.410888801035836E-004
  0.000000000000000E+000  1.591209590992609E-003  0.999993190755720     
  2.480064676705990E-002 -4.445205713487111E-003  0.000000000000000E+000
   1.36041899150490     
  0.671396659147174       8.683723345429874E-002  0.000000000000000E+000
 -0.654145130116376       1.387501980341365E-003 -2.563045129850838E-004
  0.000000000000000E+000  1.643806493326449E-003  0.999998714140743     
  2.546484178033005E-002 -4.717711191652266E-003  0.000000000000000E+000
   1.37863689580744     
  0.684057926817920       8.445978176828073E-002  0.000000000000000E+000
 -0.627916586052606       1.411751748335118E-003 -2.700335241554356E-004
  0.000000000000000E+000  1.681785272490554E-003   1.00000329532672     
  2.588496028726493E-002 -4.957630988247740E-003  0.000000000000000E+000
   1.39005860221858     
  0.696457009756855       8.204455059641663E-002  0.000000000000000E+000
 -0.603682238451711       1.418113335367472E-003 -2.802853889266885E-004
  0.000000000000000E+000  1.698398724294161E-003   1.00000751292808     
  2.597586782745569E-002 -5.136728882765025E-003  0.000000000000000E+000
   1.39260995243029     
  0.708586470077838       7.961241839177066E-002  0.000000000000000E+000
 -0.575561493443956       1.424536930748202E-003 -2.895811943273611E-004
  0.000000000000000E+000  1.714118125075563E-003   1.00001239244463     
  2.606906254605235E-002 -5.305792033974774E-003  0.000000000000000E+000
   1.39525782554792     
  0.720437589293776       7.717038565345311E-002  0.000000000000000E+000
 -0.548690148228388       1.444589177437630E-003 -3.015381518143233E-004
  0.000000000000000E+000  1.746127329251953E-003   1.00001704757798     
  2.641071656784921E-002 -5.525558868712499E-003  0.000000000000000E+000
   1.40453138813103     
  0.732002874789943       7.472519948394538E-002  0.000000000000000E+000
 -0.524138744854099       1.474126538160124E-003 -3.154806435079643E-004
  0.000000000000000E+000  1.789607181668088E-003   1.00002132023150     
  2.692576044543831E-002 -5.777735147371149E-003  0.000000000000000E+000
   1.41829657588476     
  0.743276039700671       7.228331675834701E-002  0.000000000000000E+000
 -0.500289222097990       1.502694902624120E-003 -3.293982130849086E-004
  0.000000000000000E+000  1.832093115709028E-003   1.00002547861986     
  2.742317989860383E-002 -6.022688553097955E-003  0.000000000000000E+000
   1.43143538650490     
  0.754251516276834       6.984883772104880E-002  0.000000000000000E+000
 -0.480215034778894       1.518746979972477E-003 -3.415994508337414E-004
  0.000000000000000E+000  1.860346430806218E-003   1.00002895839079     
  2.768819100331341E-002 -6.232275237874504E-003  0.000000000000000E+000
   1.43841301708179     
  0.764922479079319       6.741537439328085E-002  0.000000000000000E+000
 -0.461354832785901       1.520325832954758E-003 -3.502309020026093E-004
  0.000000000000000E+000  1.870556734957367E-003   1.00003220888443     
  2.768917014879112E-002 -6.379692548279948E-003  0.000000000000000E+000
   1.43853108289858     
  0.775289286491162       6.500305435059497E-002  0.000000000000000E+000
 -0.438696608316832       1.518529771986764E-003 -3.567408136535979E-004
  0.000000000000000E+000  1.875270585640361E-003   1.00003610098580     
  2.763244706165719E-002 -6.493702388459350E-003  0.000000000000000E+000
   1.43717608685334     
  0.785350147713937       6.261697999386603E-002  0.000000000000000E+000
 -0.414291586639365       1.527693994395098E-003 -3.655804576995489E-004
  0.000000000000000E+000  1.893274452094647E-003   1.00004027614271     
  2.777425921428948E-002 -6.655609266349981E-003  0.000000000000000E+000
   1.44101115790641     
  0.795104265278641       6.026184502753028E-002  0.000000000000000E+000
 -0.393636047459495       1.545551118917997E-003 -3.772895453916262E-004
  0.000000000000000E+000  1.922840664309623E-003   1.00004379726816     
  2.807164869069893E-002 -6.862928244930603E-003  0.000000000000000E+000
   1.44881875433900     
  0.804549046001778       5.793099190110072E-002  0.000000000000000E+000
 -0.377990684963834       1.556052175485389E-003 -3.876217420357544E-004
  0.000000000000000E+000  1.943673917521143E-003   1.00004643636554     
  2.823486887389348E-002 -7.037013749443983E-003  0.000000000000000E+000
   1.45308592630508     
  0.813686640280770       5.563348310234283E-002  0.000000000000000E+000
 -0.360462495650836       1.557208342361592E-003 -3.944313698196415E-004
  0.000000000000000E+000  1.951639712181233E-003   1.00004939247912     
  2.823183863158916E-002 -7.153196981848523E-003  0.000000000000000E+000
   1.45309992989363     
  0.822520515931278       5.337940905212880E-002  0.000000000000000E+000
 -0.338816270653069       1.564542752175464E-003 -4.019854434605778E-004
  0.000000000000000E+000  1.966528195636042E-003   1.00005305725007     
  2.834211719732232E-002 -7.290640099863843E-003  0.000000000000000E+000
   1.45607319623371     
  0.831053279521718       5.117184391432711E-002  0.000000000000000E+000
 -0.321740071815839       1.578626437671971E-003 -4.126841218309883E-004
  0.000000000000000E+000  1.991310559502960E-003   1.00005591475877     
  2.856958708607556E-002 -7.477205293707535E-003  0.000000000000000E+000
   1.46199985211823     
  0.839284046798224       4.899781436490785E-002  0.000000000000000E+000
 -0.308312041020372       1.584442555687461E-003 -4.211863040114014E-004
  0.000000000000000E+000  2.005628859698862E-003   1.00005813574654     
  2.864836173956724E-002 -7.618327162299400E-003  0.000000000000000E+000
   1.46406611065067     
  0.847220555042184       4.687458431648927E-002  0.000000000000000E+000
 -0.290935923081406       1.589439575026047E-003 -4.275902874589180E-004
  0.000000000000000E+000  2.017029862484965E-003   1.00006102548596     
  2.871790195301048E-002 -7.733076656178504E-003  0.000000000000000E+000
   1.46595970799066     
  0.854867769317858       4.480585355348144E-002  0.000000000000000E+000
 -0.275653256044961       1.601213695465660E-003 -4.367321637043781E-004
  0.000000000000000E+000  2.037945859170038E-003   1.00006354527352     
  2.890600788979566E-002 -7.893790683574519E-003  0.000000000000000E+000
   1.47085405124411     
  0.862227574961843       4.278197553576788E-002  0.000000000000000E+000
 -0.262773637238524       1.611462276094735E-003 -4.459567582633516E-004
  0.000000000000000E+000  2.057419034358086E-003   1.00006566630902     
  2.906495483079286E-002 -8.050671825536976E-003  0.000000000000000E+000
   1.47495654529436     
  0.869306984750208       4.081036494176526E-002  0.000000000000000E+000
 -0.247556217168267       1.621027135679879E-003 -4.534294421155228E-004
  0.000000000000000E+000  2.074456577795402E-003   1.00006819889598     
  2.921762985359349E-002 -8.180797950439269E-003  0.000000000000000E+000
   1.47890921508275     
  0.876113524273209       3.889811052339501E-002  0.000000000000000E+000
 -0.235333564578468       1.629340689771581E-003 -4.612447332602057E-004
  0.000000000000000E+000  2.090585423031787E-003   1.00007019481196     
  2.934535909399666E-002 -8.312425991718749E-003  0.000000000000000E+000
   1.48219658961543     
  0.882649869949307       3.703368575641169E-002  0.000000000000000E+000
 -0.225763994590579       1.630234797391868E-003 -4.673004529637550E-004
  0.000000000000000E+000  2.097535250355624E-003   1.00007172286825     
  2.933774738994059E-002 -8.410108048641292E-003  0.000000000000000E+000
   1.48204323824638     
  0.888924831087416       3.522611387352755E-002  0.000000000000000E+000
 -0.212141202021712       1.629974219041235E-003 -4.712068274404575E-004
  0.000000000000000E+000  2.101181046481692E-003   1.00007393832497     
  2.931600052521991E-002 -8.477552720596200E-003  0.000000000000000E+000
   1.48157670405565     
  0.894946141762811       3.347918774144930E-002  0.000000000000000E+000
 -0.201185228243048       1.631203546119440E-003 -4.769752808790237E-004
  0.000000000000000E+000  2.108178826998464E-003   1.00007568662341     
  2.931506384694032E-002 -8.572922091289244E-003  0.000000000000000E+000
   1.48161172664395     
  0.900716477088310       3.177866893172925E-002  0.000000000000000E+000
 -0.190571357326689       1.628264667920997E-003 -4.810959396809798E-004
  0.000000000000000E+000  2.109360607601977E-003   1.00007738699344     
  2.924085513012976E-002 -8.638213242424184E-003  0.000000000000000E+000
   1.47977665394147     
  0.906247468045366       3.014017748049783E-002  0.000000000000000E+000
 -0.178875727053764       1.623693902695302E-003 -4.835479303403506E-004
  0.000000000000000E+000  2.107241833035653E-003   1.00007926775971     
  2.914248562481881E-002 -8.677513478200444E-003  0.000000000000000E+000
   1.47734991360945     
  0.911543655973359       2.855457872398600E-002  0.000000000000000E+000
 -0.170406814709395       1.616778870208228E-003 -4.861470436067978E-004
  0.000000000000000E+000  2.102925913815026E-003   1.00008058877678     
  2.899903831854757E-002 -8.712816385761518E-003  0.000000000000000E+000
   1.47372666190498     
  0.916612892154485       2.702366676737863E-002  0.000000000000000E+000
 -0.160208946559351       1.605424598826797E-003 -4.862374761823217E-004
  0.000000000000000E+000  2.091662075009118E-003   1.00008218892614     
  2.878093742011056E-002 -8.706619560449835E-003  0.000000000000000E+000
   1.46820262492475     
  0.921463494423029       2.555029530093469E-002  0.000000000000000E+000
 -0.151511035831163       1.589868422709932E-003 -4.857139011471976E-004
  0.000000000000000E+000  2.075582323857129E-003   1.00008352713921     
  2.848493200196184E-002 -8.685932196482705E-003  0.000000000000000E+000
   1.46064328363651     
  0.926100214920753       2.412556976570594E-002  0.000000000000000E+000
 -0.141889193743282       1.569382453795397E-003 -4.828311956100804E-004
  0.000000000000000E+000  2.052213649405477E-003   1.00008500305581     
  2.810375597872089E-002 -8.625884813826434E-003  0.000000000000000E+000
   1.45084997112427     
  0.930533728209394       2.275982291870194E-002  0.000000000000000E+000
 -0.133312357079149       1.545309584835542E-003 -4.790169499724748E-004
  0.000000000000000E+000  2.024326534808017E-003   1.00008629394872     
  2.765807188319349E-002 -8.547752368128970E-003  0.000000000000000E+000
   1.43931007128930     
  0.934767263589124       2.143929465905546E-002  0.000000000000000E+000
 -0.125051714911024       1.516987897508669E-003 -4.736242782244221E-004
  0.000000000000000E+000  1.990612175733091E-003   1.00008753217676     
  2.713691936226119E-002 -8.441726063799070E-003  0.000000000000000E+000
   1.42568037579179     
  0.938811787298329       2.017532686980616E-002  0.000000000000000E+000
 -0.116731586789683       1.485571951091853E-003 -4.666324940774375E-004
  0.000000000000000E+000  1.952204445169290E-003   1.00008878243203     
  2.656367057316791E-002 -8.308843471077661E-003  0.000000000000000E+000
   1.41055016376642     
  0.942671223445317       1.895684736696353E-002  0.000000000000000E+000
 -0.109614770655071       1.452085014018584E-003 -4.590248527435538E-004
  0.000000000000000E+000  1.911109866762138E-003   1.00008980523893     
  2.595265499894961E-002 -8.164683005435477E-003  0.000000000000000E+000
   1.39422675188977     
  0.946355060862811       1.779083441290907E-002  0.000000000000000E+000
 -0.102554985244069       1.416040369610790E-003 -4.501723647301871E-004
  0.000000000000000E+000  1.866212734340977E-003   1.00009076578008     
  2.529867166401553E-002 -7.997927795189052E-003  0.000000000000000E+000
   1.37653710903862     
  0.949867926602981       1.666915774305359E-002  0.000000000000000E+000
 -9.608994107452418E-002  1.378894136250194E-003 -4.408288040117544E-004
  0.000000000000000E+000  1.819722940261948E-003   1.00009158067741     
  2.462411442460758E-002 -7.826085917448138E-003  0.000000000000000E+000
   1.35806911744682     
  0.953218437815019       1.559667123856959E-002  0.000000000000000E+000
 -8.946906725395820E-002  1.343820373827333E-003 -4.318879852088044E-004
  0.000000000000000E+000  1.775708359036138E-003   1.00009237952261     
  2.398681074571002E-002 -7.665594061192584E-003  0.000000000000000E+000
   1.34042631730994     
  0.956411300581948       1.456637329918481E-002  0.000000000000000E+000
 -8.296497823243953E-002  1.312922030538463E-003 -4.240412386956261E-004
  0.000000000000000E+000  1.736963269234090E-003   1.00009311817512     
  2.342437612385853E-002 -7.526296397490081E-003  0.000000000000000E+000
   1.32466998352141     
  0.959454686078606       1.358253981383462E-002  0.000000000000000E+000
 -7.655772355360568E-002  1.286465303317087E-003 -4.175337929994458E-004
  0.000000000000000E+000  1.703999096316533E-003   1.00009381380911     
  2.294166515805293E-002 -7.411473296957988E-003  0.000000000000000E+000
   1.31101465940111     
  0.962352958592379       1.263811973746066E-002  0.000000000000000E+000
 -6.989587551674958E-002  1.264932630055785E-003 -4.123234654621623E-004
  0.000000000000000E+000  1.677256095517947E-003   1.00009450713188     
  2.254739225790028E-002 -7.321500113090448E-003  0.000000000000000E+000
   1.29976987426764     
  0.965114107571897       1.173776400680617E-002  0.000000000000000E+000
 -6.375748605864828E-002  1.247793658372215E-003 -4.085757727613060E-004
  0.000000000000000E+000  1.656369431133521E-003   1.00009510432588     
  2.223195148869514E-002 -7.256194734645523E-003  0.000000000000000E+000
   1.29071329975963     
  0.967741912691418       1.087372884708337E-002  0.000000000000000E+000
 -5.766232470409705E-002  1.234818635353769E-003 -4.060102553271843E-004
  0.000000000000000E+000  1.640828890680953E-003   1.00009568435533     
  2.199035514257221E-002 -7.214469110891741E-003  0.000000000000000E+000
   1.28376066141271     
  0.970244136213279       1.005098553011847E-002  0.000000000000000E+000
 -5.153185698122797E-002  1.226406082736744E-003 -4.047663993405301E-004
  0.000000000000000E+000  1.631172482077274E-003   1.00009632135243     
  2.183135882715370E-002 -7.196259370081851E-003  0.000000000000000E+000
   1.27919898173312     
  0.972624391238569       9.262435230447409E-003  0.000000000000000E+000
 -4.566071788735826E-002  1.222033923863179E-003 -4.049881689904128E-004
  0.000000000000000E+000  1.627022092853591E-003   1.00009699814339     
  2.174312293579121E-002 -7.203797716846661E-003  0.000000000000000E+000
   1.27668924592888     
  0.974889567082758       8.511464795911611E-003  0.000000000000000E+000
 -3.929164973374100E-002  1.221370254790974E-003 -4.059778733518977E-004
  0.000000000000000E+000  1.627348128142871E-003   1.00009776080585     
  2.172344090547004E-002 -7.226118437034919E-003  0.000000000000000E+000
   1.27619981854020     
  0.977043743041470       7.793543921573009E-003  0.000000000000000E+000
 -3.388082096830658E-002  1.223526364279228E-003 -4.082202620505002E-004
  0.000000000000000E+000  1.631746626329728E-003   1.00009834969972     
  2.175304023173513E-002 -7.266897627195045E-003  0.000000000000000E+000
   1.27712009805393     
  0.979092499624146       7.109213951586838E-003  0.000000000000000E+000
 -2.794053582215383E-002  1.229381302713018E-003 -4.112665208376981E-004
  0.000000000000000E+000  1.640647823550716E-003   1.00009896166363     
  2.184808201481370E-002 -7.330722641606142E-003  0.000000000000000E+000
   1.28003840610492     
  0.981040412003663       6.456571309978007E-003  0.000000000000000E+000
 -2.325210236654129E-002  1.241547993341044E-003 -4.167387816211674E-004
  0.000000000000000E+000  1.658286774962211E-003   1.00009932243493     
  2.205263964582072E-002 -7.439885986493651E-003  0.000000000000000E+000
   1.28617348096798     
  0.982891947157505       5.833935565282952E-003  0.000000000000000E+000
 -1.795219971882034E-002  1.262039707571421E-003 -4.246510472543088E-004
  0.000000000000000E+000  1.686690754825730E-003   1.00009975312289     
  2.240373808912780E-002 -7.602433789172807E-003  0.000000000000000E+000
   1.29661391548500     
  0.984651967760095       5.241361940622983E-003  0.000000000000000E+000
 -1.311228770259731E-002  1.294072222446173E-003 -4.367357944066964E-004
  0.000000000000000E+000  1.730808016852869E-003   1.00010015661571     
  2.295547280508518E-002 -7.847385135671368E-003  0.000000000000000E+000
   1.31280517991204     
  0.986324073484050       4.675688102940933E-003  0.000000000000000E+000
 -7.989673875727021E-003  1.341436126498579E-003 -4.538038784450554E-004
  0.000000000000000E+000  1.795240004943635E-003   1.00010065603095     
  2.377520899573366E-002 -8.196047200762200E-003  0.000000000000000E+000
   1.33647857266689     
  0.987913151962970       4.138102405654422E-003  0.000000000000000E+000
 -3.326104457073598E-003  1.408957407419458E-003 -4.778547764820533E-004
  0.000000000000000E+000  1.886812183901512E-003   1.00010109354606     
  2.494653605641044E-002 -8.685322365384818E-003  0.000000000000000E+000
   1.36957177604740     
  0.989422284346865       3.624972708483789E-003  0.000000000000000E+000
  1.221246571503798E-003  1.501507262235111E-003 -5.105773549110710E-004
  0.000000000000000E+000  2.012084617146182E-003   1.00010152099559     
  2.655397297123076E-002 -9.348237275963069E-003  0.000000000000000E+000
   1.41368418768248     
  0.990855986116638       3.137404434411224E-003  0.000000000000000E+000
  5.764773452256122E-003  1.625701221647701E-003 -5.538339193907466E-004
  0.000000000000000E+000  2.179535141038448E-003   1.00010194087322     
  2.871422455661939E-002 -1.022898400509161E-002  0.000000000000000E+000
   1.47090939323796     
  0.992217346477003       2.672802303082331E-003  0.000000000000000E+000
  9.729090662403905E-003  1.789321275210591E-003 -6.109434583173990E-004
  0.000000000000000E+000  2.400264733527991E-003   1.00010228051255     
  3.156016364490037E-002 -1.138790246088101E-002  0.000000000000000E+000
   1.54303891924723     
  0.993510174322061       2.231164727309214E-003  0.000000000000000E+000
  1.374123710343156E-002  2.001488110716284E-003 -6.846423553440784E-004
  0.000000000000000E+000  2.686130466060362E-003   1.00010257820462     
  3.525107946339644E-002 -1.288920273077054E-002  0.000000000000000E+000
   1.63189151333088     
  0.994737525725376       1.810755225233402E-003  0.000000000000000E+000
  1.680790087152673E-002  2.274019938951887E-003 -7.793212367979519E-004
  0.000000000000000E+000  3.053341175749839E-003   1.00010269434966     
  3.999129574306558E-002 -1.481873208159144E-002  0.000000000000000E+000
   1.73937832210674     
  0.995902771433444       1.411209649882540E-003  0.000000000000000E+000
  1.841916644229968E-002  2.617223624298459E-003 -8.985524588354963E-004
  0.000000000000000E+000  3.515776083133955E-003   1.00010298995997     
  4.596237302129275E-002 -1.724372998449025E-002  0.000000000000000E+000
   1.86596594861735     
  0.997008737262081       1.031015434896345E-003  0.000000000000000E+000
  1.816341176026981E-002  3.039879460024918E-003 -1.045529563317645E-003
  0.000000000000000E+000  4.085409023342563E-003   1.00010368669107     
  5.331876053822321E-002 -2.021983815023057E-002  0.000000000000000E+000
   2.01091859450527     
  0.998058487802895       6.697802340236996E-004  0.000000000000000E+000
  1.548865875520278E-002  3.552874560338042E-003 -1.223635049646119E-003
  0.000000000000000E+000  4.776509609984161E-003   1.00010462914982     
  6.225049245976536E-002 -2.382396727712672E-002  0.000000000000000E+000
   2.17394545772580     
  0.999054695653817       3.263822780710836E-004  0.000000000000000E+000
  1.947519292571087E-004  4.142120349371933E-003 -1.428960532610531E-003
  0.000000000000000E+000  5.571080881982464E-003   1.00010559522940     
  7.255495518266086E-002 -2.783123084367130E-002  0.000000000000000E+000
   2.34712430721278     
   1.00000000000000      -1.665324653670056E-017  0.000000000000000E+000
  6.834883873671060E-002  4.903117889668721E-003 -8.682807166513935E-004
  0.000000000000000E+000  5.771398606320114E-003   1.00011870278354     
  8.632527493256836E-002 -4.553090752192630E-002  0.000000000000000E+000
   2.69537031815468     
