 variables = "X","Y","Z","Cp","Cfx","Cfy","Cfz","Cf","T","u","v","w","yplus"
 zone i=         151
   1.00000000000000       1.665324653670056E-017  0.000000000000000E+000
  7.877621358761644E-002  9.220272779468568E-003 -2.522504511668083E-004
  0.000000000000000E+000  9.472523230635375E-003   1.00018203370155     
  0.174425216452785      -2.916197598303961E-002  0.000000000000000E+000
   3.66485867488173     
  0.999001425599671       5.447267690042997E-005  0.000000000000000E+000
  6.815103491840091E-002  8.836120561628609E-003 -4.813097875335698E-004
  0.000000000000000E+000  9.317430349162180E-003   1.00019279407893     
  0.165535403552898      -6.938137292332356E-003  0.000000000000000E+000
   3.52208601695391     
  0.997949997818270       1.116616879644300E-004  0.000000000000000E+000
  7.860549775864456E-002  8.418279289727260E-003 -4.571172626909963E-004
  0.000000000000000E+000  8.875396552418256E-003   1.00019215799098     
  0.157693585460756      -6.868313236435856E-003  0.000000000000000E+000
   3.43780145126615     
  0.996843037128316       1.716701774105140E-004  0.000000000000000E+000
  9.117443085551713E-002  8.057021790112334E-003 -4.362613098250242E-004
  0.000000000000000E+000  8.493283099937358E-003   1.00019257109711     
  0.150915138012585      -6.781267017561655E-003  0.000000000000000E+000
   3.36323460670047     
  0.995677746198344       2.346938777538863E-004  0.000000000000000E+000
  0.103122633060138       7.746886694405061E-003 -4.182284432253436E-004
  0.000000000000000E+000  8.165115137630404E-003   1.00019342020726     
  0.145095450399552      -6.715901025807354E-003  0.000000000000000E+000
   3.29787832374391     
  0.994451193364049       3.007928008083059E-004  0.000000000000000E+000
  0.112854438041268       7.487792085707948E-003 -4.028021658942890E-004
  0.000000000000000E+000  7.890594251602236E-003   1.00019436027508     
  0.140233134949374      -6.669319612197467E-003  0.000000000000000E+000
   3.24227347286146     
  0.993160320569400       3.701124539357903E-004  0.000000000000000E+000
  0.121071801816697       7.276393413513463E-003 -3.901182858787992E-004
  0.000000000000000E+000  7.666511699392262E-003   1.00019531665627     
  0.136265822410335      -6.634484514207937E-003  0.000000000000000E+000
   3.19619212622618     
  0.991801936040528       4.428260084685768E-004  0.000000000000000E+000
  0.128403253792612       7.106725650704048E-003 -3.795871670097918E-004
  0.000000000000000E+000  7.486312817713840E-003   1.00019624235030     
  0.133082001038603      -6.601773203097721E-003  0.000000000000000E+000
   3.15872876332385     
  0.990372703239448       5.189985854962523E-004  0.000000000000000E+000
  0.134541768888766       6.972726436173507E-003 -3.709134465093329E-004
  0.000000000000000E+000  7.343639882682840E-003   1.00019699831187     
  0.130568027901984      -6.567592455129235E-003  0.000000000000000E+000
   3.12883145137933     
  0.988869149734546       5.988289370959963E-004  0.000000000000000E+000
  0.139952769290176       6.866852470148241E-003 -3.638520607243053E-004
  0.000000000000000E+000  7.230704530872547E-003   1.00019756466493     
  0.128582551298808      -6.526798795311623E-003  0.000000000000000E+000
   3.10501179135467     
  0.987287653567351       6.824581442352054E-004  0.000000000000000E+000
  0.145094807219948       6.780514978487712E-003 -3.575463008621272E-004
  0.000000000000000E+000  7.138061279349839E-003   1.00019793996399     
  0.126964921154445      -6.467259763655897E-003  0.000000000000000E+000
   3.08546147984377     
  0.985624436699843       7.699165229630898E-004  0.000000000000000E+000
  0.151631688540874       6.705642844027145E-003 -3.521459697772314E-004
  0.000000000000000E+000  7.057788813804376E-003   1.00019836830574     
  0.125562977943242      -6.399924080122498E-003  0.000000000000000E+000
   3.06840862406899     
  0.983875589210279       8.616377525778661E-004  0.000000000000000E+000
  0.157651321906769       6.638259484883205E-003 -3.466573217845435E-004
  0.000000000000000E+000  6.984916806667749E-003   1.00019865952554     
  0.124302090041597      -6.324944010127434E-003  0.000000000000000E+000
   3.05298991902205     
  0.982037001885699       9.572376115019621E-004  0.000000000000000E+000
  0.163921494967099       6.577244384068494E-003 -3.419529311941785E-004
  0.000000000000000E+000  6.919197315262673E-003   1.00019916386123     
  0.123160171575990      -6.260422648464966E-003  0.000000000000000E+000
   3.03895731855341     
  0.980104478202655       1.057699935824212E-003  0.000000000000000E+000
  0.169218235432027       6.522878349311260E-003 -3.369547735155933E-004
  0.000000000000000E+000  6.859833122826853E-003   1.00019962702668     
  0.122143423479411      -6.191007759277259E-003  0.000000000000000E+000
   3.02641140714993     
  0.978073553669464       1.161948348956863E-003  0.000000000000000E+000
  0.174105601399106       6.475346272126894E-003 -3.323803001739890E-004
  0.000000000000000E+000  6.807726572300883E-003   1.00020011220793     
  0.121254766260752      -6.124264990157574E-003  0.000000000000000E+000
   3.01540156218476     
  0.975939733923639       1.271478426898274E-003  0.000000000000000E+000
  0.178953514870045       6.432965686598631E-003 -3.282590748122918E-004
  0.000000000000000E+000  6.761224761410923E-003   1.00020073500844     
  0.120462689448689      -6.061862431073394E-003  0.000000000000000E+000
   3.00555453479277     
  0.973698227034776       1.385180156087390E-003  0.000000000000000E+000
  0.183072481980389       6.394978850850686E-003 -3.239364122024236E-004
  0.000000000000000E+000  6.718915263053109E-003   1.00020129662535     
  0.119753364601787      -5.993128382370632E-003  0.000000000000000E+000
   2.99670785173335     
  0.971344194597081       1.504258504303337E-003  0.000000000000000E+000
  0.187678254269940       6.359774426908883E-003 -3.200520377402511E-004
  0.000000000000000E+000  6.679826464649134E-003   1.00020193024982     
  0.119096182731165      -5.927407070809148E-003  0.000000000000000E+000
   2.98848702970417     
  0.968872537262536       1.628001624485897E-003  0.000000000000000E+000
  0.191693123591676       6.326343653389107E-003 -3.157535469891432E-004
  0.000000000000000E+000  6.642097200378251E-003   1.00020242347467     
  0.118472678113041      -5.853670235037326E-003  0.000000000000000E+000
   2.98066658515501     
  0.966278062333970       1.757096938973359E-003  0.000000000000000E+000
  0.196247287486813       6.293160028873551E-003 -3.117464826220367E-004
  0.000000000000000E+000  6.604906511495588E-003   1.00020298181801     
  0.117853853974639      -5.779532436907524E-003  0.000000000000000E+000
   2.97288169501160     
  0.963555373647426       1.891373763395130E-003  0.000000000000000E+000
  0.200208196946278       6.258774516592350E-003 -3.071954677597084E-004
  0.000000000000000E+000  6.565969984352058E-003   1.00020342628365     
  0.117212927840707      -5.696051659542187E-003  0.000000000000000E+000
   2.96479726357235     
  0.960698927782761       2.030904889090778E-003  0.000000000000000E+000
  0.204583639917701       6.223012374917880E-003 -3.027846117666544E-004
  0.000000000000000E+000  6.525796986684534E-003   1.00020393925191     
  0.116546092440059      -5.613648459054811E-003  0.000000000000000E+000
   2.95636148722051     
  0.957703044267799       2.176098169407578E-003  0.000000000000000E+000
  0.208422019338059       6.185984200079765E-003 -2.979073356197119E-004
  0.000000000000000E+000  6.483891535699476E-003   1.00020437133147     
  0.115855861585343      -5.523904441183929E-003  0.000000000000000E+000
   2.94760496544267     
  0.954561846157195       2.326415247496387E-003  0.000000000000000E+000
  0.212653417895808       6.148687951954912E-003 -2.931007452604070E-004
  0.000000000000000E+000  6.441788697215319E-003   1.00020488720037     
  0.115160442229187      -5.436614536333290E-003  0.000000000000000E+000
   2.93875686184407     
  0.951269384357213       2.482757904136671E-003  0.000000000000000E+000
  0.216717333863926       6.111761849453572E-003 -2.880394320126660E-004
  0.000000000000000E+000  6.399801281466238E-003   1.00020537705269     
  0.114472168621686      -5.345577784839533E-003  0.000000000000000E+000
   2.92997456813266     
  0.947819482538107       2.644120805717701E-003  0.000000000000000E+000
  0.220891994377553       6.075716135498548E-003 -2.829285554970776E-004
  0.000000000000000E+000  6.358644690995626E-003   1.00020588726414     
  0.113800441604040      -5.253144811204428E-003  0.000000000000000E+000
   2.92137782385544     
  0.944205942257812       2.811651156899837E-003  0.000000000000000E+000
  0.225353310298487       6.040337191784148E-003 -2.777553196489401E-004
  0.000000000000000E+000  6.318092511433089E-003   1.00020645803272     
  0.113141294848510      -5.159478453446803E-003  0.000000000000000E+000
   2.91291826420956     
  0.940422342196095       2.984205242399509E-003  0.000000000000000E+000
  0.229440386225406       6.006103221441495E-003 -2.723259229419260E-004
  0.000000000000000E+000  6.278429144383421E-003   1.00020698856999     
  0.112503793409255      -5.061513687942802E-003  0.000000000000000E+000
   2.90471342315744     
  0.936462258150449       3.162718150678633E-003  0.000000000000000E+000
  0.234172766522988       5.971624023590996E-003 -2.670132951363401E-004
  0.000000000000000E+000  6.238637318727335E-003   1.00020764716390     
  0.111861734139087      -4.962175606212449E-003  0.000000000000000E+000
   2.89642492461196     
  0.932319101600151       3.346467535361265E-003  0.000000000000000E+000
  0.238238319486982       5.935813548435711E-003 -2.610818127819250E-004
  0.000000000000000E+000  6.196895361217636E-003   1.00020818051421     
  0.111195118371843      -4.852376346450247E-003  0.000000000000000E+000
   2.88779423391601     
  0.927986251584928       3.535462227755561E-003  0.000000000000000E+000
  0.243435646825219       5.899595501847901E-003 -2.555214792131738E-004
  0.000000000000000E+000  6.155116981061075E-003   1.00020890648371     
  0.110520449127824      -4.750603237209423E-003  0.000000000000000E+000
   2.87903404748522     
  0.923457056336885       3.730240913818279E-003  0.000000000000000E+000
  0.247370600136037       5.865025153086009E-003 -2.491946628789681E-004
  0.000000000000000E+000  6.114219815964977E-003   1.00020941235042     
  0.109877208596794      -4.636770046816459E-003  0.000000000000000E+000
   2.87065870049294     
  0.918724734063985       3.928866629792209E-003  0.000000000000000E+000
  0.252808902602965       5.832581058640536E-003 -2.436316492612024E-004
  0.000000000000000E+000  6.076212707901738E-003   1.00021021062923     
  0.109273274576767      -4.534918800587881E-003  0.000000000000000E+000
   2.86277287099410     
  0.913782702004972       4.134308086652536E-003  0.000000000000000E+000
  0.257493950921116       5.802280555218719E-003 -2.370130553894491E-004
  0.000000000000000E+000  6.039293610608168E-003   1.00021088177980     
  0.108710277878227      -4.415653687589822E-003  0.000000000000000E+000
   2.85540440437943     
  0.908624062312831       4.341309162270438E-003  0.000000000000000E+000
  0.261847227145381       5.775624820476757E-003 -2.304549505989275E-004
  0.000000000000000E+000  6.006079771075684E-003   1.00021144870697     
  0.108215589777904      -4.295961598151944E-003  0.000000000000000E+000
   2.84891479990848     
  0.903242385263693       4.554834075679027E-003  0.000000000000000E+000
  0.267747923961679       5.747999968724824E-003 -2.244732200062683E-004
  0.000000000000000E+000  5.972473188731092E-003   1.00021229820931     
  0.107702448287355      -4.181577718273851E-003  0.000000000000000E+000
   2.84216535443743     
  0.897630946103148       4.770477692087010E-003  0.000000000000000E+000
  0.271341133349097       5.718139430213252E-003 -2.170285301043818E-004
  0.000000000000000E+000  5.935167960317633E-003   1.00021281367100     
  0.107148167987776      -4.043466570317726E-003  0.000000000000000E+000
   2.83485601885938     
  0.891783373400719       4.989646083122509E-003  0.000000000000000E+000
  0.277608530773477       5.689351526346804E-003 -2.110834381853527E-004
  0.000000000000000E+000  5.900434964532157E-003   1.00021382061817     
  0.106612761220504      -3.935614237610172E-003  0.000000000000000E+000
   2.82778057214267     
  0.885693421287334       5.213290243712273E-003  0.000000000000000E+000
  0.282109033493498       5.665992308942079E-003 -2.033722375848494E-004
  0.000000000000000E+000  5.869364546526929E-003   1.00021446468981     
  0.106180206503072      -3.798429716692934E-003  0.000000000000000E+000
   2.82205528687548     
  0.879354799790459       5.435549238576376E-003  0.000000000000000E+000
  0.286672657045074       5.650390919443888E-003 -1.959264311504763E-004
  0.000000000000000E+000  5.846317350594364E-003   1.00021507444388     
  0.105893032115609      -3.662307948227887E-003  0.000000000000000E+000
   2.81825159792016     
  0.872761850024891       5.661595916410732E-003  0.000000000000000E+000
  0.293820794890507       5.631218630362264E-003 -1.895754948144738E-004
  0.000000000000000E+000  5.820794125176738E-003   1.00021615094929     
  0.105538322250567      -3.537396945192615E-003  0.000000000000000E+000
   2.81353989350457     
  0.865908887614107       5.888050303986711E-003  0.000000000000000E+000
  0.297875321394031       5.603789011279281E-003 -1.807962662060000E-004
  0.000000000000000E+000  5.784585277485281E-003   1.00021668405742     
  0.105029912723866      -3.370239871331998E-003  0.000000000000000E+000
   2.80676676224999     
  0.858790596690845       6.112150921137999E-003  0.000000000000000E+000
  0.302679065016946       5.575706112186334E-003 -1.727698573421505E-004
  0.000000000000000E+000  5.748475969528484E-003   1.00021733531913     
  0.104508477686260      -3.220843895186259E-003  0.000000000000000E+000
   2.79980475008750     
  0.851402232938537       6.337426796155764E-003  0.000000000000000E+000
  0.309667605926506       5.545167039214939E-003 -1.649968653665518E-004
  0.000000000000000E+000  5.710163904581490E-003   1.00021837470244     
  0.103940675298598      -3.073665310577395E-003  0.000000000000000E+000
   2.79220226040776     
  0.843739242234269       6.559807874772471E-003  0.000000000000000E+000
  0.314303208805541       5.513161933989299E-003 -1.552285941738084E-004
  0.000000000000000E+000  5.668390528163108E-003   1.00021899992643     
  0.103346087262460      -2.892944612169998E-003  0.000000000000000E+000
   2.78421744667302     
  0.835797614343686       6.776554441764220E-003  0.000000000000000E+000
  0.319069132903905       5.486021264555535E-003 -1.463690014268474E-004
  0.000000000000000E+000  5.632390265982383E-003   1.00021965345284     
  0.102842014259055      -2.729821122649213E-003  0.000000000000000E+000
   2.77743216461191     
  0.827574033874230       6.990933322577417E-003  0.000000000000000E+000
  0.326638036347276       5.459388818018931E-003 -1.384979568684428E-004
  0.000000000000000E+000  5.597886774887374E-003   1.00022081864582     
  0.102346797697269      -2.582401283054073E-003  0.000000000000000E+000
   2.77074988834101     
  0.819065622350018       7.200829533666883E-003  0.000000000000000E+000
  0.331576686435028       5.435110901959978E-003 -1.281481992050835E-004
  0.000000000000000E+000  5.563259101165062E-003   1.00022152546332     
  0.101896417302668      -2.392848972768469E-003  0.000000000000000E+000
   2.76465749347150     
  0.810270040767068       7.398615321999188E-003  0.000000000000000E+000
  0.335961571831831       5.419426189950754E-003 -1.179098299473052E-004
  0.000000000000000E+000  5.537336019898059E-003   1.00022211735740     
  0.101606851532557      -2.204362417162434E-003  0.000000000000000E+000
   2.76073591008612     
  0.801185958372473       7.589628713596443E-003  0.000000000000000E+000
  0.342858197411715       5.403805067477742E-003 -1.094954090403622E-004
  0.000000000000000E+000  5.513300476518105E-003   1.00022314378654     
  0.101317525733544      -2.044061532240688E-003  0.000000000000000E+000
   2.75681091598522     
  0.791812627973472       7.772394067772765E-003  0.000000000000000E+000
  0.349189457974944       5.380271387419864E-003 -9.978983753524476E-005
  0.000000000000000E+000  5.480061224955109E-003   1.00022405747940     
  0.100879854341190      -1.859019693979764E-003  0.000000000000000E+000
   2.75085596926412     
  0.782150065254686       7.942422822669317E-003  0.000000000000000E+000
  0.353821320240513       5.354344447152662E-003 -8.835087877915175E-005
  0.000000000000000E+000  5.442695325931814E-003   1.00022467138472     
  0.100397240350844      -1.645911502431757E-003  0.000000000000000E+000
   2.74427120798710     
  0.772199185767239       8.095718475719276E-003  0.000000000000000E+000
  0.358710944713266       5.332707198140176E-003 -7.748255143333311E-005
  0.000000000000000E+000  5.410189749573509E-003   1.00022536946919     
  9.999439495621579E-002 -1.444319837662211E-003  0.000000000000000E+000
   2.73876201959069     
  0.761961923922881       8.235501917519613E-003  0.000000000000000E+000
  0.365153978874787       5.311651418904512E-003 -6.769994115691661E-005
  0.000000000000000E+000  5.379351360061429E-003   1.00022637726599     
  9.960172013615379E-002 -1.259823536446545E-003  0.000000000000000E+000
   2.73337959940977     
  0.751441078648974       8.360036325710233E-003  0.000000000000000E+000
  0.372024277865421       5.287878027933400E-003 -5.761195565335211E-005
  0.000000000000000E+000  5.345489983586752E-003   1.00022752549534     
  9.915759659030954E-002 -1.070929041164359E-003  0.000000000000000E+000
   2.72727668323091     
  0.740640446574066       8.467539394565621E-003  0.000000000000000E+000
  0.377167703340774       5.267949690268502E-003 -4.564352633527363E-005
  0.000000000000000E+000  5.313593216603776E-003   1.00022842555323     
  9.878512040205460E-002 -8.499688061560638E-004  0.000000000000000E+000
   2.72214114199691     
  0.729564815658738       8.549226778783900E-003  0.000000000000000E+000
  0.381781454959764       5.255423312710226E-003 -3.341455544076230E-005
  0.000000000000000E+000  5.288837868150989E-003   1.00022927353152     
  9.855079949080292E-002 -6.226847862288969E-004  0.000000000000000E+000
   2.71889864060866     
  0.718220157151689       8.609815858319162E-003  0.000000000000000E+000
  0.387904684265550       5.244206488333186E-003 -2.264794722848530E-005
  0.000000000000000E+000  5.266854435561671E-003   1.00023042479147     
  9.834006127571200E-002 -4.200452984581703E-004  0.000000000000000E+000
   2.71597360247834     
  0.706613454876314       8.648074977020741E-003  0.000000000000000E+000
  0.393658510059367       5.230754249467213E-003 -1.177558228486705E-005
  0.000000000000000E+000  5.242529831752081E-003   1.00023150796777     
  9.808615531749509E-002 -2.156802172478340E-004  0.000000000000000E+000
   2.71243681321868     
  0.694752788406665       8.662372544331720E-003  0.000000000000000E+000
  0.399684089669108       5.217380449839759E-003 -7.304738776399145E-007
  0.000000000000000E+000  5.218110923717399E-003   1.00023263992511     
  9.783232779174819E-002 -9.112345506573089E-006  0.000000000000000E+000
   2.70888325624935     
  0.682647343539202       8.651157664054129E-003  0.000000000000000E+000
  0.405843843485854       5.206318184860195E-003  1.102451144158617E-005
  0.000000000000000E+000  5.217342696301782E-003   1.00023379979041     
  9.762061471774836E-002  2.096973637726662E-004  0.000000000000000E+000
   2.70589815124946     
  0.670307422204054       8.610315629881678E-003  0.000000000000000E+000
  0.410786444994073       5.200201611095317E-003  2.360648766283685E-005
  0.000000000000000E+000  5.223808098758154E-003   1.00023475603683     
  9.750045943530361E-002  4.434207993652971E-004  0.000000000000000E+000
   2.70417030705609     
  0.657744432187388       8.537819516044324E-003  0.000000000000000E+000
  0.415799226127547       5.199032011888130E-003  3.566802749944501E-005
  0.000000000000000E+000  5.234700039387575E-003   1.00023574393905     
  9.747207891968077E-002  6.686215273666950E-004  0.000000000000000E+000
   2.70370793851889     
  0.644970813927204       8.436245338104848E-003  0.000000000000000E+000
  0.421702024023716       5.198607537814672E-003  4.701970476984468E-005
  0.000000000000000E+000  5.245627242584517E-003   1.00023690636284     
  9.745672130816177E-002  8.817764220808652E-004  0.000000000000000E+000
   2.70341933257416     
  0.632000051176599       8.304733450058579E-003  0.000000000000000E+000
  0.427363060800644       5.197399234132984E-003  5.836766269149112E-005
  0.000000000000000E+000  5.255766896824475E-003   1.00023803619620     
  9.742554698607654E-002  1.094423264657085E-003  0.000000000000000E+000
   2.70290194766147     
  0.618846621299056       8.142643113908310E-003  0.000000000000000E+000
  0.433026377181477       5.196912096022030E-003  6.967712967516396E-005
  0.000000000000000E+000  5.266589225697194E-003   1.00023917576311     
  9.740673262179847E-002  1.305917459704465E-003  0.000000000000000E+000
   2.70254602587676     
  0.605525942452643       7.949576021555563E-003  0.000000000000000E+000
  0.438921524719490       5.197286207680183E-003  8.090195323652638E-005
  0.000000000000000E+000  5.278188160916709E-003   1.00024036630769     
  9.740286259683270E-002  1.516069752177532E-003  0.000000000000000E+000
   2.70238701078012     
  0.592054310759683       7.725396929789890E-003  0.000000000000000E+000
  0.445117174300549       5.197341379446999E-003  9.209773975950575E-005
  0.000000000000000E+000  5.289439119206505E-003   1.00024162062906     
  9.739172015924027E-002  1.725804041914191E-003  0.000000000000000E+000
   2.70211558215002     
  0.578448841139469       7.469587338919363E-003  0.000000000000000E+000
  0.450401918070838       5.198213301316248E-003  1.037529240227441E-004
  0.000000000000000E+000  5.301966225338992E-003   1.00024271788024     
  9.739423584126765E-002  1.943346235677112E-003  0.000000000000000E+000
   2.70201840759168     
  0.564727426131715       7.179798545920949E-003  0.000000000000000E+000
  0.455853253483383       5.202872339909672E-003  1.150014631062267E-004
  0.000000000000000E+000  5.317873803015899E-003   1.00024384578793     
  9.746618422253145E-002  2.152448094038173E-003  0.000000000000000E+000
   2.70286671135317     
  0.550908452145140       6.860707846468249E-003  0.000000000000000E+000
  0.462252961178137       5.211206089845922E-003  1.252670620089665E-004
  0.000000000000000E+000  5.336473151854888E-003   1.00024514326951     
  9.760506598634341E-002  2.343333367736648E-003  0.000000000000000E+000
   2.70461618173330     
  0.537010910895377       6.513416561857800E-003  0.000000000000000E+000
  0.468341866847595       5.222287314629414E-003  1.352264577796557E-004
  0.000000000000000E+000  5.357513772409069E-003   1.00024637526204     
  9.779313276277792E-002  2.528470062873211E-003  0.000000000000000E+000
   2.70701635833847     
  0.523054228165777       6.139328491792367E-003  0.000000000000000E+000
  0.474425977353349       5.236751320761324E-003  1.448476760804572E-004
  0.000000000000000E+000  5.381598996841781E-003   1.00024758009816     
  9.804294802025773E-002  2.706889792321873E-003  0.000000000000000E+000
   2.71024746641031     
  0.509058155752480       5.740143054580419E-003  0.000000000000000E+000
  0.480633583560802       5.255345510870079E-003  1.541043142592675E-004
  0.000000000000000E+000  5.409449825129346E-003   1.00024876496669     
  9.836878496144674E-002  2.878127252848742E-003  0.000000000000000E+000
   2.71450652353149     
  0.495042659692362       5.317842972884984E-003  0.000000000000000E+000
  0.487056404516352       5.278668466070561E-003  1.629688608689717E-004
  0.000000000000000E+000  5.441637326939533E-003   1.00024993997326     
  9.878184515786409E-002  3.041753117449360E-003  0.000000000000000E+000
   2.71994204447776     
  0.481027806142041       4.874676585191666E-003  0.000000000000000E+000
  0.493746437993195       5.306896759919269E-003  1.714016412576838E-004
  0.000000000000000E+000  5.478298401176953E-003   1.00025108213016     
  9.928543158443412E-002  3.197165056577063E-003  0.000000000000000E+000
   2.72659151174342     
  0.467033646316841       4.413134998349662E-003  0.000000000000000E+000
  0.500823156515935       5.337536789186152E-003  1.793052247772055E-004
  0.000000000000000E+000  5.516842013963357E-003   1.00025219071088     
  9.983221671320147E-002  3.344106601146345E-003  0.000000000000000E+000
   2.73378953175300     
  0.453080108148714       3.935745123473622E-003  0.000000000000000E+000
  0.507881922566412       5.365898897999658E-003  1.867061121539497E-004
  0.000000000000000E+000  5.552605010153608E-003   1.00025324264501     
  0.100333105396612       3.483050490969015E-003  0.000000000000000E+000
   2.74029711260141     
  0.439186917314490       3.444124449314979E-003  0.000000000000000E+000
  0.515553819636807       5.388602045627342E-003  1.929517016969325E-004
  0.000000000000000E+000  5.581553747324275E-003   1.00025436347032     
  0.100725593504619       3.601142387664527E-003  0.000000000000000E+000
   2.74527165654306     
  0.425373323286012       2.943537917647252E-003  0.000000000000000E+000
  0.525081837986818       5.402893555376528E-003  1.975971419038580E-004
  0.000000000000000E+000  5.600490697280386E-003   1.00025582934907     
  0.100959780299651       3.690176815327844E-003  0.000000000000000E+000
   2.74806022354029     
  0.411658191042757       2.437221773305309E-003  0.000000000000000E+000
  0.536313959953077       5.408025512100676E-003  2.033938915359369E-004
  0.000000000000000E+000  5.611419403636613E-003   1.00025769606030     
  0.101018468287950       3.799924782433244E-003  0.000000000000000E+000
   2.74841549465637     
  0.398060300010423       1.916233981970908E-003  0.000000000000000E+000
  0.547775788852277       5.403447368416143E-003  2.165375681911921E-004
  0.000000000000000E+000  5.619984936607335E-003   1.00025967725955     
  0.100880755770479       4.047172838919551E-003  0.000000000000000E+000
   2.74597384586922     
  0.384598635456386       1.352902573853140E-003  0.000000000000000E+000
  0.557277934833337       5.386553560292277E-003  2.391133987901997E-004
  0.000000000000000E+000  5.625666959082476E-003   1.00026137208841     
  0.100490653274930       4.470211506114789E-003  0.000000000000000E+000
   2.73990294238384     
  0.371291267288200       7.281164213263902E-004  0.000000000000000E+000
  0.563614588412293       5.364166284881890E-003  2.660043083290339E-004
  0.000000000000000E+000  5.630170593210923E-003   1.00026259205911     
  9.998142636331832E-002  4.967290169365307E-003  0.000000000000000E+000
   2.73203933016271     
  0.358154780898738       4.178473641569574E-005  0.000000000000000E+000
  0.570209047230264       5.348272565407244E-003  2.927622491872193E-004
  0.000000000000000E+000  5.641034814594464E-003   1.00026398433117     
  9.958505113877271E-002  5.457230344843272E-003  0.000000000000000E+000
   2.72561385081446     
  0.345204555188213      -6.996594131643285E-004  0.000000000000000E+000
  0.576490557371699       5.342691418316292E-003  3.201896779423335E-004
  0.000000000000000E+000  5.662881096258626E-003   1.00026538890876     
  9.937021285747966E-002  5.958380264485716E-003  0.000000000000000E+000
   2.72155719399351     
  0.332455505085775      -1.498146808410845E-003  0.000000000000000E+000
  0.581053260758154       5.345911712338022E-003  3.467827778210125E-004
  0.000000000000000E+000  5.692694490159035E-003   1.00026651707100     
  9.930976163310939E-002  6.442854873349648E-003  0.000000000000000E+000
   2.71949823069396     
  0.319920537181743      -2.339667901782980E-003  0.000000000000000E+000
  0.586642547395286       5.354532579341337E-003  3.700257427209867E-004
  0.000000000000000E+000  5.724558322062324E-003   1.00026788223871     
  9.934582570675615E-002  6.864907574371363E-003  0.000000000000000E+000
   2.71867976845265     
  0.307611656831778      -3.214917519367286E-003  0.000000000000000E+000
  0.592831000663409       5.366655379987741E-003  3.912915298984562E-004
  0.000000000000000E+000  5.757946909886198E-003   1.00026943995100     
  9.944136402478546E-002  7.248698132521365E-003  0.000000000000000E+000
   2.71858496765712     
  0.295539909591286      -4.117285986877651E-003  0.000000000000000E+000
  0.599218399029041       5.382550006388406E-003  4.111587592303974E-004
  0.000000000000000E+000  5.793708765618803E-003   1.00027116274724     
  9.959876119338196E-002  7.605008249289663E-003  0.000000000000000E+000
   2.71921564684307     
  0.283715218424319      -5.040365564571752E-003  0.000000000000000E+000
  0.606128031164872       5.401314993750158E-003  4.295924628831079E-004
  0.000000000000000E+000  5.830907456633267E-003   1.00027314878792     
  9.980037773151551E-002  7.933755663361845E-003  0.000000000000000E+000
   2.72031598826728     
  0.272146384621058      -5.978022424434283E-003  0.000000000000000E+000
  0.612639701557327       5.422832783564567E-003  4.476395730708905E-004
  0.000000000000000E+000  5.870472356635458E-003   1.00027518199823     
  0.100041358536894       8.253261954855077E-003  0.000000000000000E+000
   2.72179931241326     
  0.260841459952367      -6.928699530984975E-003  0.000000000000000E+000
  0.618699854583156       5.449264747694612E-003  4.647421559736591E-004
  0.000000000000000E+000  5.914006903668272E-003   1.00027721544599     
  0.100362403086841       8.552128388393421E-003  0.000000000000000E+000
   2.72421080936497     
  0.249806769810523      -7.883567295849768E-003  0.000000000000000E+000
  0.625755949358563       5.481533942176621E-003  4.790632156660070E-004
  0.000000000000000E+000  5.960597157842628E-003   1.00027941703629     
  0.100786045312458       8.798479745746570E-003  0.000000000000000E+000
   2.72788931243813     
  0.239047492115207      -8.833844321215513E-003  0.000000000000000E+000
  0.633295050285597       5.518248956527955E-003  4.912315381397397E-004
  0.000000000000000E+000  6.009480494667694E-003   1.00028160936808     
  0.101283788268405       9.004750727378830E-003  0.000000000000000E+000
   2.73241975148979     
  0.228568063927081      -9.774779615069130E-003  0.000000000000000E+000
  0.640923610604204       5.556998828767214E-003  5.019714379719893E-004
  0.000000000000000E+000  6.058970266739204E-003   1.00028367654593     
  0.101806876258810       9.184399064005529E-003  0.000000000000000E+000
   2.73710083714050     
  0.218371927887734      -1.070216068614966E-002  0.000000000000000E+000
  0.648481144472498       5.596059705105900E-003  5.114545559875938E-004
  0.000000000000000E+000  6.107514261093494E-003   1.00028557976105     
  0.102321701566295       9.339788624538180E-003  0.000000000000000E+000
   2.74145952231434     
  0.208461650332017      -1.161318441176501E-002  0.000000000000000E+000
  0.656309812760355       5.634698961757091E-003  5.185564397482570E-004
  0.000000000000000E+000  6.153255401505348E-003   1.00028733617517     
  0.102817571947920       9.450344092680741E-003  0.000000000000000E+000
   2.74536735511782     
  0.198838436947398      -1.250075963881363E-002  0.000000000000000E+000
  0.665000859952897       5.672216950756122E-003  5.226799336816102E-004
  0.000000000000000E+000  6.194896884437732E-003   1.00028903281190     
  0.103283442083182       9.505648734825164E-003  0.000000000000000E+000
   2.74869169615802     
  0.189502895766597      -1.336127223884795E-002  0.000000000000000E+000
  0.673626625999759       5.709911740753094E-003  5.251054048906515E-004
  0.000000000000000E+000  6.235017145643746E-003   1.00029064742290     
  0.103737216153997       9.527520506865655E-003  0.000000000000000E+000
   2.75162033732347     
  0.180454910724205      -1.419260156117742E-002  0.000000000000000E+000
  0.682614555469172       5.749303961340855E-003  5.251157637505517E-004
  0.000000000000000E+000  6.274419725091407E-003   1.00029217740095     
  0.104209300937581       9.504391557913095E-003  0.000000000000000E+000
   2.75458142180832     
  0.171693255296651      -1.498933665163374E-002  0.000000000000000E+000
  0.692504722232343       5.788945862796947E-003  5.218647318287748E-004
  0.000000000000000E+000  6.310810594625722E-003   1.00029378075320     
  0.104675104428765       9.422680417205636E-003  0.000000000000000E+000
   2.75726379674342     
  0.163216160245772      -1.574824056262389E-002  0.000000000000000E+000
  0.702813004549171       5.827359208752389E-003  5.169163020667151E-004
  0.000000000000000E+000  6.344275510819105E-003   1.00029537569660     
  0.105098351938427       9.309874156159114E-003  0.000000000000000E+000
   2.75910542807951     
  0.155021505005991      -1.646991939561590E-002  0.000000000000000E+000
  0.712692467794795       5.863982736567878E-003  5.106367479049400E-004
  0.000000000000000E+000  6.374619484472818E-003   1.00029674197028     
  0.105466711025156       9.172501585011917E-003  0.000000000000000E+000
   2.75993082471322     
  0.147106334224531      -1.715296303207054E-002  0.000000000000000E+000
  0.724292140269881       5.895136297185905E-003  4.977590511932654E-004
  0.000000000000000E+000  6.392895348379170E-003   1.00029811460463     
  0.105736245468858       8.919910075928579E-003  0.000000000000000E+000
   2.75936948645843     
  0.139466267089614      -1.778558548152064E-002  0.000000000000000E+000
  0.737453849684016       5.919939364660982E-003  4.818838837461113E-004
  0.000000000000000E+000  6.401823248407094E-003   1.00029945730831     
  0.105872230566711       8.613334549398334E-003  0.000000000000000E+000
   2.75679680732536     
  0.132098175810340      -1.837689199987649E-002  0.000000000000000E+000
  0.749000608165488       5.943341510654250E-003  4.685864751870547E-004
  0.000000000000000E+000  6.411927985841305E-003   1.00030039095246     
  0.105936069745775       8.348180362416066E-003  0.000000000000000E+000
   2.75275299061876     
  0.124997769952504      -1.892872200988259E-002  0.000000000000000E+000
  0.762406943199267       5.961039642332458E-003  4.452413992084086E-004
  0.000000000000000E+000  6.406281041540866E-003   1.00030129079369     
  0.105915545109205       7.910332353525071E-003  0.000000000000000E+000
   2.74771306269880     
  0.118158763957459      -1.942103531766246E-002  0.000000000000000E+000
  0.777288394647485       5.970121040210377E-003  4.177791582855644E-004
  0.000000000000000E+000  6.387900198495941E-003   1.00030211228199     
  0.105727285951985       7.404691091640506E-003  0.000000000000000E+000
   2.74030150120894     
  0.111577324482708      -1.987073175919550E-002  0.000000000000000E+000
  0.789763974868720       5.975891267186033E-003  3.967790807525461E-004
  0.000000000000000E+000  6.372670347938579E-003   1.00030233240130     
  0.105405175239468       7.008645501163613E-003  0.000000000000000E+000
   2.73031847876565     
  0.105248108561165      -2.028128798648830E-002  0.000000000000000E+000
  0.804948347134314       5.966251407229788E-003  3.607518813959724E-004
  0.000000000000000E+000  6.327003288625760E-003   1.00030247245946     
  0.104855355949784       6.361559415718247E-003  0.000000000000000E+000
   2.71778965818017     
  9.916376395001603E-002 -2.062514136152142E-002  0.000000000000000E+000
  0.821462169841197       5.939681894916038E-003  3.215350210751032E-004
  0.000000000000000E+000  6.261216915991141E-003   1.00030234562010     
  0.103987823573012       5.664999002468768E-003  0.000000000000000E+000
   2.70086811533726     
  9.332012723962402E-002 -2.093049604161815E-002  0.000000000000000E+000
  0.836306526409317       5.902924654217499E-003  2.891597263646003E-004
  0.000000000000000E+000  6.192084380582099E-003   1.00030128462805     
  0.102860555630357       5.085224679369271E-003  0.000000000000000E+000
   2.67956347384523     
  8.771055058917909E-002 -2.119011388496281E-002  0.000000000000000E+000
  0.854307644892515       5.836760407383922E-003  2.404576891796502E-004
  0.000000000000000E+000  6.077218096563573E-003   1.00030001525106     
  0.101284887991159       4.245111116940432E-003  0.000000000000000E+000
   2.65300071320531     
  8.232832898163722E-002 -2.138787159074580E-002  0.000000000000000E+000
  0.871509600524178       5.744694724996303E-003  1.957542464871634E-004
  0.000000000000000E+000  5.940448971483467E-003   1.00029828624321     
  9.920441237262217E-002  3.477046933193307E-003  0.000000000000000E+000
   2.61892118563931     
  7.716826630280238E-002 -2.155356702706770E-002  0.000000000000000E+000
  0.890353703278834       5.618893291386024E-003  1.457744685884293E-004
  0.000000000000000E+000  5.764667759974453E-003   1.00029585647274     
  9.655209229545822E-002  2.637190663354002E-003  0.000000000000000E+000
   2.57698866975778     
  7.222301122247532E-002 -2.165524915438587E-002  0.000000000000000E+000
  0.910699716314411       5.446492374682064E-003  8.784881162160287E-005
  0.000000000000000E+000  5.534341186303667E-003   1.00029232327292     
  9.314585888172483E-002  1.674229267982360E-003  0.000000000000000E+000
   2.52486237914982     
  6.748705146715417E-002 -2.171479524477504E-002  0.000000000000000E+000
  0.922757820523429       5.253973172451976E-003  4.185266699504073E-005
  0.000000000000000E+000  5.295825839447017E-003   1.00028706133206     
  8.931543788329807E-002  8.986901197657440E-004  0.000000000000000E+000
   2.46485339175839     
  6.295371259758120E-002 -2.173446819730835E-002  0.000000000000000E+000
  0.943204211212333       5.033284381699842E-003 -1.847473662401697E-005
  0.000000000000000E+000  5.051759118323859E-003   1.00028409298660     
  8.513135053541121E-002 -8.456799739552329E-005  0.000000000000000E+000
   2.40026432931525     
  5.861711578290607E-002 -2.168853676842170E-002  0.000000000000000E+000
  0.968036498841002       4.783606775122426E-003 -6.583651185046931E-005
  0.000000000000000E+000  4.849443286972896E-003   1.00028380296754     
  8.039943306432576E-002 -8.380369576707796E-004  0.000000000000000E+000
   2.32529380232113     
  5.447044604999962E-002 -2.162336907966074E-002  0.000000000000000E+000
  0.989465752007163       4.461784244398546E-003 -1.203294603239973E-004
  0.000000000000000E+000  4.582113704722544E-003   1.00028472860916     
  7.457866926663952E-002 -1.636828266197618E-003  0.000000000000000E+000
   2.23350404625989     
  5.050903214194746E-002 -2.147729249486757E-002  0.000000000000000E+000
   1.01362814591835       4.052807283784339E-003 -1.669074408081192E-004
  0.000000000000000E+000  4.219714724592458E-003   1.00028614851706     
  6.737071256603208E-002 -2.316492435509374E-003  0.000000000000000E+000
   2.11722608869346     
  4.672541388620077E-002 -2.131085761769123E-002  0.000000000000000E+000
   1.03633002982201       3.548254847169593E-003 -1.928606438381963E-004
  0.000000000000000E+000  3.741115491007790E-003   1.00028729388239     
  5.859426927280054E-002 -2.574400379650972E-003  0.000000000000000E+000
   1.96808495353448     
  4.311516124701154E-002 -2.108321818922540E-002  0.000000000000000E+000
   1.05741774250146       2.912578398777045E-003 -2.074379343110706E-004
  0.000000000000000E+000  3.120016333088116E-003   1.00028858524283     
  4.785073173334867E-002 -2.646104776547888E-003  0.000000000000000E+000
   1.77397741517856     
  3.967223005436371E-002 -2.081626001427382E-002  0.000000000000000E+000
   1.07330658393380       2.144144448839877E-003 -1.861605850735561E-004
  0.000000000000000E+000  2.330305033913434E-003   1.00028951777752     
  3.502023767130341E-002 -2.086656042133875E-003  0.000000000000000E+000
   1.51244805802590     
  3.639054179185175E-002 -2.050759722952964E-002  0.000000000000000E+000
   1.06472226586652       1.257125392184408E-003 -1.344965534171079E-004
  0.000000000000000E+000  1.391621945601516E-003   1.00028995977059     
  2.049047093803695E-002 -1.091034198835547E-003  0.000000000000000E+000
   1.15357191528627     
  3.326778181846923E-002 -2.014011535744205E-002  0.000000000000000E+000
   1.06199707423684       3.181797921159301E-004 -3.997322003561590E-005
  0.000000000000000E+000  3.581530121515460E-004   1.00029517445691     
  5.264171628061298E-003  4.950138722749312E-004  0.000000000000000E+000
  0.583551489053322     
  3.029382127105174E-002 -1.975029503451204E-002  0.000000000000000E+000
   1.08057721256864      -7.000396285770336E-004  1.050736482986867E-004
  0.000000000000000E+000 -8.051132768757204E-004   1.00030478995613     
 -1.100005205013512E-002  3.116207048998143E-003  0.000000000000000E+000
  0.856110725618372     
  2.747317396944959E-002 -1.928113185504812E-002  0.000000000000000E+000
   1.11306075419793      -1.920030731044541E-003  3.313951482949180E-004
  0.000000000000000E+000 -2.251425879339458E-003   1.00031823958166     
 -3.026916255831009E-002  7.007989909312243E-003  0.000000000000000E+000
   1.40689809396288     
  2.478833495795718E-002 -1.880921559024042E-002  0.000000000000000E+000
   1.15618368434934      -3.467375351213564E-003  7.028319998764675E-004
  0.000000000000000E+000 -4.170207351090032E-003   1.00033188290806     
 -5.448273777488509E-002  1.385099775466089E-002  0.000000000000000E+000
   1.88947764393310     
  2.225501326225521E-002 -1.823565211469499E-002  0.000000000000000E+000
   1.25376232624330      -5.719720560824559E-003  1.327455023626507E-003
  0.000000000000000E+000 -7.047175584451066E-003   1.00035683566129     
 -8.954456305759557E-002  2.477379751360378E-002  0.000000000000000E+000
   2.42440474199183     
  1.984559696190713E-002 -1.767184233715069E-002  0.000000000000000E+000
   1.27963481185338      -8.845841992368484E-003  2.372288966852137E-003
  0.000000000000000E+000 -1.121813095922062E-002   1.00036988353973     
 -0.137961048783746       4.364365730227226E-002  0.000000000000000E+000
   3.02320755909781     
  1.758713226318775E-002 -1.699731615131953E-002  0.000000000000000E+000
   1.32695798894656      -1.309210155439987E-002  4.037315338365365E-003
  0.000000000000000E+000 -1.712941689276523E-002   1.00039639988054     
 -0.204329051637180       7.161122187394410E-002  0.000000000000000E+000
   3.69903106196481     
  1.544650428983374E-002 -1.632605898462604E-002  0.000000000000000E+000
   1.20696480059587      -1.833646019348080E-002  6.449464535163322E-003
  0.000000000000000E+000 -2.478592472864413E-002   1.00039689620769     
 -0.285805507851384       0.112888703871212       0.000000000000000E+000
   4.40739850075430     
  1.345295496273136E-002 -1.555732975657546E-002  0.000000000000000E+000
   1.11037034947412      -2.414417882641179E-002  9.783073174136184E-003
  0.000000000000000E+000 -3.392725200054797E-002   1.00040672261992     
 -0.378517083422447       0.167352682285043       0.000000000000000E+000
   5.12780590445553     
  1.157947612225185E-002 -1.477144945561017E-002  0.000000000000000E+000
  0.911744094732512      -3.023789938784153E-002  1.397312381455220E-002
  0.000000000000000E+000 -4.421102320239373E-002   1.00039663172044     
 -0.475555480796650       0.237499559937235       0.000000000000000E+000
   5.82416566397074     
  9.848531301419383E-003 -1.390624975671154E-002  0.000000000000000E+000
  0.608537102676792      -3.582190497740982E-002  1.921181057464937E-002
  0.000000000000000E+000 -5.503371555205919E-002   1.00036717880901     
 -0.569489421977551       0.325038423980777       0.000000000000000E+000
   6.50359832648720     
  8.249723698091849E-003 -1.299967384081004E-002  0.000000000000000E+000
  0.513164781059913      -4.095169531124036E-002  2.516026751915068E-002
  0.000000000000000E+000 -6.611196283039104E-002   1.00038944937871     
 -0.656889152896756       0.425274531990579       0.000000000000000E+000
   7.13760001639979     
  6.785477286839425E-003 -1.203901627367612E-002  0.000000000000000E+000
 -3.660292367499096E-002 -4.389805645943597E-002  3.172411046809218E-002
  0.000000000000000E+000 -7.562216692752816E-002   1.00033568586509     
 -0.715806711178820       0.539667467203226       0.000000000000000E+000
   7.70172415244589     
  5.478550221508449E-003 -1.101314324896579E-002  0.000000000000000E+000
 -0.427506624813532      -4.576108356040384E-002  3.829879539951495E-002
  0.000000000000000E+000 -8.405987895991879E-002   1.00031191073633     
 -0.756760229143144       0.655870864952675       0.000000000000000E+000
   8.19597907930666     
  4.290827434544564E-003 -9.965556159078107E-003  0.000000000000000E+000
 -0.975747008395047      -4.478909360454413E-002  4.499359458788332E-002
  0.000000000000000E+000 -8.978268819242746E-002   1.00025039617192     
 -0.754678659338672       0.780958196643808       0.000000000000000E+000
   8.61619994949927     
  3.296772041745166E-003 -8.840112919361187E-003  0.000000000000000E+000
  -1.37229718701087      -4.319489682649499E-002  5.136182457582305E-002
  0.000000000000000E+000 -9.455672140231805E-002   1.00021447482871     
 -0.738913172462003       0.903304392296297       0.000000000000000E+000
   9.00452162255491     
  2.396870789097783E-003 -7.727149985343641E-003  0.000000000000000E+000
  -1.95875530731041      -3.934413639177210E-002  5.776277152046493E-002
  0.000000000000000E+000 -9.710690791223703E-002   1.00014550029243     
 -0.682478088046656        1.02979824570299       0.000000000000000E+000
   9.33946410307152     
  1.722008488210358E-003 -6.549785302129726E-003  0.000000000000000E+000
  -2.36383803033414      -3.509369833578452E-002  6.370569290675143E-002
  0.000000000000000E+000 -9.879939124253595E-002   1.00010866062496     
 -0.617036102005426        1.15068744859583       0.000000000000000E+000
   9.67484433243590     
  1.113140182790850E-003 -5.409418156526647E-003  0.000000000000000E+000
  -2.69872793603531      -2.955919276457429E-002  6.878409442914175E-002
  0.000000000000000E+000 -9.834328719371604E-002   1.00008801916853     
 -0.527403373627746        1.24966096666211       0.000000000000000E+000
   9.90555810803855     
  7.225228813823037E-004 -4.248492033251204E-003  0.000000000000000E+000
  -3.02756347583454      -2.270934403600181E-002  7.176741494510802E-002
  0.000000000000000E+000 -9.447675898110983E-002   1.00006390611954     
 -0.414411547388922        1.31490316221559       0.000000000000000E+000
   10.0400200536080     
  3.880251048486993E-004 -3.130464215962858E-003  0.000000000000000E+000
  -3.22200286715020      -1.721499741904600E-002  7.306533217947159E-002
  0.000000000000000E+000 -9.028032959851759E-002   1.00004683091896     
 -0.317712506609021        1.34219499029210       0.000000000000000E+000
   10.0579883838713     
  1.970395846617734E-004 -2.043563727562371E-003  0.000000000000000E+000
  -3.84610434094725      -9.918888528206441E-003  7.325643097466594E-002
  0.000000000000000E+000 -8.317531950287238E-002  0.999970027407898     
 -0.189154583468961        1.35189268005653       0.000000000000000E+000
   10.0291584230319     
  9.598016850720370E-005 -9.954425719247947E-004  0.000000000000000E+000
  -3.32056458133502      -7.020930552569106E-003  7.324408235984130E-002
  0.000000000000000E+000 -8.026501291241041E-002   1.00010900123586     
 -0.128159924136309        1.35313626797519       0.000000000000000E+000
   10.0104336230724     
  0.000000000000000E+000  0.000000000000000E+000  0.000000000000000E+000
  -4.30338966081422      -5.365719264179957E-004  7.288683108704387E-002
  0.000000000000000E+000 -7.342340301346187E-002  0.999976166585356     
 -1.834707892879273E-002   1.34624289262309       0.000000000000000E+000
   9.96035046395089     
 zone i=         151
  0.000000000000000E+000  0.000000000000000E+000  0.000000000000000E+000
  -4.30338966081422      -5.365719264179957E-004  7.288683108704387E-002
  0.000000000000000E+000 -7.342340301346187E-002  0.999976166585356     
 -1.834707892879273E-002   1.34624289262309       0.000000000000000E+000
   9.96035046395089     
  8.124748189053399E-005  9.967570191826214E-004  0.000000000000000E+000
  -4.92349759436502       5.735560218772894E-003  7.071146343744704E-002
  0.000000000000000E+000  7.644702365621993E-002  0.999907821605482     
  9.301575170850190E-002   1.30825661912305       0.000000000000000E+000
   9.83321674266110     
  1.668552160047909E-004  2.047006305551404E-003  0.000000000000000E+000
  -4.12055548148578       7.082890566295780E-003  6.870473186530410E-002
  0.000000000000000E+000  7.578762243159988E-002   1.00007297645756     
  0.125942979797661        1.27023287489568       0.000000000000000E+000
   9.70095588584583     
  3.042454035129261E-004  3.145845697375883E-003  0.000000000000000E+000
  -4.66600451104910       1.214212632871296E-002  6.603062429574470E-002
  0.000000000000000E+000  7.817275062445767E-002   1.00000893971439     
  0.209801827420174        1.22001676116249       0.000000000000000E+000
   9.54080733543133     
  5.825742921587995E-004  4.281733555009661E-003  0.000000000000000E+000
  -4.44354467626931       1.508988101398262E-002  6.173337566912482E-002
  0.000000000000000E+000  7.682325668310744E-002   1.00008248742579     
  0.261935295987829        1.14094007932456       0.000000000000000E+000
   9.27336838539683     
  8.757422479155341E-004  5.478181120376323E-003  0.000000000000000E+000
  -4.49220864363679       1.678812293687660E-002  5.625249018013737E-002
  0.000000000000000E+000  7.304061311701397E-002   1.00010368203233     
  0.288340386620868        1.04104352703407       0.000000000000000E+000
   8.90294240275834     
  1.308808987989130E-003  6.698568453762158E-003  0.000000000000000E+000
  -4.86825778541311       1.842130001920185E-002  4.913718785028822E-002
  0.000000000000000E+000  6.755848786949008E-002   1.00006858956330     
  0.313635183460440       0.911650438551587       0.000000000000000E+000
   8.40237445320683     
  1.812850180215042E-003  7.968367674832801E-003  0.000000000000000E+000
  -4.61653763903746       1.737227585297672E-002  4.161964838525941E-002
  0.000000000000000E+000  5.899192423823613E-002   1.00013057006144     
  0.296512249121328       0.773840832754271       0.000000000000000E+000
   7.79087730375463     
  2.391032082076583E-003  9.283225230158919E-003  0.000000000000000E+000
  -5.06419778595568       1.675890288815206E-002  3.438911557703150E-002
  0.000000000000000E+000  5.114801846518357E-002   1.00007443773293     
  0.287331278175845       0.640297007371541       0.000000000000000E+000
   7.16283966955675     
  3.109272514030703E-003  1.061639973803102E-002  0.000000000000000E+000
  -4.91075089625838       1.541715206850065E-002  2.866197279703155E-002
  0.000000000000000E+000  4.407912486553219E-002   1.00011556015674     
  0.269988687446109       0.532386115183046       0.000000000000000E+000
   6.60617268882646     
  3.865287533979300E-003  1.201969020640781E-002  0.000000000000000E+000
  -4.92159157950323       1.433301901796095E-002  2.386734405691914E-002
  0.000000000000000E+000  3.820036307488009E-002   1.00012019267616     
  0.250497360358708       0.444571332635765       0.000000000000000E+000
   6.10552243325985     
  4.796892805706054E-003  1.341452172343449E-002  0.000000000000000E+000
  -4.90170543431918       1.313206525645575E-002  1.963147270611491E-002
  0.000000000000000E+000  3.276353796257066E-002   1.00012535401097     
  0.231432961762567       0.365577935353077       0.000000000000000E+000
   5.62077774678869     
  5.781289545338408E-003  1.487974781579076E-002  0.000000000000000E+000
  -4.55204246791982       1.149140555027263E-002  1.610426608049657E-002
  0.000000000000000E+000  2.759567163076920E-002   1.00017665048325     
  0.202888280611716       0.300767785905367       0.000000000000000E+000
   5.14999234983700     
  6.903066221750631E-003  1.635814064742308E-002  0.000000000000000E+000
  -4.56749355983288       1.004480793146004E-002  1.292511912439993E-002
  0.000000000000000E+000  2.296992705585997E-002   1.00016212964795     
  0.177585905062949       0.242057381381336       0.000000000000000E+000
   4.68490330378779     
  8.121082669093838E-003  1.788532551851348E-002  0.000000000000000E+000
  -4.39768485200557       8.349650835011551E-003  1.012336699563430E-002
  0.000000000000000E+000  1.847301783064585E-002   1.00017483111862     
  0.147512550929821       0.190466986925135       0.000000000000000E+000
   4.19888769927502     
  9.454664975969473E-003  1.944636852175496E-002  0.000000000000000E+000
  -4.43015614315505       6.678521671165357E-003  7.550465593971810E-003
  0.000000000000000E+000  1.422898726513717E-002   1.00015435317005     
  0.117528984638991       0.143108228529013       0.000000000000000E+000
   3.68222464823341     
  1.091465694568861E-002  2.103826502945663E-002  0.000000000000000E+000
  -4.34161885368462       4.988364569798256E-003  5.338710665866922E-003
  0.000000000000000E+000  1.032707523566518E-002   1.00014915316560     
  8.768715471390606E-002  0.101800038669436       0.000000000000000E+000
   3.13787275339442     
  1.248068226265642E-002  2.268129049048521E-002  0.000000000000000E+000
  -4.36141742901350       3.436291763503539E-003  3.467116516551565E-003
  0.000000000000000E+000  6.903408280055104E-003   1.00013253447754     
  5.977797041011160E-002  6.711853767425677E-002  0.000000000000000E+000
   2.56731024319223     
  1.419429961991825E-002  2.434216187368587E-002  0.000000000000000E+000
  -4.25636279787477       2.085913898194926E-003  2.000339677365642E-003
  0.000000000000000E+000  4.086253575560568E-003   1.00013624953239     
  3.613336369092914E-002  3.914280127941227E-002  0.000000000000000E+000
   1.97720160220588     
  1.601361488792574E-002  2.606691124135281E-002  0.000000000000000E+000
  -4.19053072260044       1.030981147956731E-003  9.395907962945177E-004
  0.000000000000000E+000  1.970571944251249E-003   1.00012394876648     
  1.732049314522793E-002  1.912188526548113E-002  0.000000000000000E+000
   1.37651629341897     
  1.799565339072173E-002  2.780171742430116E-002  0.000000000000000E+000
  -4.08588269530469       2.514067937616562E-004  2.184944150802021E-004
  0.000000000000000E+000  4.699012088418583E-004   1.00011011647187     
  3.675862932707634E-003  5.123992085346344E-003  0.000000000000000E+000
  0.680741249182338     
  2.009007559783660E-002  2.960816297912750E-002  0.000000000000000E+000
  -3.95398273686783      -2.693189022420668E-004 -2.237180523097544E-004
  0.000000000000000E+000 -4.930369545518212E-004   1.00009268281670     
 -5.552279036741280E-003 -3.415367281167621E-003  0.000000000000000E+000
  0.692354635716153     
  2.235822310174784E-002  3.142202494474521E-002  0.000000000000000E+000
  -3.89684155830332      -6.417815508765451E-004 -5.098698513852548E-004
  0.000000000000000E+000 -1.151651402261800E-003   1.00006325615169     
 -1.223999614822751E-002 -8.888839350571080E-003  0.000000000000000E+000
   1.05491294670101     
  2.475097164205420E-002  3.331006025542243E-002  0.000000000000000E+000
  -3.81533252219288      -9.196710784782685E-004 -7.015312070105925E-004
  0.000000000000000E+000 -1.621202285488861E-003   1.00003681224401     
 -1.721965460235089E-002 -1.260383589857647E-002  0.000000000000000E+000
   1.25323154596924     
  2.732553371060575E-002  3.520789227439446E-002  0.000000000000000E+000
  -3.75015559578173      -1.104919954385219E-003 -8.077699081122173E-004
  0.000000000000000E+000 -1.912689862497436E-003   1.00001144303303     
 -2.052507184031273E-002 -1.470847387059069E-002  0.000000000000000E+000
   1.36342150330544     
  3.004143949855176E-002  3.717698010381925E-002  0.000000000000000E+000
  -3.64802041578855      -1.192310299339636E-003 -8.397502364314600E-004
  0.000000000000000E+000 -2.032060535771096E-003  0.999993955652665     
 -2.201887969257375E-002 -1.546604049696400E-002  0.000000000000000E+000
   1.40759837970024     
  3.294506594798641E-002  3.916321447822407E-002  0.000000000000000E+000
  -3.56230821767690      -1.197906433554757E-003 -8.099197144786615E-004
  0.000000000000000E+000 -2.007826148033418E-003  0.999978383664971     
 -2.207454852433804E-002 -1.498695287058902E-002  0.000000000000000E+000
   1.40174271687394     
  3.601062444512038E-002  4.121202403846924E-002  0.000000000000000E+000
  -3.44741146479078      -1.094476773933390E-003 -7.147042559300869E-004
  0.000000000000000E+000 -1.809181029863477E-003  0.999971724763912     
 -2.003253528003734E-002 -1.343309304975996E-002  0.000000000000000E+000
   1.33275679677558     
  3.926803159936587E-002  4.329038172008163E-002  0.000000000000000E+000
  -3.39724685198439      -8.757080937745080E-004 -5.496053781595110E-004
  0.000000000000000E+000 -1.425313471934019E-003  0.999961263606369     
 -1.594557373337560E-002 -1.047594017101536E-002  0.000000000000000E+000
   1.18534146674792     
  4.271133564957319E-002  4.541642506618195E-002  0.000000000000000E+000
  -3.30608352458125      -5.968974554750453E-004 -3.624980983759805E-004
  0.000000000000000E+000 -9.593955538510258E-004  0.999950860419485     
 -1.080592900630805E-002 -7.021540070856298E-003  0.000000000000000E+000
  0.974084602465526     
  4.634900923004337E-002  4.758970502284576E-002  0.000000000000000E+000
  -3.28969880869590      -3.832463123886319E-004 -2.238644623231601E-004
  0.000000000000000E+000 -6.071107747117920E-004  0.999919592721015     
 -6.982654624561126E-003 -4.275837026584192E-003  0.000000000000000E+000
  0.776435025120800     
  5.019957705178091E-002  4.978897567330897E-002  0.000000000000000E+000
  -3.22319804795120      -2.801275192560416E-004 -1.585473445275634E-004
  0.000000000000000E+000 -4.386748637836051E-004  0.999902073533249     
 -5.121211645875462E-003 -2.999575759383252E-003  0.000000000000000E+000
  0.660933770197350     
  5.424543798258119E-002  5.205884839569135E-002  0.000000000000000E+000
  -3.20219923802892      -2.484531040174977E-004 -1.353009547242044E-004
  0.000000000000000E+000 -3.837540587417021E-004  0.999880084181797     
 -4.589679780905184E-003 -2.477287216314066E-003  0.000000000000000E+000
  0.619579367354339     
  5.853393950429830E-002  5.432546487184164E-002  0.000000000000000E+000
  -3.11688295088084      -2.355153629177564E-004 -1.232923074591101E-004
  0.000000000000000E+000 -3.588076703768665E-004  0.999875207017983     
 -4.324647828214124E-003 -2.305062325121418E-003  0.000000000000000E+000
  0.600574928320595     
  6.303378546849947E-002  5.665943247869770E-002  0.000000000000000E+000
  -2.99136695680318      -7.901433146438292E-005 -4.013643788597815E-005
  0.000000000000000E+000 -1.191507693503611E-004  0.999878216179620     
 -1.326238114515198E-003 -9.949980538633877E-004  0.000000000000000E+000
  0.349270429390831     
  6.777483346542001E-002  5.901812249001626E-002  0.000000000000000E+000
  -2.97702716161962       2.298846224500603E-004  1.121701167719623E-004
  0.000000000000000E+000  3.420547392220227E-004  0.999863913177354     
  4.392969100621110E-003  1.745615979113378E-003  0.000000000000000E+000
  0.589765860510138     
  7.276120658495611E-002  6.140479821277849E-002  0.000000000000000E+000
  -2.90396301622536       5.782969417446227E-004  2.734949767373226E-004
  0.000000000000000E+000  8.517919184819452E-004  0.999857702223719     
  1.078393642894617E-002  4.760432627030253E-003  0.000000000000000E+000
  0.931184295429585     
  7.798701025703636E-002  6.384746541023499E-002  0.000000000000000E+000
  -2.88615478564361       8.357804311874689E-004  3.801795714683366E-004
  0.000000000000000E+000  1.215960002655806E-003  0.999840510603602     
  1.545738994249149E-002  6.870710912676103E-003  0.000000000000000E+000
   1.11553565432503     
  8.348794497692369E-002  6.628226949861310E-002  0.000000000000000E+000
  -2.85018007160102       9.627559936232620E-004  4.197580992754356E-004
  0.000000000000000E+000  1.382514092898698E-003  0.999837291303513     
  1.777389492337621E-002  7.656567786111150E-003  0.000000000000000E+000
   1.19334353743689     
  8.924823926579473E-002  6.875664231184767E-002  0.000000000000000E+000
  -2.75719353645218       1.097635538709287E-003  4.647673220655457E-004
  0.000000000000000E+000  1.562402860774833E-003  0.999837931416218     
  2.026721514400158E-002  8.445326446916077E-003  0.000000000000000E+000
   1.27089915042838     
  9.527434682424984E-002  7.127233162980089E-002  0.000000000000000E+000
  -2.76655654265710       1.211404224806559E-003  4.910807105962915E-004
  0.000000000000000E+000  1.702484935402851E-003  0.999815273564197     
  2.233389289347113E-002  9.019846615011273E-003  0.000000000000000E+000
   1.33137753609219     
  0.101599264593903       7.376136354798155E-002  0.000000000000000E+000
  -2.72171479516805       1.244239266366669E-003  4.819652256432224E-004
  0.000000000000000E+000  1.726204492009892E-003  0.999815244982417     
  2.294306634163064E-002  8.868859522286781E-003  0.000000000000000E+000
   1.34573351886902     
  0.108204996297669       7.628031738371406E-002  0.000000000000000E+000
  -2.62053165880934       1.357926700978793E-003  5.091215382229910E-004
  0.000000000000000E+000  1.867048239201783E-003  0.999820370462369     
  2.507766227722517E-002  9.257802228280662E-003  0.000000000000000E+000
   1.40287559635616     
  0.115100104736922       7.882225996758153E-002  0.000000000000000E+000
  -2.62034719409939       1.547890330222272E-003  5.547828640868162E-004
  0.000000000000000E+000  2.102673194309089E-003  0.999803568289327     
  2.858509969357717E-002  1.011994550641959E-002  0.000000000000000E+000
   1.49451937561086     
  0.122308329775291       8.133309909903598E-002  0.000000000000000E+000
  -2.58878893810220       1.682847959977748E-003  5.738302808228516E-004
  0.000000000000000E+000  2.256678240800599E-003  0.999800122889947     
  3.107799516023860E-002  1.052006832581795E-002  0.000000000000000E+000
   1.55511742014254     
  0.129822623133641       8.384109486352034E-002  0.000000000000000E+000
  -2.51223291975066       1.842638305415927E-003  6.027615771597094E-004
  0.000000000000000E+000  2.445399882575636E-003  0.999807714260586     
  3.405575748902402E-002  1.099922263994119E-002  0.000000000000000E+000
   1.62444688717925     
  0.137645784603659       8.634902896078354E-002  0.000000000000000E+000
  -2.47396617013078       2.044773985769055E-003  6.404706209385697E-004
  0.000000000000000E+000  2.685244606707625E-003  0.999804584912555     
  3.779239274676954E-002  1.172502058951900E-002  0.000000000000000E+000
   1.70847607261893     
  0.145786304884145       8.883978467035318E-002  0.000000000000000E+000
  -2.47500188077515       2.147237806903257E-003  6.361217218385992E-004
  0.000000000000000E+000  2.783359528741856E-003  0.999792937146792     
  3.968715727808526E-002  1.174803334958911E-002  0.000000000000000E+000
   1.74804241031161     
  0.154258741196403       9.126835667997982E-002  0.000000000000000E+000
  -2.43912203992704       2.152205590922154E-003  6.021575112632114E-004
  0.000000000000000E+000  2.754363102185366E-003  0.999793233304135     
  3.980758488232596E-002  1.114024449323141E-002  0.000000000000000E+000
   1.74765330708796     
  0.163053473889887       9.366936243119689E-002  0.000000000000000E+000
  -2.37093753175100       2.193072336487906E-003  5.833933901755079E-004
  0.000000000000000E+000  2.776465726663414E-003  0.999799896284546     
  4.059939853563603E-002  1.074744732516352E-002  0.000000000000000E+000
   1.76208025368752     
  0.172173982757404       9.603247564546623E-002  0.000000000000000E+000
  -2.33802470998057       2.285697698064858E-003  5.759792122970480E-004
  0.000000000000000E+000  2.861676910361906E-003  0.999797511154146     
  4.233781080114928E-002  1.062232151222671E-002  0.000000000000000E+000
   1.79698469615991     
  0.181622700146665       9.834694345664204E-002  0.000000000000000E+000
  -2.32792862111228       2.319988567084216E-003  5.472126261259110E-004
  0.000000000000000E+000  2.867201193210127E-003  0.999791235711537     
  4.299532081722784E-002  1.015586154688699E-002  0.000000000000000E+000
   1.80861545753355     
  0.191408481281785       0.100566920969150       0.000000000000000E+000
  -2.29573819265556       2.275098510156537E-003  4.986045482305706E-004
  0.000000000000000E+000  2.773703058387108E-003  0.999791980895663     
  4.219883934160411E-002  9.276783407493622E-003  0.000000000000000E+000
   1.78943650590970     
  0.201524401703617       0.102706535324255       0.000000000000000E+000
  -2.23720829252193       2.232444315915834E-003  4.559997331593000E-004
  0.000000000000000E+000  2.688444049075134E-003  0.999797495069863     
  4.144170946144483E-002  8.475577638547796E-003  0.000000000000000E+000
   1.77123011687312     
  0.211966985743580       0.104764294601578       0.000000000000000E+000
  -2.19794347184529       2.207606018462305E-003  4.188228241730482E-004
  0.000000000000000E+000  2.626428842635353E-003  0.999798319799404     
  4.100831865313641E-002  7.794785710024027E-003  0.000000000000000E+000
   1.76015911430212     
  0.222733822737104       0.106728384602269       0.000000000000000E+000
  -2.16072941523976       2.167341971544140E-003  3.792980679421656E-004
  0.000000000000000E+000  2.546640039486305E-003  0.999799127443988     
  4.028635028663614E-002  7.075354202201511E-003  0.000000000000000E+000
   1.74298325953317     
  0.233821110527380       0.108586896539823       0.000000000000000E+000
  -2.12528869035350       2.107146559117442E-003  3.373706198014552E-004
  0.000000000000000E+000  2.444517178918897E-003  0.999799850745541     
  3.919171795711802E-002  6.311917165105107E-003  0.000000000000000E+000
   1.71767790407790     
  0.245223715027843       0.110327156937690       0.000000000000000E+000
  -2.10254157871873       1.994300167020898E-003  2.864518343276161E-004
  0.000000000000000E+000  2.280752001348515E-003  0.999798501413652     
  3.711349557605433E-002  5.406822628028399E-003  0.000000000000000E+000
   1.67018788817525     
  0.256938939632838       0.111904976619564       0.000000000000000E+000
  -2.05703946285598       1.795288721223960E-003  2.283535989846527E-004
  0.000000000000000E+000  2.023642320208612E-003  0.999801539426633     
  3.342674979197029E-002  4.359962220094341E-003  0.000000000000000E+000
   1.58393766847786     
  0.268953043206634       0.113343420909289       0.000000000000000E+000
  -1.99776018771649       1.553092240431601E-003  1.742533088018142E-004
  0.000000000000000E+000  1.727345549233415E-003  0.999807053938074     
  2.893011914039431E-002  3.356558461999001E-003  0.000000000000000E+000
   1.47263066112001     
  0.281256350040147       0.114631332684262       0.000000000000000E+000
  -1.95635938992336       1.312124554095474E-003  1.274209583107088E-004
  0.000000000000000E+000  1.439545512406182E-003  0.999809639109721     
  2.445113713163262E-002  2.481211901780820E-003  0.000000000000000E+000
   1.35306470469995     
  0.293837661680303       0.115758004221215       0.000000000000000E+000
  -1.91323285570684       1.077662356402846E-003  8.831727575857001E-005
  0.000000000000000E+000  1.165979632161416E-003  0.999812937305045     
  2.008803617466019E-002  1.747298790413910E-003  0.000000000000000E+000
   1.22577878728002     
  0.306684271886264       0.116713296861924       0.000000000000000E+000
  -1.86965090043418       8.521267108653965E-004  5.687418569097868E-005
  0.000000000000000E+000  9.090008965563752E-004  0.999816571473207     
  1.588703269392316E-002  1.155997975817354E-003  0.000000000000000E+000
   1.08959419058751     
  0.319781997853375       0.117487759464701       0.000000000000000E+000
  -1.82473159316237       6.363248121939525E-004  3.277200966851921E-005
  0.000000000000000E+000  6.690968218624716E-004  0.999820506097524     
  1.186467621929945E-002  7.006330774869823E-004  0.000000000000000E+000
  0.941234449286853     
  0.333115228139865       0.118072743118733       0.000000000000000E+000
  -1.77822503639936       4.315568267277909E-004  1.564202256215235E-005
  0.000000000000000E+000  4.471988492899433E-004  0.999825044608007     
  8.046306365793711E-003  3.752957069358295E-004  0.000000000000000E+000
  0.774853860950868     
  0.346666987346685       0.118460509682972       0.000000000000000E+000
  -1.73133003683301       2.379587883389260E-004  4.995671969987935E-006
  0.000000000000000E+000  2.429544603089140E-004  0.999829764105260     
  4.435850862903077E-003  1.717499933320981E-004  0.000000000000000E+000
  0.575174256153482     
  0.360419017220480       0.118644331852680       0.000000000000000E+000
  -1.68929987201955       5.548074851810541E-005  2.825162285055410E-007
  0.000000000000000E+000  5.576326474661095E-005  0.999833762753146     
  1.033867193356003E-003  7.876105637781485E-005  0.000000000000000E+000
  0.277929903647647     
  0.374351657536118       0.118599735812830       0.000000000000000E+000
  -1.63770172347336      -9.931760420520258E-005  1.071213844739861E-006
  0.000000000000000E+000 -1.003888180499424E-004  0.999839839656276     
 -1.849937106803679E-003  7.035815644414490E-005  0.000000000000000E+000
  0.371283108400644     
  0.388443975093159       0.118340734081514       0.000000000000000E+000
  -1.57476675824637      -1.952495626686798E-004  4.980832162880222E-006
  0.000000000000000E+000 -2.002303948315601E-004  0.999848050428106     
 -3.635057789145674E-003  1.158700436988213E-004  0.000000000000000E+000
  0.520246582550646     
  0.402674927308451       0.117876042855627       0.000000000000000E+000
  -1.50439124428590      -2.339918277739402E-004  8.919083280274734E-006
  0.000000000000000E+000 -2.429109110542149E-004  0.999857765694311     
 -4.354226957918291E-003  1.710572536436267E-004  0.000000000000000E+000
  0.569302106203530     
  0.417024826793957       0.117250480630193       0.000000000000000E+000
  -1.43028254752153      -2.258317925666820E-004  1.089188692295930E-005
  0.000000000000000E+000 -2.367236794896413E-004  0.999868532984287     
 -4.201046958990332E-003  1.902943942287251E-004  0.000000000000000E+000
  0.559138863523831     
  0.431473419276523       0.116486438727998       0.000000000000000E+000
  -1.36650944524285      -1.718965192720053E-004  9.842828474156745E-006
  0.000000000000000E+000 -1.817393477461621E-004  0.999877691183487     
 -3.197327147340793E-003  1.557824318862899E-004  0.000000000000000E+000
  0.487724611600769     
  0.445999530522357       0.115590841704079       0.000000000000000E+000
  -1.31004214767449      -8.158008885086502E-005  5.381251278976460E-006
  0.000000000000000E+000 -8.696134012984148E-005  0.999885599358890     
 -1.518505529804076E-003  6.099193705875356E-005  0.000000000000000E+000
  0.335974747618792     
  0.460581378532824       0.114565942490363       0.000000000000000E+000
  -1.25690881002015       4.026321789613178E-005 -3.000540635974939E-006
  0.000000000000000E+000  4.326375853210672E-005  0.999893094071748     
  7.441267666197834E-004 -1.046769361007520E-004  0.000000000000000E+000
  0.236190970369907     
  0.475196894420534       0.113414659712623       0.000000000000000E+000
  -1.20679010233243       1.788317716086861E-004 -1.483099931314440E-005
  0.000000000000000E+000  1.936627709218305E-004  0.999900385106815     
  3.315131893002198E-003 -3.260892682469257E-004  0.000000000000000E+000
  0.497148592998117     
  0.489823853955360       0.112140551511644       0.000000000000000E+000
  -1.15942298788082       3.113857728190805E-004 -2.839576915094986E-005
  0.000000000000000E+000  3.397815419700304E-004  0.999907547469850     
  5.772038273797795E-003 -5.714897235305243E-004  0.000000000000000E+000
  0.655818817099235     
  0.504440010627111       0.110747783062385       0.000000000000000E+000
  -1.11397651502625       4.279842385162483E-004 -4.249735882395355E-005
  0.000000000000000E+000  4.704815973402018E-004  0.999914694813967     
  7.929919186894424E-003 -8.270043795086401E-004  0.000000000000000E+000
  0.768655985524627     
  0.519023228609707       0.109241088340407       0.000000000000000E+000
  -1.07031684576828       5.302915054151836E-004 -5.687107162264202E-005
  0.000000000000000E+000  5.871625770378256E-004  0.999921807058004     
  9.819932737413325E-003 -1.088241086402750E-003  0.000000000000000E+000
  0.855380285353714     
  0.533551614012321       0.107625726758251       0.000000000000000E+000
  -1.02757247540853       6.202279082176392E-004 -7.134757661208259E-005
  0.000000000000000E+000  6.915754848297218E-004  0.999928973851913     
  1.147816765102292E-002 -1.350548800725608E-003  0.000000000000000E+000
  0.924824485636940     
  0.548003642835214       0.105907435350924       0.000000000000000E+000
 -0.988419473294243       6.946709035303443E-004 -8.528008399627456E-005
  0.000000000000000E+000  7.799509875266188E-004  0.999935649983343     
  1.284707144888131E-002 -1.601563914353591E-003  0.000000000000000E+000
  0.978470120336833     
  0.562357914367911       0.104089548332321       0.000000000000000E+000
 -0.951746768198745       7.549262118880210E-004 -9.859063909470498E-005
  0.000000000000000E+000  8.535168509827259E-004  0.999942009132485     
  1.395039362228732E-002 -1.843170256391983E-003  0.000000000000000E+000
   1.01968983652000     
  0.576593301183164       0.102174001558003       0.000000000000000E+000
 -0.912765452563235       8.119204839946505E-004 -1.121848221334517E-004
  0.000000000000000E+000  9.241053061281022E-004  0.999948841491541     
  1.499085175083989E-002 -2.093476531831660E-003  0.000000000000000E+000
   1.05712493044897     
  0.590691007540851       0.100175015366927       0.000000000000000E+000
 -0.874622608136406       8.721006759015889E-004 -1.267362274909952E-004
  0.000000000000000E+000  9.988369033925842E-004  0.999955560518294     
  1.608844245230127E-002 -2.361780313287020E-003  0.000000000000000E+000
   1.09524483785488     
  0.604632152620243       9.809968326704964E-002  0.000000000000000E+000
 -0.838860429297711       9.348481045988737E-004 -1.423854837679944E-004
  0.000000000000000E+000  1.077233588366868E-003  0.999961894989987     
  1.723134918313128E-002 -2.649010386483104E-003  0.000000000000000E+000
   1.13358572540044     
  0.618398767356870       9.595530459748400E-002  0.000000000000000E+000
 -0.803526946445800       9.984917761554958E-004 -1.588876933811986E-004
  0.000000000000000E+000  1.157379469536694E-003  0.999968173258231     
  1.838866444863356E-002 -2.950633530545060E-003  0.000000000000000E+000
   1.17114280915689     
  0.631973875204954       9.374932557357482E-002  0.000000000000000E+000
 -0.770262840022497       1.059637705383721E-003 -1.756649599315903E-004
  0.000000000000000E+000  1.235302665315311E-003  0.999974087531873     
  1.949795703471217E-002 -3.255621555080800E-003  0.000000000000000E+000
   1.20605758785940     
  0.645341561711325       9.148928086499748E-002  0.000000000000000E+000
 -0.738397261015962       1.117048897768847E-003 -1.924217564891278E-004
  0.000000000000000E+000  1.309470654257974E-003  0.999979752100090     
  2.053635088625681E-002 -3.560162244771734E-003  0.000000000000000E+000
   1.23787110728383     
  0.658487032460470       8.918273632689959E-002  0.000000000000000E+000
 -0.706264847788816       1.171952918838644E-003 -2.092737480529035E-004
  0.000000000000000E+000  1.381226666891547E-003  0.999985458051517     
  2.152674379671876E-002 -3.865515374114852E-003  0.000000000000000E+000
   1.26748549347799     
  0.671396659147174       8.683723345429874E-002  0.000000000000000E+000
 -0.675651549912118       1.220457641747831E-003 -2.254474655482438E-004
  0.000000000000000E+000  1.445905107296075E-003  0.999990862301686     
  2.239827746196092E-002 -4.154817575973392E-003  0.000000000000000E+000
   1.29299215126337     
  0.684057926817920       8.445978176828073E-002  0.000000000000000E+000
 -0.649823099128753       1.254741401702728E-003 -2.400012948317139E-004
  0.000000000000000E+000  1.494742696534442E-003  0.999995395414856     
  2.300522122820024E-002 -4.411728294895082E-003  0.000000000000000E+000
   1.31048621753153     
  0.696457009756855       8.204455059641663E-002  0.000000000000000E+000
 -0.624427534613687       1.276236228856006E-003 -2.522438529641512E-004
  0.000000000000000E+000  1.528480081820158E-003  0.999999847779219     
  2.337595678798972E-002 -4.629213641189782E-003  0.000000000000000E+000
   1.32111609598178     
  0.708586470077838       7.961241839177066E-002  0.000000000000000E+000
 -0.597673145279714       1.296011419022205E-003 -2.634544103494406E-004
  0.000000000000000E+000  1.559465829371645E-003   1.00000452382123     
  2.371629264115559E-002 -4.831520180172433E-003  0.000000000000000E+000
   1.33083242980152     
  0.720437589293776       7.717038565345311E-002  0.000000000000000E+000
 -0.571462835210468       1.321089643359520E-003 -2.757593207802660E-004
  0.000000000000000E+000  1.596848964139786E-003   1.00000909906892     
  2.415262522515739E-002 -5.054923617929943E-003  0.000000000000000E+000
   1.34315679463167     
  0.732002874789943       7.472519948394538E-002  0.000000000000000E+000
 -0.545064362630455       1.353327358311594E-003 -2.896281804028824E-004
  0.000000000000000E+000  1.642955538714477E-003   1.00001373164116     
  2.471900558774840E-002 -5.306334129795452E-003  0.000000000000000E+000
   1.35894680669940     
  0.743276039700671       7.228331675834701E-002  0.000000000000000E+000
 -0.521475555498228       1.385020970106707E-003 -3.036035012891460E-004
  0.000000000000000E+000  1.688624471395853E-003   1.00001785868260     
  2.527537681143151E-002 -5.553291522475817E-003  0.000000000000000E+000
   1.37425033457956     
  0.754251516276834       6.984883772104880E-002  0.000000000000000E+000
 -0.502033645925167       1.404315254889875E-003 -3.158612513082495E-004
  0.000000000000000E+000  1.720176506198125E-003   1.00002123067333     
  2.560166557251604E-002 -5.764869384371306E-003  0.000000000000000E+000
   1.38316662333043     
  0.764922479079319       6.741537439328085E-002  0.000000000000000E+000
 -0.480130573046381       1.413774936973700E-003 -3.256852331304597E-004
  0.000000000000000E+000  1.739460170104160E-003   1.00002504579395     
  2.574769887283528E-002 -5.937123391620894E-003  0.000000000000000E+000
   1.38721079360856     
  0.775289286491162       6.500305435059497E-002  0.000000000000000E+000
 -0.456433603469804       1.426240302613744E-003 -3.350596994050948E-004
  0.000000000000000E+000  1.761300002018839E-003   1.00002916160101     
  2.595147186835496E-002 -6.106475778904915E-003  0.000000000000000E+000
   1.39282358849707     
  0.785350147713937       6.261697999386603E-002  0.000000000000000E+000
 -0.435334154167094       1.449676497345168E-003 -3.469107043363021E-004
  0.000000000000000E+000  1.796587201681470E-003   1.00003279133292     
  2.635457854891405E-002 -6.321752188287464E-003  0.000000000000000E+000
   1.40373781317283     
  0.795104265278641       6.026184502753028E-002  0.000000000000000E+000
 -0.416731941398439       1.478303166109372E-003 -3.608734293280762E-004
  0.000000000000000E+000  1.839176595437448E-003   1.00003597658247     
  2.684911792657309E-002 -6.569592270215596E-003  0.000000000000000E+000
   1.41695259390877     
  0.804549046001778       5.793099190110072E-002  0.000000000000000E+000
 -0.399753626682468       1.502662027252247E-003 -3.743219447605790E-004
  0.000000000000000E+000  1.876983972012826E-003   1.00003888038125     
  2.726409323498390E-002 -6.804279989043591E-003  0.000000000000000E+000
   1.42794376935087     
  0.813686640280770       5.563348310234283E-002  0.000000000000000E+000
 -0.381786343747308       1.524423140150510E-003 -3.861270801194181E-004
  0.000000000000000E+000  1.910550220269928E-003   1.00004195382871     
  2.763488251138072E-002 -7.013403149333889E-003  0.000000000000000E+000
   1.43772596778056     
  0.822520515931278       5.337940905212880E-002  0.000000000000000E+000
 -0.363122275155092       1.547043690363361E-003 -3.974893265283415E-004
  0.000000000000000E+000  1.944533016891703E-003   1.00004512016856     
  2.802432197111670E-002 -7.212906886343331E-003  0.000000000000000E+000
   1.44791099031844     
  0.831053279521718       5.117184391432711E-002  0.000000000000000E+000
 -0.347967558192522       1.562912671055543E-003 -4.085762322119869E-004
  0.000000000000000E+000  1.971488903267530E-003   1.00004765854094     
  2.828589897982050E-002 -7.400856676899123E-003  0.000000000000000E+000
   1.45470852630344     
  0.839284046798224       4.899781436490785E-002  0.000000000000000E+000
 -0.333922380816830       1.567683575096250E-003 -4.167313283732409E-004
  0.000000000000000E+000  1.984414903469491E-003   1.00005001964639     
  2.834539817399118E-002 -7.538255035736440E-003  0.000000000000000E+000
   1.45630600113824     
  0.847220555042184       4.687458431648927E-002  0.000000000000000E+000
 -0.316310220282276       1.575888776277096E-003 -4.239448581767020E-004
  0.000000000000000E+000  1.999833634453798E-003   1.00005301434899     
  2.847271244953464E-002 -7.669172082741563E-003  0.000000000000000E+000
   1.45970057189665     
  0.854867769317858       4.480585355348144E-002  0.000000000000000E+000
 -0.302638727389194       1.589936662661694E-003 -4.336563449355629E-004
  0.000000000000000E+000  2.023593007597257E-003   1.00005530455163     
  2.870274509303395E-002 -7.837759550521430E-003  0.000000000000000E+000
   1.46566838743211     
  0.862227574961843       4.278197553576788E-002  0.000000000000000E+000
 -0.292642366135851       1.596087834611179E-003 -4.417020280357785E-004
  0.000000000000000E+000  2.037789862646957E-003   1.00005693408150     
  2.878912134039644E-002 -7.969325725712264E-003  0.000000000000000E+000
   1.46790617439797     
  0.869306984750208       4.081036494176526E-002  0.000000000000000E+000
 -0.279420745154994       1.597019050893735E-003 -4.467139634685296E-004
  0.000000000000000E+000  2.043733014362265E-003   1.00005911728845     
  2.878651088318845E-002 -8.054677284967416E-003  0.000000000000000E+000
   1.46791899452375     
  0.876113524273209       3.889811052339501E-002  0.000000000000000E+000
 -0.267099805970474       1.598525481901762E-003 -4.525213561233190E-004
  0.000000000000000E+000  2.051046838025082E-003   1.00006113984186     
  2.879128520970748E-002 -8.152718477645517E-003  0.000000000000000E+000
   1.46811579751895     
  0.882649869949307       3.703368575641169E-002  0.000000000000000E+000
 -0.256450157748986       1.597798401004954E-003 -4.580026863325012E-004
  0.000000000000000E+000  2.055801087337455E-003   1.00006287939132     
  2.875417770014738E-002 -8.242973709728627E-003  0.000000000000000E+000
   1.46722760970975     
  0.888924831087416       3.522611387352755E-002  0.000000000000000E+000
 -0.242300109924827       1.599937971640343E-003 -4.625236933965754E-004
  0.000000000000000E+000  2.062461665036919E-003   1.00006522002340     
  2.877528139441486E-002 -8.323794453555878E-003  0.000000000000000E+000
   1.46786479897958     
  0.894946141762811       3.347918774144930E-002  0.000000000000000E+000
 -0.231487996384431       1.605809328504598E-003 -4.695498356979296E-004
  0.000000000000000E+000  2.075359164202528E-003   1.00006697340754     
  2.885784095707135E-002 -8.443101040962230E-003  0.000000000000000E+000
   1.47003611436257     
  0.900716477088310       3.177866893172925E-002  0.000000000000000E+000
 -0.222705972253380       1.605791322386947E-003 -4.744558427309194E-004
  0.000000000000000E+000  2.080247165117866E-003   1.00006837156567     
  2.883728168989074E-002 -8.519699395871126E-003  0.000000000000000E+000
   1.46953125364850     
  0.906247468045366       3.014017748049783E-002  0.000000000000000E+000
 -0.212446866928303       1.600142680978288E-003 -4.765342038053681E-004
  0.000000000000000E+000  2.076676884783656E-003   1.00007001741941     
  2.872070047962519E-002 -8.549319139050583E-003  0.000000000000000E+000
   1.46659832013398     
  0.911543655973359       2.855457872398600E-002  0.000000000000000E+000
 -0.203753298199899       1.590439174588836E-003 -4.782269960738922E-004
  0.000000000000000E+000  2.068666170662728E-003   1.00007138702022     
  2.852754411696967E-002 -8.568476370807265E-003  0.000000000000000E+000
   1.46167461618340     
  0.916612892154485       2.702366676737863E-002  0.000000000000000E+000
 -0.193774812086076       1.576776779479125E-003 -4.775608659537173E-004
  0.000000000000000E+000  2.054337645432843E-003   1.00007295447316     
  2.826812969036262E-002 -8.549442117967185E-003  0.000000000000000E+000
   1.45504585610196     
  0.921463494423029       2.555029530093469E-002  0.000000000000000E+000
 -0.185198316376272       1.561431888324898E-003 -4.770263774224216E-004
  0.000000000000000E+000  2.038458265747319E-003   1.00007427345608     
  2.797515112967129E-002 -8.532265589694103E-003  0.000000000000000E+000
   1.44752346322914     
  0.926100214920753       2.412556976570594E-002  0.000000000000000E+000
 -0.175996757419171       1.545800193633972E-003 -4.755759527783675E-004
  0.000000000000000E+000  2.021376146412339E-003   1.00007567749125     
  2.767987073381677E-002 -8.502134496439863E-003  0.000000000000000E+000
   1.43990973017675     
  0.930533728209394       2.275982291870194E-002  0.000000000000000E+000
 -0.168378741426977       1.529173855569227E-003 -4.740151782352530E-004
  0.000000000000000E+000  2.003189033804479E-003   1.00007680671984     
  2.736736111675903E-002 -8.465380740599906E-003  0.000000000000000E+000
   1.43177729379151     
  0.934767263589124       2.143929465905546E-002  0.000000000000000E+000
 -0.161463746256004       1.506659087044190E-003 -4.703994829694052E-004
  0.000000000000000E+000  1.977058570013596E-003   1.00007781950724     
  2.695109499535956E-002 -8.388343647172631E-003  0.000000000000000E+000
   1.42081974460074     
  0.938811787298329       2.017532686980616E-002  0.000000000000000E+000
 -0.154091648618532       1.477157616906836E-003 -4.639894703913109E-004
  0.000000000000000E+000  1.941147087298147E-003   1.00007892393788     
  2.641358935803203E-002 -8.261290764770852E-003  0.000000000000000E+000
   1.40655095395485     
  0.942671223445317       1.895684736696353E-002  0.000000000000000E+000
 -0.146962736632076       1.441825210544448E-003 -4.557815820116317E-004
  0.000000000000000E+000  1.897606792556080E-003   1.00008000324514     
  2.577072493041830E-002 -8.103121489960131E-003  0.000000000000000E+000
   1.38929371392650     
  0.946355060862811       1.779083441290907E-002  0.000000000000000E+000
 -0.139728725527902       1.401749726036938E-003 -4.456292360472411E-004
  0.000000000000000E+000  1.847378962084179E-003   1.00008105058494     
  2.504538826002085E-002 -7.911481150081660E-003  0.000000000000000E+000
   1.36957472812058     
  0.949867926602981       1.666915774305359E-002  0.000000000000000E+000
 -0.133327762317549       1.358645869636227E-003 -4.343554867178819E-004
  0.000000000000000E+000  1.793001356354109E-003   1.00008187252312     
  2.426573419908504E-002 -7.701751775987238E-003  0.000000000000000E+000
   1.34806240313477     
  0.953218437815019       1.559667123856959E-002  0.000000000000000E+000
 -0.126977596468578       1.315087798939734E-003 -4.226536741320537E-004
  0.000000000000000E+000  1.737741473071788E-003   1.00008263587534     
  2.347828424161015E-002 -7.488794093891332E-003  0.000000000000000E+000
   1.32602041585018     
  0.956411300581948       1.456637329918481E-002  0.000000000000000E+000
 -0.120758630929913       1.274627932188036E-003 -4.116731950512739E-004
  0.000000000000000E+000  1.686301127239310E-003   1.00008334156883     
  2.274568638082263E-002 -7.293338040338122E-003  0.000000000000000E+000
   1.30521010389077     
  0.959454686078606       1.358253981383462E-002  0.000000000000000E+000
 -0.114774271309216       1.238679116361953E-003 -4.020243584284140E-004
  0.000000000000000E+000  1.640703474790367E-003   1.00008397216219     
  2.209428572802245E-002 -7.121968067356221E-003  0.000000000000000E+000
   1.28643658067391     
  0.962352958592379       1.263811973746066E-002  0.000000000000000E+000
 -0.108693415766766       1.207836418351006E-003 -3.937121123144002E-004
  0.000000000000000E+000  1.601548530665406E-003   1.00008457097786     
  2.153436648702677E-002 -6.977129886099738E-003  0.000000000000000E+000
   1.27009800771226     
  0.965114107571897       1.173776400680617E-002  0.000000000000000E+000
 -0.102901341497500       1.182435602970030E-003 -3.871750233094633E-004
  0.000000000000000E+000  1.569610626279493E-003   1.00008510488767     
  2.107169598995520E-002 -6.863759144656555E-003  0.000000000000000E+000
   1.25645660994439     
  0.967741912691418       1.087372884708337E-002  0.000000000000000E+000
 -9.696815991856056E-002  1.162745272743386E-003 -3.823124235015843E-004
  0.000000000000000E+000  1.545057696244970E-003   1.00008564241715     
  2.071042382020702E-002 -6.782996962688830E-003  0.000000000000000E+000
   1.24573325150139     
  0.970244136213279       1.005098553011847E-002  0.000000000000000E+000
 -9.104335291408461E-002  1.148892011973141E-003 -3.791834439098866E-004
  0.000000000000000E+000  1.528075455883028E-003   1.00008620310471     
  2.045455615195408E-002 -6.732778870845276E-003  0.000000000000000E+000
   1.23811453098242     
  0.972624391238569       9.262435230447409E-003  0.000000000000000E+000
 -8.559108240092428E-002  1.140240241740264E-003 -3.778813326605989E-004
  0.000000000000000E+000  1.518121574400863E-003   1.00008671835373     
  2.029007645387966E-002 -6.715313164411231E-003  0.000000000000000E+000
   1.23322410318924     
  0.974889567082758       8.511464795911611E-003  0.000000000000000E+000
 -7.948562032879636E-002  1.136529035591429E-003 -3.777770408816261E-004
  0.000000000000000E+000  1.514306076473055E-003   1.00008739068637     
  2.021600038578008E-002 -6.720027061537454E-003  0.000000000000000E+000
   1.23107786395749     
  0.977043743041470       7.793543921573009E-003  0.000000000000000E+000
 -7.395171198254502E-002  1.136360369430359E-003 -3.791379910557191E-004
  0.000000000000000E+000  1.515498360486078E-003   1.00008804386602     
  2.020485460407425E-002 -6.745126813255018E-003  0.000000000000000E+000
   1.23078822594074     
  0.979092499624146       7.109213951586838E-003  0.000000000000000E+000
 -6.817353819928940E-002  1.138959585137442E-003 -3.810176263532645E-004
  0.000000000000000E+000  1.519977211490707E-003   1.00008871551802     
  2.024358499370744E-002 -6.784778734683456E-003  0.000000000000000E+000
   1.23206601646607     
  0.981040412003663       6.456571309978007E-003  0.000000000000000E+000
 -6.331581266431385E-002  1.146344988015519E-003 -3.847828807159960E-004
  0.000000000000000E+000  1.531127868731515E-003   1.00008920303318     
  2.036456861170770E-002 -6.861145939001341E-003  0.000000000000000E+000
   1.23587764015101     
  0.982891947157505       5.833935565282952E-003  0.000000000000000E+000
 -5.780372859112504E-002  1.161950387852209E-003 -3.909729987756561E-004
  0.000000000000000E+000  1.552923386627865E-003   1.00008974455435     
  2.062915094082333E-002 -6.993498248948221E-003  0.000000000000000E+000
   1.24413613609972     
  0.984651967760095       5.241361940622983E-003  0.000000000000000E+000
 -5.304770960879068E-002  1.189572947856484E-003 -4.014683858112792E-004
  0.000000000000000E+000  1.591041333667763E-003   1.00009014406663     
  2.110286554793357E-002 -7.210975806807711E-003  0.000000000000000E+000
   1.25868350932564     
  0.986324073484050       4.675688102940933E-003  0.000000000000000E+000
 -4.808150401095190E-002  1.232669475257241E-003 -4.170084416711582E-004
  0.000000000000000E+000  1.649677916928400E-003   1.00009055991798     
  2.184736153545657E-002 -7.532354884537511E-003  0.000000000000000E+000
   1.28115147520725     
  0.987913151962970       4.138102405654422E-003  0.000000000000000E+000
 -4.354118281389674E-002  1.296028280752871E-003 -4.395543126040749E-004
  0.000000000000000E+000  1.735582593356946E-003   1.00009089744456     
  2.294533477061108E-002 -7.994843246045968E-003  0.000000000000000E+000
   1.31354116446582     
  0.989422284346865       3.624972708483789E-003  0.000000000000000E+000
 -3.920100345862920E-002  1.384515108199040E-003 -4.707949668702744E-004
  0.000000000000000E+000  1.855310075069314E-003   1.00009120542327     
  2.448133946076373E-002 -8.631210571101347E-003  0.000000000000000E+000
   1.35749679476184     
  0.990855986116638       3.137404434411224E-003  0.000000000000000E+000
 -3.488223088925224E-002  1.504696335720891E-003 -5.126107174867068E-004
  0.000000000000000E+000  2.017307053207598E-003   1.00009146223501     
  2.657092928737270E-002 -9.486016022649283E-003  0.000000000000000E+000
   1.41511702041268     
  0.992217346477003       2.672802303082331E-003  0.000000000000000E+000
 -3.130513918517863E-002  1.664636940829451E-003 -5.683714063132910E-004
  0.000000000000000E+000  2.233008347142742E-003   1.00009159688064     
  2.935215387358738E-002 -1.062099704923087E-002  0.000000000000000E+000
   1.48831975839781     
  0.993510174322061       2.231164727309214E-003  0.000000000000000E+000
 -2.826199332207580E-002  1.872103324298302E-003 -6.403841337721852E-004
  0.000000000000000E+000  2.512487458070487E-003   1.00009167505237     
  3.296249149160652E-002 -1.208557705243447E-002  0.000000000000000E+000
   1.57828019227634     
  0.994737525725376       1.810755225233402E-003  0.000000000000000E+000
 -2.647059803780394E-002  2.135292664801841E-003 -7.317785090762484E-004
  0.000000000000000E+000  2.867071173878089E-003   1.00009168547882     
  3.754449188516437E-002 -1.393655065151787E-002  0.000000000000000E+000
   1.68550062096935     
  0.995902771433444       1.411209649882540E-003  0.000000000000000E+000
 -2.549642637677607E-002  2.462984452801356E-003 -8.455986396985769E-004
  0.000000000000000E+000  3.308583092499933E-003   1.00009199030698     
  4.324931190912958E-002 -1.624151772118825E-002  0.000000000000000E+000
   1.81015672618161     
  0.997008737262081       1.031015434896345E-003  0.000000000000000E+000
 -2.556043524805318E-002  2.865549448002405E-003 -9.855708762507420E-004
  0.000000000000000E+000  3.851120324253147E-003   1.00009263110959     
  5.025570226961047E-002 -1.907725537763136E-002  0.000000000000000E+000
   1.95241737199892     
  0.998058487802895       6.697802340236996E-004  0.000000000000000E+000
 -2.797060377611160E-002  3.356392072859925E-003 -1.155965095706570E-003
  0.000000000000000E+000  4.512357168566496E-003   1.00009326173183     
  5.879804936366602E-002 -2.253672628492512E-002  0.000000000000000E+000
   2.11299829310104     
  0.999054695653817       3.263822780710836E-004  0.000000000000000E+000
 -3.845148872210302E-002  3.932772410013107E-003 -1.356739081762397E-003
  0.000000000000000E+000  5.289511491775504E-003   1.00009442352766     
  6.885277311633670E-002 -2.652849724111361E-002  0.000000000000000E+000
   2.28710595565201     
   1.00000000000000      -1.665324653670056E-017  0.000000000000000E+000
  1.958593441986523E-002  4.682003648453487E-003 -8.297056114210027E-004
  0.000000000000000E+000  5.511709259874489E-003   1.00010542557333     
  8.237040718585173E-002 -4.386282169436030E-002  0.000000000000000E+000
   2.63565938655085     
