 variables = "X","Y","Z","Cp","Cfx","Cfy","Cfz","Cf","T","u","v","w","yplus"
 zone i=         151
   1.00000000000000       1.665324653670056E-017  0.000000000000000E+000
  3.553582946028655E-002  9.657422305769124E-003 -2.641362802848764E-004
  0.000000000000000E+000  9.921558586054001E-003   1.00017431755348     
  0.182747512089142      -2.865779430249416E-002  0.000000000000000E+000
   3.74817484229872     
  0.999001425599671       5.447267690042997E-005  0.000000000000000E+000
  3.398164199302300E-002  9.318194463389776E-003 -5.075686967681957E-004
  0.000000000000000E+000  9.825763160157971E-003   1.00018766166849     
  0.174556546368252      -7.513115545696433E-003  0.000000000000000E+000
   3.61684812221338     
  0.997949997818270       1.116616879644300E-004  0.000000000000000E+000
  4.397836082875983E-002  8.923536681228897E-003 -4.845530210734286E-004
  0.000000000000000E+000  9.408089702302325E-003   1.00018772815436     
  0.167146578464746      -7.505358649729123E-003  0.000000000000000E+000
   3.53942256771805     
  0.996843037128316       1.716701774105140E-004  0.000000000000000E+000
  5.487791842119805E-002  8.593990882276466E-003 -4.653364254186292E-004
  0.000000000000000E+000  9.059327307695096E-003   1.00018851536245     
  0.160960695695795      -7.470644567928821E-003  0.000000000000000E+000
   3.47345689333224     
  0.995677746198344       2.346938777538863E-004  0.000000000000000E+000
  6.617780987266997E-002  8.318168692914090E-003 -4.490700433562518E-004
  0.000000000000000E+000  8.767238736270342E-003   1.00018977021653     
  0.155784486349466      -7.419409980528929E-003  0.000000000000000E+000
   3.41727415099872     
  0.994451193364049       3.007928008083059E-004  0.000000000000000E+000
  7.669895919366354E-002  8.087646665668975E-003 -4.350710539523269E-004
  0.000000000000000E+000  8.522717719621303E-003   1.00019103308397     
  0.151459005402433      -7.366073570348290E-003  0.000000000000000E+000
   3.36960825989934     
  0.993160320569400       3.701124539357903E-004  0.000000000000000E+000
  8.627143839407836E-002  7.896761308454093E-003 -4.233788376884988E-004
  0.000000000000000E+000  8.320140146142591E-003   1.00019224175826     
  0.147877594880897      -7.317250978385683E-003  0.000000000000000E+000
   3.32962607518266     
  0.991801936040528       4.428260084685768E-004  0.000000000000000E+000
  9.440520669772923E-002  7.739557695021293E-003 -4.133882358951162E-004
  0.000000000000000E+000  8.152945930916410E-003   1.00019323282117     
  0.144929012699877      -7.262106063311066E-003  0.000000000000000E+000
   3.29634199887890     
  0.990372703239448       5.189985854962523E-004  0.000000000000000E+000
  0.101895132358322       7.607905195985956E-003 -4.047017135798235E-004
  0.000000000000000E+000  8.012606909565779E-003   1.00019402173265     
  0.142461244866997      -7.187952052142023E-003  0.000000000000000E+000
   3.26821403803043     
  0.988869149734546       5.988289370959963E-004  0.000000000000000E+000
  0.110432112024682       7.491887630945472E-003 -3.969706302828310E-004
  0.000000000000000E+000  7.888858261228303E-003   1.00019478480709     
  0.140287968606300      -7.097045502379813E-003  0.000000000000000E+000
   3.24322897086114     
  0.987287653567351       6.824581442352054E-004  0.000000000000000E+000
  0.118982148552050       7.385426820650130E-003 -3.894441717203790E-004
  0.000000000000000E+000  7.774870992370509E-003   1.00019540661480     
  0.138294659416895      -6.996606577869066E-003  0.000000000000000E+000
   3.22013862228969     
  0.985624436699843       7.699165229630898E-004  0.000000000000000E+000
  0.127465276602607       7.286571177469317E-003 -3.826533463298433E-004
  0.000000000000000E+000  7.669224523799161E-003   1.00019606079903     
  0.136443620420827      -6.906185830508839E-003  0.000000000000000E+000
   3.19854670464437     
  0.983875589210279       8.616377525778661E-004  0.000000000000000E+000
  0.134636995807796       7.195948845619266E-003 -3.757804827331455E-004
  0.000000000000000E+000  7.571729328352411E-003   1.00019665432322     
  0.134747373583681      -6.812600233333227E-003  0.000000000000000E+000
   3.17863280034340     
  0.982037001885699       9.572376115019621E-004  0.000000000000000E+000
  0.142061103768583       7.112766252908847E-003 -3.697948756430765E-004
  0.000000000000000E+000  7.482561128551924E-003   1.00019750067120     
  0.133190320886905      -6.727325703714388E-003  0.000000000000000E+000
   3.16023881727532     
  0.980104478202655       1.057699935824212E-003  0.000000000000000E+000
  0.148247604848166       7.035981441436170E-003 -3.634603321511533E-004
  0.000000000000000E+000  7.399441773587323E-003   1.00019821323557     
  0.131753894610291      -6.634023881844212E-003  0.000000000000000E+000
   3.14317575507283     
  0.978073553669464       1.161948348956863E-003  0.000000000000000E+000
  0.154185574113399       6.964573209943216E-003 -3.574923775225846E-004
  0.000000000000000E+000  7.322065587465801E-003   1.00019881380279     
  0.130418494142160      -6.537747969666084E-003  0.000000000000000E+000
   3.12722398556182     
  0.975939733923639       1.271478426898274E-003  0.000000000000000E+000
  0.160406230064609       6.895261842417282E-003 -3.518489576223956E-004
  0.000000000000000E+000  7.247110800039678E-003   1.00019942853132     
  0.129122520563628      -6.442310118040255E-003  0.000000000000000E+000
   3.11166366720757     
  0.973698227034776       1.385180156087390E-003  0.000000000000000E+000
  0.165897855078356       6.827247810326648E-003 -3.458329124108254E-004
  0.000000000000000E+000  7.173080722737473E-003   1.00019991257669     
  0.127851202670474      -6.339704718390903E-003  0.000000000000000E+000
   3.09632246745495     
  0.971344194597081       1.504258504303337E-003  0.000000000000000E+000
  0.171814565666182       6.759907067813311E-003 -3.401884855332071E-004
  0.000000000000000E+000  7.100095553346519E-003   1.00020047346761     
  0.126592402031976      -6.240719724673606E-003  0.000000000000000E+000
   3.08105605962379     
  0.968872537262536       1.628001624485897E-003  0.000000000000000E+000
  0.176921937516454       6.693228664318857E-003 -3.340651104169409E-004
  0.000000000000000E+000  7.027293774735798E-003   1.00020094412915     
  0.125346343811365      -6.134843850719844E-003  0.000000000000000E+000
   3.06586984570573     
  0.966278062333970       1.757096938973359E-003  0.000000000000000E+000
  0.182557643121527       6.627796674551286E-003 -3.283234957506471E-004
  0.000000000000000E+000  6.956120170301934E-003   1.00020155789739     
  0.124123355421808      -6.035880914443982E-003  0.000000000000000E+000
   3.05089180930813     
  0.963555373647426       1.891373763395130E-003  0.000000000000000E+000
  0.187399894313558       6.564810234616557E-003 -3.222164250645086E-004
  0.000000000000000E+000  6.887026659681066E-003   1.00020205236579     
  0.122946442165939      -5.933530210191097E-003  0.000000000000000E+000
   3.03641056358927     
  0.960698927782761       2.030904889090778E-003  0.000000000000000E+000
  0.192534854992346       6.505554778032179E-003 -3.165318914292411E-004
  0.000000000000000E+000  6.822086669461420E-003   1.00020262801156     
  0.121839227468437      -5.837948329330449E-003  0.000000000000000E+000
   3.02272393571517     
  0.957703044267799       2.176098169407578E-003  0.000000000000000E+000
  0.197146333869796       6.450365307470411E-003 -3.106395166425079E-004
  0.000000000000000E+000  6.761004824112919E-003   1.00020315317255     
  0.120808528716662      -5.738804572638558E-003  0.000000000000000E+000
   3.00992854921524     
  0.954561846157195       2.326415247496387E-003  0.000000000000000E+000
  0.202095446399653       6.399075173287052E-003 -3.050364104904414E-004
  0.000000000000000E+000  6.704111583777494E-003   1.00020377001297     
  0.119850878330495      -5.642023815843923E-003  0.000000000000000E+000
   2.99799031912158     
  0.951269384357213       2.482757904136671E-003  0.000000000000000E+000
  0.207007923818537       6.350594017191631E-003 -2.992952831256814E-004
  0.000000000000000E+000  6.649889300317313E-003   1.00020439639309     
  0.118946142498760      -5.541721835247202E-003  0.000000000000000E+000
   2.98666863334045     
  0.947819482538107       2.644120805717701E-003  0.000000000000000E+000
  0.212045996289817       6.304519066282363E-003 -2.935832472421642E-004
  0.000000000000000E+000  6.598102313524527E-003   1.00020504418310     
  0.118086579381382      -5.440328157971094E-003  0.000000000000000E+000
   2.97587193876339     
  0.944205942257812       2.811651156899837E-003  0.000000000000000E+000
  0.217423009639560       6.260047200553485E-003 -2.878583356469244E-004
  0.000000000000000E+000  6.547905536200409E-003   1.00020575139581     
  0.117257171843343      -5.337713709831817E-003  0.000000000000000E+000
   2.96541735774645     
  0.940422342196095       2.984205242399509E-003  0.000000000000000E+000
  0.222511911458014       6.217121304542542E-003 -2.818938061301342E-004
  0.000000000000000E+000  6.499015110672676E-003   1.00020640715918     
  0.116456952460483      -5.230421420372130E-003  0.000000000000000E+000
   2.95529573798319     
  0.936462258150449       3.162718150678633E-003  0.000000000000000E+000
  0.228283658975442       6.174036838122886E-003 -2.760639172144480E-004
  0.000000000000000E+000  6.450100755337334E-003   1.00020718412863     
  0.115653793270016      -5.121930431145848E-003  0.000000000000000E+000
   2.94510045871653     
  0.932319101600151       3.346467535361265E-003  0.000000000000000E+000
  0.233336644533438       6.129896908863388E-003 -2.696184076125736E-004
  0.000000000000000E+000  6.399515316475962E-003   1.00020783397687     
  0.114831228270603      -5.003510576522397E-003  0.000000000000000E+000
   2.93462242521083     
  0.927986251584928       3.535462227755561E-003  0.000000000000000E+000
  0.239593774312198       6.086171402546286E-003 -2.636023976314342E-004
  0.000000000000000E+000  6.349773800177720E-003   1.00020869867050     
  0.114015963523148      -4.894737250019803E-003  0.000000000000000E+000
   2.92420197654064     
  0.923457056336885       3.730240913818279E-003  0.000000000000000E+000
  0.244548690472357       6.045188041309123E-003 -2.568494688890693E-004
  0.000000000000000E+000  6.302037510198192E-003   1.00020934053201     
  0.113252647898048      -4.774371449290186E-003  0.000000000000000E+000
   2.91441360582363     
  0.918724734063985       3.928866629792209E-003  0.000000000000000E+000
  0.250947785096514       6.007293945469251E-003 -2.509295484739943E-004
  0.000000000000000E+000  6.258223493943245E-003   1.00021023721601     
  0.112546676896002      -4.666866735832749E-003  0.000000000000000E+000
   2.90533138636095     
  0.913782702004972       4.134308086652536E-003  0.000000000000000E+000
  0.256681603003699       5.972342127380474E-003 -2.439597743462768E-004
  0.000000000000000E+000  6.216301901726750E-003   1.00021101877948     
  0.111896628948854      -4.541988584068726E-003  0.000000000000000E+000
   2.89694611127245     
  0.908624062312831       4.341309162270438E-003  0.000000000000000E+000
  0.261967303430538       5.941884559187727E-003 -2.370889306485869E-004
  0.000000000000000E+000  6.178973489836314E-003   1.00021171897697     
  0.111330805778325      -4.417204272971941E-003  0.000000000000000E+000
   2.88962806646035     
  0.903242385263693       4.554834075679027E-003  0.000000000000000E+000
  0.268951864494056       5.910429808093797E-003 -2.308164957416438E-004
  0.000000000000000E+000  6.141246303835441E-003   1.00021271949907     
  0.110746032769631      -4.296888490680216E-003  0.000000000000000E+000
   2.88204280693337     
  0.897630946103148       4.770477692087010E-003  0.000000000000000E+000
  0.273761185829926       5.875099972989653E-003 -2.229858726946942E-004
  0.000000000000000E+000  6.098085845684348E-003   1.00021334146161     
  0.110089471400102      -4.149818978440627E-003  0.000000000000000E+000
   2.87350069728594     
  0.891783373400719       4.989646083122509E-003  0.000000000000000E+000
  0.281246431608906       5.838842910445114E-003 -2.166297917434129E-004
  0.000000000000000E+000  6.055472702188527E-003   1.00021444394818     
  0.109414243915176      -4.033186786032096E-003  0.000000000000000E+000
   2.86469158483271     
  0.885693421287334       5.213290243712273E-003  0.000000000000000E+000
  0.286795102090082       5.807334388207374E-003 -2.084454978712759E-004
  0.000000000000000E+000  6.015779886078650E-003   1.00021521260472     
  0.108829082155377      -3.887595754603445E-003  0.000000000000000E+000
   2.85703902239137     
  0.879354799790459       5.435549238576376E-003  0.000000000000000E+000
  0.292106721293521       5.784141991284286E-003 -2.005642288383674E-004
  0.000000000000000E+000  5.984706220122653E-003   1.00021592313062     
  0.108399739351972      -3.744030477673360E-003  0.000000000000000E+000
   2.85141389088471     
  0.872761850024891       5.661595916410732E-003  0.000000000000000E+000
  0.300150189682199       5.757571221897933E-003 -1.938291663700833E-004
  0.000000000000000E+000  5.951400388268016E-003   1.00021709649864     
  0.107906459077305      -3.612008498845841E-003  0.000000000000000E+000
   2.84493196905004     
  0.865908887614107       5.888050303986711E-003  0.000000000000000E+000
  0.305113520636496       5.722092087453595E-003 -1.846131039676957E-004
  0.000000000000000E+000  5.906705191421290E-003   1.00021771840096     
  0.107247308403806      -3.436195984574458E-003  0.000000000000000E+000
   2.83624195757769     
  0.858790596690845       6.112150921137999E-003  0.000000000000000E+000
  0.310427340721617       5.685290783480094E-003 -1.761654680966414E-004
  0.000000000000000E+000  5.861456251576735E-003   1.00021845174181     
  0.106562554587515      -3.278835110840115E-003  0.000000000000000E+000
   2.82718737495722     
  0.851402232938537       6.337426796155764E-003  0.000000000000000E+000
  0.317859566320067       5.648424080345604E-003 -1.680692863922363E-004
  0.000000000000000E+000  5.816493366737840E-003   1.00021961586262     
  0.105876119650028      -3.128948528978909E-003  0.000000000000000E+000
   2.81808208369375     
  0.843739242234269       6.559807874772471E-003  0.000000000000000E+000
  0.323186579742696       5.614987665780281E-003 -1.580955996390468E-004
  0.000000000000000E+000  5.773083265419328E-003   1.00022038816886     
  0.105254706075444      -2.947279695822898E-003  0.000000000000000E+000
   2.80981433953804     
  0.835797614343686       6.776554441764220E-003  0.000000000000000E+000
  0.328751823979474       5.588580137468265E-003 -1.491053087004746E-004
  0.000000000000000E+000  5.737685446168740E-003   1.00022117454425     
  0.104764460962293      -2.781524662568113E-003  0.000000000000000E+000
   2.80327652147063     
  0.827574033874230       6.990933322577417E-003  0.000000000000000E+000
  0.337092577244221       5.561684187663695E-003 -1.410930641448186E-004
  0.000000000000000E+000  5.702777251808514E-003   1.00022246131821     
  0.104264397465378      -2.630458030501277E-003  0.000000000000000E+000
   2.79659124058476     
  0.819065622350018       7.200829533666883E-003  0.000000000000000E+000
  0.342852673356219       5.535300796737797E-003 -1.305104608662154E-004
  0.000000000000000E+000  5.665811257604013E-003   1.00022329669590     
  0.103774648757703      -2.435544354507584E-003  0.000000000000000E+000
   2.79002634344860     
  0.810270040767068       7.398615321999188E-003  0.000000000000000E+000
  0.348136462872617       5.516465683937431E-003 -1.200211069717078E-004
  0.000000000000000E+000  5.636486790909139E-003   1.00022403035425     
  0.103426089136749      -2.242310538941624E-003  0.000000000000000E+000
   2.78534680318413     
  0.801185958372473       7.589628713596443E-003  0.000000000000000E+000
  0.355913574048827       5.497538222243877E-003 -1.113946910727870E-004
  0.000000000000000E+000  5.608932913316663E-003   1.00022519693111     
  0.103074821925237      -2.078026690849189E-003  0.000000000000000E+000
   2.78062177321081     
  0.791812627973472       7.772394067772765E-003  0.000000000000000E+000
  0.363085233648007       5.471113434945196E-003 -1.014747177700815E-004
  0.000000000000000E+000  5.572588152715277E-003   1.00022624553159     
  0.102582982000518      -1.889459313107487E-003  0.000000000000000E+000
   2.77398627617883     
  0.782150065254686       7.942422822669317E-003  0.000000000000000E+000
  0.368537501934270       5.443292215488804E-003 -8.981858662349204E-005
  0.000000000000000E+000  5.533110802112296E-003   1.00022699609189     
  0.102064888561127      -1.672808587283685E-003  0.000000000000000E+000
   2.76697620858550     
  0.772199185767239       8.095718475719276E-003  0.000000000000000E+000
  0.374251088886240       5.420288993281185E-003 -7.875508723847719E-005
  0.000000000000000E+000  5.499044080519663E-003   1.00022783866852     
  0.101636466056655      -1.467585083192049E-003  0.000000000000000E+000
   2.76116528877483     
  0.761961923922881       8.235501917519613E-003  0.000000000000000E+000
  0.381521457054532       5.397882145674487E-003 -6.879899954189458E-005
  0.000000000000000E+000  5.466681145216382E-003   1.00022899599402     
  0.101218479799474      -1.279853268014426E-003  0.000000000000000E+000
   2.75548246442543     
  0.751441078648974       8.360036325710233E-003  0.000000000000000E+000
  0.389199623228933       5.372855714078127E-003 -5.853779595766170E-005
  0.000000000000000E+000  5.431393510035788E-003   1.00023029453542     
  0.100750874004076      -1.087804273289490E-003  0.000000000000000E+000
   2.74910854694538     
  0.740640446574066       8.467539394565621E-003  0.000000000000000E+000
  0.395178989014767       5.351820576063994E-003 -4.637021566548981E-005
  0.000000000000000E+000  5.398190791729484E-003   1.00023135367045     
  0.100357650279000      -8.631723409451750E-004  0.000000000000000E+000
   2.74373044777823     
  0.729564815658738       8.549226778783900E-003  0.000000000000000E+000
  0.400670012656747       5.338179692847033E-003 -3.394072952272558E-005
  0.000000000000000E+000  5.372120422369759E-003   1.00023237352411     
  0.100102426014340      -6.320911681720619E-004  0.000000000000000E+000
   2.74022753034134     
  0.718220157151689       8.609815858319162E-003  0.000000000000000E+000
  0.407639767910496       5.325798022767060E-003 -2.300031334072173E-005
  0.000000000000000E+000  5.348798336107782E-003   1.00023369593996     
  9.986982462200361E-002 -4.261889674770338E-004  0.000000000000000E+000
   2.73702575847408     
  0.706613454876314       8.648074977020741E-003  0.000000000000000E+000
  0.414223762115171       5.311412077260117E-003 -1.195716084548723E-005
  0.000000000000000E+000  5.323369238105604E-003   1.00023494689279     
  9.959837073696930E-002 -2.188068491895447E-004  0.000000000000000E+000
   2.73327529760012     
  0.694752788406665       8.662372544331720E-003  0.000000000000000E+000
  0.421049837172404       5.297601319499157E-003 -7.417054234279806E-007
  0.000000000000000E+000  5.298343024922585E-003   1.00023624230365     
  9.933629028581457E-002 -9.245116133853297E-006  0.000000000000000E+000
   2.72963511508124     
  0.682647343539202       8.651157664054129E-003  0.000000000000000E+000
  0.428029988788239       5.286393571514498E-003  1.119407311461678E-005
  0.000000000000000E+000  5.297587644629115E-003   1.00023756839994     
  9.912177114233164E-002  2.129356581139279E-004  0.000000000000000E+000
   2.72663361396752     
  0.670307422204054       8.610315629881678E-003  0.000000000000000E+000
  0.433841473588245       5.280167181555560E-003  2.396949402407445E-005
  0.000000000000000E+000  5.304136675579635E-003   1.00023869780392     
  9.899945963736015E-002  4.502667174340274E-004  0.000000000000000E+000
   2.72488861088980     
  0.657744432187388       8.537819516044324E-003  0.000000000000000E+000
  0.439707944862903       5.278925632495700E-003  3.621613873581551E-005
  0.000000000000000E+000  5.315141771231516E-003   1.00023985872728     
  9.896961774689256E-002  6.789156191000624E-004  0.000000000000000E+000
   2.72440890527483     
  0.644970813927204       8.436245338104848E-003  0.000000000000000E+000
  0.446435734018905       5.278647733389977E-003  4.774364215167840E-005
  0.000000000000000E+000  5.326391375541656E-003   1.00024119318771     
  9.895688215234505E-002  8.952424334397418E-004  0.000000000000000E+000
   2.72415770404996     
  0.632000051176599       8.304733450058579E-003  0.000000000000000E+000
  0.452939961005313       5.277889149738191E-003  5.927157789398779E-005
  0.000000000000000E+000  5.337160727632179E-003   1.00024249980104     
  9.893399427201915E-002  1.111177886301401E-003  0.000000000000000E+000
   2.72375730518557     
  0.618846621299056       8.142643113908310E-003  0.000000000000000E+000
  0.459530119927877       5.277847217600234E-003  7.076226000444499E-005
  0.000000000000000E+000  5.348609477604680E-003   1.00024383216979     
  9.892335873624813E-002  1.326166473235756E-003  0.000000000000000E+000
   2.72351558003734     
  0.605525942452643       7.949576021555563E-003  0.000000000000000E+000
  0.466341250066989       5.278436712370943E-003  8.216515754386479E-005
  0.000000000000000E+000  5.360601869914807E-003   1.00024521920822     
  9.892334010848602E-002  1.539699576469695E-003  0.000000000000000E+000
   2.72340949449942     
  0.592054310759683       7.725396929789890E-003  0.000000000000000E+000
  0.473369780040457       5.278718503315183E-003  9.353975570636248E-005
  0.000000000000000E+000  5.372258259021545E-003   1.00024666217435     
  9.891624050466710E-002  1.752738654306416E-003  0.000000000000000E+000
   2.72319424555978     
  0.578448841139469       7.469587338919363E-003  0.000000000000000E+000
  0.479539015573664       5.280085105075901E-003  1.053870314507408E-004
  0.000000000000000E+000  5.385472136526642E-003   1.00024796224920     
  9.892779470860630E-002  1.973765693969759E-003  0.000000000000000E+000
   2.72322041501888     
  0.564727426131715       7.179798545920949E-003  0.000000000000000E+000
  0.485918127566492       5.285634408421630E-003  1.168307908812990E-004
  0.000000000000000E+000  5.402465199302929E-003   1.00024930803653     
  9.901616552969944E-002  2.186354991359263E-003  0.000000000000000E+000
   2.72428593826420     
  0.550908452145140       6.860707846468249E-003  0.000000000000000E+000
  0.493263963043546       5.295220125335704E-003  1.272865928266976E-004
  0.000000000000000E+000  5.422506718162402E-003   1.00025083137627     
  9.917820683118814E-002  2.380713060037340E-003  0.000000000000000E+000
   2.72633748601757     
  0.537010910895377       6.513416561857800E-003  0.000000000000000E+000
  0.500271028674661       5.307793567502612E-003  1.374405656789326E-004
  0.000000000000000E+000  5.445234133181544E-003   1.00025228461299     
  9.939388735477778E-002  2.569428345813591E-003  0.000000000000000E+000
   2.72909467512461     
  0.523054228165777       6.139328491792367E-003  0.000000000000000E+000
  0.507283058857865       5.324033120792252E-003  1.472618762259150E-004
  0.000000000000000E+000  5.471294997018167E-003   1.00025371254909     
  9.967658454429967E-002  2.751516016123248E-003  0.000000000000000E+000
   2.73274708670964     
  0.509058155752480       5.740143054580419E-003  0.000000000000000E+000
  0.514439713185084       5.344521186989310E-003  1.567192434407309E-004
  0.000000000000000E+000  5.501240430430041E-003   1.00025512574517     
  0.100037481238613       2.926499595297740E-003  0.000000000000000E+000
   2.73744720213764     
  0.495042659692362       5.317842972884984E-003  0.000000000000000E+000
  0.521827570405549       5.369624786416080E-003  1.657769644577510E-004
  0.000000000000000E+000  5.535401750873831E-003   1.00025652573942     
  0.100483443705912       3.093817098076546E-003  0.000000000000000E+000
   2.74328248977307     
  0.481027806142041       4.874676585191666E-003  0.000000000000000E+000
  0.529456814198738       5.398928336037037E-003  1.743740682552629E-004
  0.000000000000000E+000  5.573302404292300E-003   1.00025788678380     
  0.101006691971401       3.252657122856252E-003  0.000000000000000E+000
   2.75013904375548     
  0.467033646316841       4.413134998349662E-003  0.000000000000000E+000
  0.537351722310859       5.429692737219725E-003  1.824010428787720E-004
  0.000000000000000E+000  5.612093780098497E-003   1.00025920011052     
  0.101555320002398       3.402131940887102E-003  0.000000000000000E+000
   2.75729588212607     
  0.453080108148714       3.935745123473622E-003  0.000000000000000E+000
  0.545200356653822       5.457977996831722E-003  1.899099985671761E-004
  0.000000000000000E+000  5.647887995398899E-003   1.00026045508653     
  0.102054247768751       3.543007898114921E-003  0.000000000000000E+000
   2.76371595591969     
  0.439186917314490       3.444124449314979E-003  0.000000000000000E+000
  0.553676784434856       5.480724199496988E-003  1.962503543366925E-004
  0.000000000000000E+000  5.676974553833680E-003   1.00026179301782     
  0.102446974901674       3.662863006781709E-003  0.000000000000000E+000
   2.76864542112549     
  0.425373323286012       2.943537917647252E-003  0.000000000000000E+000
  0.564026722672907       5.495009307519636E-003  2.009660421359659E-004
  0.000000000000000E+000  5.695975349655602E-003   1.00026348603689     
  0.102680461599125       3.753219223950856E-003  0.000000000000000E+000
   2.77139441848792     
  0.411658191042757       2.437221773305309E-003  0.000000000000000E+000
  0.575864189722779       5.499858698802333E-003  2.068477046123947E-004
  0.000000000000000E+000  5.706706403414728E-003   1.00026552533199     
  0.102733224753351       3.864541729166694E-003  0.000000000000000E+000
   2.77165937891567     
  0.398060300010423       1.916233981970908E-003  0.000000000000000E+000
  0.587399489257450       5.496350862940597E-003  2.202605795935466E-004
  0.000000000000000E+000  5.716611442534144E-003   1.00026756156066     
  0.102614635516391       4.116048502583456E-003  0.000000000000000E+000
   2.76948620257024     
  0.384598635456386       1.352902573853140E-003  0.000000000000000E+000
  0.597199987095337       5.483900491181577E-003  2.434347058116382E-004
  0.000000000000000E+000  5.727335196993215E-003   1.00026932381012     
  0.102306199402509       4.548951412980637E-003  0.000000000000000E+000
   2.76455682633395     
  0.371291267288200       7.281164213263902E-004  0.000000000000000E+000
  0.604534988190608       5.467685898349363E-003  2.711377545350280E-004
  0.000000000000000E+000  5.738823652884390E-003   1.00027068992827     
  0.101910364513686       5.061073586055188E-003  0.000000000000000E+000
   2.75828232510038     
  0.358154780898738       4.178473641569574E-005  0.000000000000000E+000
  0.612164664710463       5.456667177986768E-003  2.986957254534450E-004
  0.000000000000000E+000  5.755362903440213E-003   1.00027220938513     
  0.101602782779399       5.566545621718477E-003  0.000000000000000E+000
   2.75310307808695     
  0.345204555188213      -6.996594131643285E-004  0.000000000000000E+000
  0.619272404667981       5.454009865579195E-003  3.268610376828909E-004
  0.000000000000000E+000  5.780870903262086E-003   1.00027368733528     
  0.101440041057647       6.081837953679038E-003  0.000000000000000E+000
   2.74977164851988     
  0.332455505085775      -1.498146808410845E-003  0.000000000000000E+000
  0.624963942139402       5.459463093516919E-003  3.541487173908204E-004
  0.000000000000000E+000  5.813611810907740E-003   1.00027495231005     
  0.101418549471277       6.579131132664590E-003  0.000000000000000E+000
   2.74823702085748     
  0.319920537181743      -2.339667901782980E-003  0.000000000000000E+000
  0.632063303072982       5.470282505682417E-003  3.780246578714075E-004
  0.000000000000000E+000  5.848307163553825E-003   1.00027661813712     
  0.101492756589889       7.012649139337467E-003  0.000000000000000E+000
   2.74791641918456     
  0.307611656831778      -3.214917519367286E-003  0.000000000000000E+000
  0.639589712200632       5.484087565872908E-003  3.998537005885974E-004
  0.000000000000000E+000  5.883941266461505E-003   1.00027844983819     
  0.101616632109754       7.406972273054558E-003  0.000000000000000E+000
   2.74817666229674     
  0.295539909591286      -4.117285986877651E-003  0.000000000000000E+000
  0.647225044295055       5.500787463743866E-003  4.201906058983856E-004
  0.000000000000000E+000  5.920978069642252E-003   1.00028035993004     
  0.101785893690689       7.772111051986911E-003  0.000000000000000E+000
   2.74892893765891     
  0.283715218424319      -5.040365564571752E-003  0.000000000000000E+000
  0.655439159842444       5.519399461867695E-003  4.389842865237763E-004
  0.000000000000000E+000  5.958383748391471E-003   1.00028241966649     
  0.101981451862936       8.107706265559771E-003  0.000000000000000E+000
   2.74990137947552     
  0.272146384621058      -5.978022424434283E-003  0.000000000000000E+000
  0.663441425831934       5.538952597181936E-003  4.572249368220549E-004
  0.000000000000000E+000  5.996177534003991E-003   1.00028441173050     
  0.102182702316973       8.431411034416159E-003  0.000000000000000E+000
   2.75079767328480     
  0.260841459952367      -6.928699530984975E-003  0.000000000000000E+000
  0.670986655915385       5.560162570201086E-003  4.742001098123563E-004
  0.000000000000000E+000  6.034362680013443E-003   1.00028619905014     
  0.102403903705984       8.729127750157335E-003  0.000000000000000E+000
   2.75180510774710     
  0.249806769810523      -7.883567295849768E-003  0.000000000000000E+000
  0.679248039074537       5.583246188311433E-003  4.879524421739848E-004
  0.000000000000000E+000  6.071198630485418E-003   1.00028785455825     
  0.102655087399216       8.966420085323633E-003  0.000000000000000E+000
   2.75309828861017     
  0.239047492115207      -8.833844321215513E-003  0.000000000000000E+000
  0.687916342079916       5.607197865051635E-003  4.991497220574389E-004
  0.000000000000000E+000  6.106347587109074E-003   1.00028939587234     
  0.102915210308542       9.156063549567665E-003  0.000000000000000E+000
   2.75437370552592     
  0.228568063927081      -9.774779615069130E-003  0.000000000000000E+000
  0.696731258060254       5.631236650076526E-003  5.086774438107164E-004
  0.000000000000000E+000  6.139914093887242E-003   1.00029078603280     
  0.103165776781098       9.313712953609582E-003  0.000000000000000E+000
   2.75534651225003     
  0.218371927887734      -1.070216068614966E-002  0.000000000000000E+000
  0.705470292763266       5.655519473151516E-003  5.168889100390228E-004
  0.000000000000000E+000  6.172408383190538E-003   1.00029203501171     
  0.103407780644366       9.445549788804306E-003  0.000000000000000E+000
   2.75601218088144     
  0.208461650332017      -1.161318441176501E-002  0.000000000000000E+000
  0.714441737118023       5.679307483145106E-003  5.226617231430892E-004
  0.000000000000000E+000  6.201969206288196E-003   1.00029328331860     
  0.103630421808725       9.532210667417031E-003  0.000000000000000E+000
   2.75624264892481     
  0.198838436947398      -1.250075963881363E-002  0.000000000000000E+000
  0.724115232123722       5.700746699310625E-003  5.253088752778983E-004
  0.000000000000000E+000  6.226055574588523E-003   1.00029458939119     
  0.103801736468646       9.561514919652677E-003  0.000000000000000E+000
   2.75562735966409     
  0.189502895766597      -1.336127223884795E-002  0.000000000000000E+000
  0.733745917290889       5.719919976261808E-003  5.260258006634307E-004
  0.000000000000000E+000  6.245945776925239E-003   1.00029583261458     
  0.103917723474234       9.554001603943651E-003  0.000000000000000E+000
   2.75406467337088     
  0.180454910724205      -1.419260156117742E-002  0.000000000000000E+000
  0.744070845364604       5.737272756486453E-003  5.240168873467943E-004
  0.000000000000000E+000  6.261289643833248E-003   1.00029699503426     
  0.103989735888060       9.496551967286167E-003  0.000000000000000E+000
   2.75173405691002     
  0.171693255296651      -1.498933665163374E-002  0.000000000000000E+000
  0.755405876949908       5.751650386208428E-003  5.185026012840932E-004
  0.000000000000000E+000  6.270152987492521E-003   1.00029801266794     
  0.103999161644029       9.375567591913693E-003  0.000000000000000E+000
   2.74840713750394     
  0.163216160245772      -1.574824056262389E-002  0.000000000000000E+000
  0.766918534453225       5.762578286503481E-003  5.111699063166964E-004
  0.000000000000000E+000  6.273748192820177E-003   1.00029868009154     
  0.103928411279907       9.221333401190222E-003  0.000000000000000E+000
   2.74377031128125     
  0.155021505005991      -1.646991939561590E-002  0.000000000000000E+000
  0.778091634337898       5.770240528979216E-003  5.024736590799675E-004
  0.000000000000000E+000  6.272714188059183E-003   1.00029901563794     
  0.103779145820677       9.041708730767258E-003  0.000000000000000E+000
   2.73783010735747     
  0.147106334224531      -1.715296303207054E-002  0.000000000000000E+000
  0.790721569875586       5.771689720846973E-003  4.873357749447076E-004
  0.000000000000000E+000  6.259025495791681E-003   1.00029926415960     
  0.103520598049809       8.749632286088768E-003  0.000000000000000E+000
   2.73037856923082     
  0.139466267089614      -1.778558548152064E-002  0.000000000000000E+000
  0.804309563371135       5.763960078096375E-003  4.691871500909366E-004
  0.000000000000000E+000  6.233147228187312E-003   1.00029939327454     
  0.103081042079602       8.406772210884261E-003  0.000000000000000E+000
   2.72029366080508     
  0.132098175810340      -1.837689199987649E-002  0.000000000000000E+000
  0.816447625965338       5.747841447825479E-003  4.531728108100349E-004
  0.000000000000000E+000  6.201014258635514E-003   1.00029919270606     
  0.102449457354254       8.099589963442282E-003  0.000000000000000E+000
   2.70716160260930     
  0.124997769952504      -1.892872200988259E-002  0.000000000000000E+000
  0.830106298501732       5.717943142729085E-003  4.270840737309818E-004
  0.000000000000000E+000  6.145027216460067E-003   1.00029889639456     
  0.101594001863504       7.619914992905723E-003  0.000000000000000E+000
   2.69116845955456     
  0.118158763957459      -1.942103531766246E-002  0.000000000000000E+000
  0.844806151501416       5.673032556469617E-003  3.969894064602652E-004
  0.000000000000000E+000  6.070021962929882E-003   1.00029839491081     
  0.100463733807222       7.073134364842848E-003  0.000000000000000E+000
   2.67131885901301     
  0.111577324482708      -1.987073175919550E-002  0.000000000000000E+000
  0.858142339458254       5.618207672182782E-003  3.730301004068338E-004
  0.000000000000000E+000  5.991237772589615E-003   1.00029741018703     
  9.909374856872391E-002  6.631918975028014E-003  0.000000000000000E+000
   2.64742073737917     
  0.105248108561165      -2.028128798648830E-002  0.000000000000000E+000
  0.873581121595862       5.540921119490511E-003  3.350341588817284E-004
  0.000000000000000E+000  5.875955278372240E-003   1.00029624274237     
  9.737766295533037E-002  5.959215590194333E-003  0.000000000000000E+000
   2.61920168438871     
  9.916376395001603E-002 -2.062514136152142E-002  0.000000000000000E+000
  0.890082951035083       5.439787527269247E-003  2.944740674178251E-004
  0.000000000000000E+000  5.734261594687072E-003   1.00029482465435     
  9.523346176363312E-002  5.245791639138786E-003  0.000000000000000E+000
   2.58479669227601     
  9.332012723962402E-002 -2.093049604161815E-002  0.000000000000000E+000
  0.905736085426497       5.319061273879890E-003  2.605587236565865E-004
  0.000000000000000E+000  5.579619997536476E-003   1.00029288102451     
  9.268373683998782E-002  4.651620944346259E-003  0.000000000000000E+000
   2.54367845338753     
  8.771055058917909E-002 -2.119011388496281E-002  0.000000000000000E+000
  0.923911494877302       5.158361571526783E-003  2.125097276196624E-004
  0.000000000000000E+000  5.370871299146445E-003   1.00029099069627     
  8.950976805118607E-002  3.837676514483979E-003  0.000000000000000E+000
   2.49414726304759     
  8.232832898163722E-002 -2.138787159074580E-002  0.000000000000000E+000
  0.941891066716153       4.955798471471228E-003  1.688721217902483E-004
  0.000000000000000E+000  5.124670593261477E-003   1.00028890740565     
  8.557808346614681E-002  3.105279668984491E-003  0.000000000000000E+000
   2.43254575737881     
  7.716826630280238E-002 -2.155356702706770E-002  0.000000000000000E+000
  0.960435257856034       4.693908590253804E-003  1.217772935675226E-004
  0.000000000000000E+000  4.815685883821327E-003   1.00028605711727     
  8.065450447644262E-002  2.347752607839142E-003  0.000000000000000E+000
   2.35543067981410     
  7.222301122247532E-002 -2.165524915438587E-002  0.000000000000000E+000
  0.976082890621910       4.362243851309356E-003  7.036066837613654E-005
  0.000000000000000E+000  4.432604519685493E-003   1.00028251393020     
  7.460078092497759E-002  1.516942845079259E-003  0.000000000000000E+000
   2.25969672891061     
  6.748705146715417E-002 -2.171479524477504E-002  0.000000000000000E+000
  0.983847051441217       3.990165722857873E-003  3.178550326236156E-005
  0.000000000000000E+000  4.021951226120235E-003   1.00027912462477     
  6.782997836773061E-002  8.906023137506293E-004  0.000000000000000E+000
   2.14811636490086     
  6.295371259758120E-002 -2.173446819730835E-002  0.000000000000000E+000
  0.993164618008450       3.581986018468854E-003 -1.314694298087121E-005
  0.000000000000000E+000  3.595132961449725E-003   1.00027637289279     
  6.058578756010631E-002  1.759700872225995E-004  0.000000000000000E+000
   2.02493135563688     
  5.861711578290607E-002 -2.168853676842170E-002  0.000000000000000E+000
   1.00707606971696       3.150453557349170E-003 -4.335941722387534E-005
  0.000000000000000E+000  3.193812974573046E-003   1.00027446055430     
  5.295432064225856E-002 -3.069356612092631E-004  0.000000000000000E+000
   1.88713441229173     
  5.447044604999962E-002 -2.162336907966074E-002  0.000000000000000E+000
   1.02992289306417       2.648457351622085E-003 -7.142375328494424E-005
  0.000000000000000E+000  2.719881104907029E-003   1.00027495754564     
  4.427830805017650E-002 -6.363834514819069E-004  0.000000000000000E+000
   1.72089500919061     
  5.050903214194746E-002 -2.147729249486757E-002  0.000000000000000E+000
   1.04366620212545       2.046201395910227E-003 -8.426873174889123E-005
  0.000000000000000E+000  2.130470127659119E-003   1.00027529971287     
  3.403181626820656E-002 -7.550540005487466E-004  0.000000000000000E+000
   1.50455360392198     
  4.672541388620077E-002 -2.131085761769123E-002  0.000000000000000E+000
   1.04065266855105       1.370254961222792E-003 -7.447549914078573E-005
  0.000000000000000E+000  1.444730460363578E-003   1.00027431503941     
  2.265621735833779E-002 -4.749336118008101E-004  0.000000000000000E+000
   1.22335889032180     
  4.311516124701154E-002 -2.108321818922540E-002  0.000000000000000E+000
   1.03661266366066       6.487830995916182E-004 -4.620523501521353E-005
  0.000000000000000E+000  6.949883346068317E-004   1.00027496342276     
  1.070339480755594E-002  3.440490387182459E-005  0.000000000000000E+000
  0.838371657459497     
  3.967223005436371E-002 -2.081626001427382E-002  0.000000000000000E+000
   1.04404136708763      -1.128434921197929E-004  9.801357767084795E-006
  0.000000000000000E+000 -1.226448498868777E-004   1.00027830415253     
 -1.761156508128927E-003  1.053491615330707E-003  0.000000000000000E+000
  0.365802019268861     
  3.639054179185175E-002 -2.050759722952964E-002  0.000000000000000E+000
   1.05564937490431      -9.650937448151535E-004  1.032694508420422E-004
  0.000000000000000E+000 -1.068363195657196E-003   1.00028260256920     
 -1.552384343382199E-002  2.770269432739284E-003  0.000000000000000E+000
   1.01126783201887     
  3.326778181846923E-002 -2.014011535744205E-002  0.000000000000000E+000
   1.07241272454280      -1.989698300145866E-003  2.499914087596438E-004
  0.000000000000000E+000 -2.239689708905510E-003   1.00028982341354     
 -3.185344117265219E-002  5.385751822339632E-003  0.000000000000000E+000
   1.44244852191674     
  3.029382127105174E-002 -1.975029503451204E-002  0.000000000000000E+000
   1.09375519702780      -3.272840699211951E-003  4.911521866211546E-004
  0.000000000000000E+000 -3.763992885833106E-003   1.00029721670213     
 -5.213880582091016E-002  9.830632351942838E-003  0.000000000000000E+000
   1.84428996775062     
  2.747317396944959E-002 -1.928113185504812E-002  0.000000000000000E+000
   1.15269848712819      -5.071110313517426E-003  8.752653451430078E-004
  0.000000000000000E+000 -5.946375658660434E-003   1.00031376609323     
 -8.026388201945650E-002  1.666755717509996E-002  0.000000000000000E+000
   2.28530555750654     
  2.478833495795718E-002 -1.880921559024042E-002  0.000000000000000E+000
   1.14836038302360      -7.484965770355857E-003  1.517128819141470E-003
  0.000000000000000E+000 -9.002094589497326E-003   1.00032102199527     
 -0.117939408354057       2.828356440914790E-002  0.000000000000000E+000
   2.77534051627589     
  2.225501326225521E-002 -1.823565211469499E-002  0.000000000000000E+000
   1.21903340916970      -1.084029731253596E-002  2.515856888674071E-003
  0.000000000000000E+000 -1.335615420121003E-002   1.00034962510547     
 -0.170096657297859       4.528774980081141E-002  0.000000000000000E+000
   3.33702558348445     
  1.984559696190713E-002 -1.767184233715069E-002  0.000000000000000E+000
   1.19030436394019      -1.520868405073227E-002  4.078550563949958E-003
  0.000000000000000E+000 -1.928723461468222E-002   1.00036368965309     
 -0.237774297218725       7.288570309527881E-002  0.000000000000000E+000
   3.96330330597432     
  1.758713226318775E-002 -1.699731615131953E-002  0.000000000000000E+000
   1.17384723387022      -2.084490068028444E-002  6.428100200523969E-003
  0.000000000000000E+000 -2.727300088080840E-002   1.00039225826875     
 -0.326011436380311       0.111802820161876       0.000000000000000E+000
   4.66674450509347     
  1.544650428983374E-002 -1.632605898462604E-002  0.000000000000000E+000
  0.994792840319633      -2.759547313012684E-002  9.705954901433731E-003
  0.000000000000000E+000 -3.730142803156056E-002   1.00039498579800     
 -0.430951729179254       0.167535610380870       0.000000000000000E+000
   5.40597112767437     
  1.345295496273136E-002 -1.555732975657546E-002  0.000000000000000E+000
  0.831964520255269      -3.479604672341021E-002  1.409910497717130E-002
  0.000000000000000E+000 -4.889515170058151E-002   1.00040235243080     
 -0.546531920715370       0.238668298081024       0.000000000000000E+000
   6.15496895791895     
  1.157947612225185E-002 -1.477144945561017E-002  0.000000000000000E+000
  0.482506421434891      -4.191311830244589E-002  1.936804186371263E-002
  0.000000000000000E+000 -6.128116016615852E-002   1.00037217402959     
 -0.660695386691719       0.325935692053507       0.000000000000000E+000
   6.85579145851714     
  9.848531301419383E-003 -1.390624975671154E-002  0.000000000000000E+000
 -5.105152287569581E-003 -4.792119394594672E-002  2.570065305970900E-002
  0.000000000000000E+000 -7.362184700565573E-002   1.00031492640798     
 -0.763658296422840       0.431508736445728       0.000000000000000E+000
   7.52082006999727     
  8.249723698091849E-003 -1.299967384081004E-002  0.000000000000000E+000
 -0.160131145452169      -5.315826468169176E-002  3.265954278317740E-002
  0.000000000000000E+000 -8.581780746486917E-002   1.00033581844320     
 -0.854832714291567       0.548624647880647       0.000000000000000E+000
   8.13055278100437     
  6.785477286839425E-003 -1.203901627367612E-002  0.000000000000000E+000
 -0.878748279394358      -5.554244107828985E-002  4.013868478374366E-002
  0.000000000000000E+000 -9.568112586203351E-002   1.00025625820486     
 -0.908151394184633       0.679511615953153       0.000000000000000E+000
   8.66145742866318     
  5.478550221508449E-003 -1.101314324896579E-002  0.000000000000000E+000
  -1.40283159238720      -5.674356337641814E-002  4.749015533304833E-002
  0.000000000000000E+000 -0.104233718709466        1.00021192622554     
 -0.940459375721430       0.810939185915795       0.000000000000000E+000
   9.12480906337436     
  4.290827434544564E-003 -9.965556159078107E-003  0.000000000000000E+000
  -2.09664732702754      -5.486973194598185E-002  5.511962753416182E-002
  0.000000000000000E+000 -0.109989359480144        1.00013755771170     
 -0.926013723551135       0.955407700152604       0.000000000000000E+000
   9.53452996506446     
  3.296772041745166E-003 -8.840112919361187E-003  0.000000000000000E+000
  -2.55412223274811      -5.260250030388749E-002  6.254809578774506E-002
  0.000000000000000E+000 -0.115150596091633        1.00010462210627     
 -0.900689079731901        1.09948615839527       0.000000000000000E+000
   9.93446587673882     
  2.396870789097783E-003 -7.727149985343641E-003  0.000000000000000E+000
  -3.25962410865350      -4.768043631214079E-002  7.000021706498984E-002
  0.000000000000000E+000 -0.117680653377131        1.00002394969291     
 -0.829013267013997        1.24682419738441       0.000000000000000E+000
   10.2786066700995     
  1.722008488210358E-003 -6.549785302129726E-003  0.000000000000000E+000
  -3.73992878073113      -4.218879187228905E-002  7.658535876746358E-002
  0.000000000000000E+000 -0.118774150639753       0.999982882740380     
 -0.744442464530910        1.38203870491634       0.000000000000000E+000
   10.6048537912477     
  1.113140182790850E-003 -5.409418156526647E-003  0.000000000000000E+000
  -4.12713114668463      -3.519570735721609E-002  8.189640284110619E-002
  0.000000000000000E+000 -0.117092110198322       0.999962228416671     
 -0.631722483670041        1.48644365402447       0.000000000000000E+000
   10.8053780084242     
  7.225228813823037E-004 -4.248492033251204E-003  0.000000000000000E+000
  -4.50028809712899      -2.674070731022847E-002  8.450734352454185E-002
  0.000000000000000E+000 -0.111248050834770       0.999938870210559     
 -0.492112883585455        1.54717764766667       0.000000000000000E+000
   10.8914495533474     
  3.880251048486993E-004 -3.130464215962858E-003  0.000000000000000E+000
  -4.75723036706768      -2.006784554446377E-002  8.517120658019964E-002
  0.000000000000000E+000 -0.105239052124663       0.999914091862024     
 -0.373342228250260        1.56404589385159       0.000000000000000E+000
   10.8559050788962     
  1.970395846617734E-004 -2.043563727562371E-003  0.000000000000000E+000
  -5.52809922382880      -1.149922422642517E-002  8.492718697601802E-002
  0.000000000000000E+000 -9.642641120244319E-002  0.999818564487574     
 -0.220771013731516        1.56725540722987       0.000000000000000E+000
   10.7949150334501     
  9.598016850720370E-005 -9.954425719247947E-004  0.000000000000000E+000
  -4.85040684445380      -8.117932939345842E-003  8.468828228851702E-002
  0.000000000000000E+000 -9.280621522786286E-002  0.999995149049185     
 -0.149078809341131        1.56461424672191       0.000000000000000E+000
   10.7604758297050     
  0.000000000000000E+000  0.000000000000000E+000  0.000000000000000E+000
  -5.98883618848299      -6.192641102108864E-004  8.398702007999259E-002
  0.000000000000000E+000 -8.460628419020348E-002  0.999844846634304     
 -2.347735412707673E-002   1.55140824109855       0.000000000000000E+000
   10.6880871369955     
 zone i=         151
  0.000000000000000E+000  0.000000000000000E+000  0.000000000000000E+000
  -5.98883618848299      -6.192641102108864E-004  8.398702007999259E-002
  0.000000000000000E+000 -8.460628419020348E-002  0.999844846634304     
 -2.347735412707673E-002   1.55140824109855       0.000000000000000E+000
   10.6880871369955     
  8.124748189053399E-005  9.967570191826214E-004  0.000000000000000E+000
  -6.60496529884290       6.559914589542180E-003  8.087460402997414E-002
  0.000000000000000E+000  8.743451861951632E-002  0.999787035371540     
  0.102679354188912        1.49673008895514       0.000000000000000E+000
   10.5123287665572     
  1.668552160047909E-004  2.047006305551404E-003  0.000000000000000E+000
  -5.56102464819946       8.008024950311582E-003  7.767970029399564E-002
  0.000000000000000E+000  8.568772524430722E-002  0.999999296635564     
  0.138037194180876        1.43669677000382       0.000000000000000E+000
   10.3114969580954     
  3.042454035129261E-004  3.145845697375883E-003  0.000000000000000E+000
  -6.13352650923480       1.353739608113764E-002  7.362325447682246E-002
  0.000000000000000E+000  8.716065055796010E-002  0.999936084403990     
  0.229041002546402        1.36127706829445       0.000000000000000E+000
   10.0709143157380     
  5.825742921587995E-004  4.281733555009661E-003  0.000000000000000E+000
  -5.80420879426424       1.656225024620968E-002  6.775690385768564E-002
  0.000000000000000E+000  8.431915410389532E-002   1.00003335776939     
  0.283364457775879        1.25332503161808       0.000000000000000E+000
   9.71194232252942     
  8.757422479155341E-004  5.478181120376323E-003  0.000000000000000E+000
  -5.85636932415582       1.809067833300628E-002  6.061942106878258E-002
  0.000000000000000E+000  7.871009940178887E-002   1.00005813053635     
  0.305878335238944        1.12334624197039       0.000000000000000E+000
   9.23903771049598     
  1.308808987989130E-003  6.698568453762158E-003  0.000000000000000E+000
  -6.22789869154849       1.932178336437974E-002  5.153949920304848E-002
  0.000000000000000E+000  7.086128256742821E-002   1.00002774129101     
  0.322767958225941       0.958578989665145       0.000000000000000E+000
   8.60293005755830     
  1.812850180215042E-003  7.968367674832801E-003  0.000000000000000E+000
  -5.84754421915295       1.735316506299969E-002  4.157431471063566E-002
  0.000000000000000E+000  5.892747977363534E-002   1.00011278060800     
  0.287352886524124       0.776697343177093       0.000000000000000E+000
   7.78536401086074     
  2.391032082076583E-003  9.283225230158919E-003  0.000000000000000E+000
  -6.31851903920347       1.535486737471250E-002  3.151060862093603E-002
  0.000000000000000E+000  4.686547599564853E-002   1.00005887912960     
  0.251615781830095       0.592384375909928       0.000000000000000E+000
   6.85676193360898     
  3.109272514030703E-003  1.061639973803102E-002  0.000000000000000E+000
  -6.13190660161354       1.235856755119213E-002  2.297576919132221E-002
  0.000000000000000E+000  3.533433674251434E-002   1.00010736455063     
  0.205961884349673       0.432398964135566       0.000000000000000E+000
   5.91515206456549     
  3.865287533979300E-003  1.201969020640781E-002  0.000000000000000E+000
  -6.11068942803536       9.506866768640206E-003  1.583388229078411E-002
  0.000000000000000E+000  2.534074905942432E-002   1.00013227843050     
  0.155107063575624       0.301562429452114       0.000000000000000E+000
   4.97531334151689     
  4.796892805706054E-003  1.341452172343449E-002  0.000000000000000E+000
  -6.08689401240531       6.790282985373893E-003  1.015097608554484E-002
  0.000000000000000E+000  1.694125907091873E-002   1.00015189282911     
  0.112348338737373       0.193922974647319       0.000000000000000E+000
   4.04370225244205     
  5.781289545338408E-003  1.487974781579076E-002  0.000000000000000E+000
  -5.66131536586977       4.367299920387826E-003  6.120946102234397E-003
  0.000000000000000E+000  1.048824602262222E-002   1.00021226581203     
  7.152261331626961E-002  0.118297014260124       0.000000000000000E+000
   3.17774732804798     
  6.903066221750631E-003  1.635814064742308E-002  0.000000000000000E+000
  -5.67599183083462       2.455461063400880E-003  3.159630754089655E-003
  0.000000000000000E+000  5.615091817490534E-003   1.00019229702978     
  3.886137912236703E-002  6.270611431914153E-002  0.000000000000000E+000
   2.32148658906842     
  8.121082669093838E-003  1.788532551851348E-002  0.000000000000000E+000
  -5.48566531733604       8.479044761290808E-004  1.028132547563060E-003
  0.000000000000000E+000  1.876037023692141E-003   1.00020828083868     
  1.157922168794574E-002  2.214787496000131E-002  0.000000000000000E+000
   1.35190542201358     
  9.454664975969473E-003  1.944636852175496E-002  0.000000000000000E+000
  -5.40496408480635      -3.405474713306242E-004 -3.849148644791218E-004
  0.000000000000000E+000 -7.254623358097460E-004   1.00020231667213     
 -8.755601442804328E-003 -4.851444683260564E-003  0.000000000000000E+000
  0.855796112482494     
  1.091465694568861E-002  2.103826502945663E-002  0.000000000000000E+000
  -5.17235705034477      -1.116113813663549E-003 -1.194479937562138E-003
  0.000000000000000E+000 -2.310593751225687E-003   1.00019783657445     
 -2.173494330113966E-002 -2.079843552278921E-002  0.000000000000000E+000
   1.48432697859584     
  1.248068226265642E-002  2.268129049048521E-002  0.000000000000000E+000
  -5.11362236781338      -1.699568523440044E-003 -1.714689524889384E-003
  0.000000000000000E+000 -3.414258048329429E-003   1.00015987906843     
 -3.248566217692991E-002 -3.029877844032686E-002  0.000000000000000E+000
   1.80440785506348     
  1.419429961991825E-002  2.434216187368587E-002  0.000000000000000E+000
  -5.01512836491702      -2.312483355670870E-003 -2.217602402425336E-003
  0.000000000000000E+000 -4.530085758096207E-003   1.00012466096085     
 -4.353902991805085E-002 -3.976516535211173E-002  0.000000000000000E+000
   2.07972166543529     
  1.601361488792574E-002  2.606691124135281E-002  0.000000000000000E+000
  -4.94818459719704      -2.896376195479268E-003 -2.639390126718012E-003
  0.000000000000000E+000 -5.535766322197280E-003   1.00007812941213     
 -5.422169328513607E-002 -4.761521440619389E-002  0.000000000000000E+000
   2.30162907406308     
  1.799565339072173E-002  2.780171742430116E-002  0.000000000000000E+000
  -4.87824372648993      -3.455910483240119E-003 -3.003466841000559E-003
  0.000000000000000E+000 -6.459377324240678E-003   1.00002888032026     
 -6.438703397313304E-002 -5.449854874877515E-002  0.000000000000000E+000
   2.48930973070870     
  2.009007559783660E-002  2.960816297912750E-002  0.000000000000000E+000
  -4.78799127522711      -3.972530808722526E-003 -3.300211913459769E-003
  0.000000000000000E+000 -7.272742722182295E-003  0.999982780352055     
 -7.384738587843431E-002 -6.008627206502287E-002  0.000000000000000E+000
   2.64548906037058     
  2.235822310174784E-002  3.142202494474521E-002  0.000000000000000E+000
  -4.72833541014802      -4.467755064324544E-003 -3.549456038127341E-003
  0.000000000000000E+000 -8.017211102451885E-003  0.999936518849120     
 -8.291292129037209E-002 -6.478585947138893E-002  0.000000000000000E+000
   2.78181263986721     
  2.475097164205420E-002  3.331006025542243E-002  0.000000000000000E+000
  -4.63798306630906      -4.912798934077046E-003 -3.747544570882242E-003
  0.000000000000000E+000 -8.660343504959287E-003  0.999901462817852     
 -9.103989907966020E-002 -6.858887674757852E-002  0.000000000000000E+000
   2.89603407356601     
  2.732553371060575E-002  3.520789227439446E-002  0.000000000000000E+000
  -4.54227232217795      -5.273503234616167E-003 -3.855282045067820E-003
  0.000000000000000E+000 -9.128785279683988E-003  0.999877427498622     
 -9.754913455298689E-002 -7.078443474684458E-002  0.000000000000000E+000
   2.97832182991949     
  3.004143949855176E-002  3.717698010381925E-002  0.000000000000000E+000
  -4.41446033181023      -5.489708993222571E-003 -3.866430432940413E-003
  0.000000000000000E+000 -9.356139426162985E-003  0.999867687930787     
 -0.101375012300397      -7.123887789773686E-002  0.000000000000000E+000
   3.02011602517813     
  3.294506594798641E-002  3.916321447822407E-002  0.000000000000000E+000
  -4.28583349655969      -5.562820075539375E-003 -3.761092838497767E-003
  0.000000000000000E+000 -9.323912914037141E-003  0.999863544454272     
 -0.102601439352823      -6.947987909860751E-002  0.000000000000000E+000
   3.02042792164130     
  3.601062444512038E-002  4.121202403846924E-002  0.000000000000000E+000
  -4.12009748535456      -5.448150486697184E-003 -3.557689027568623E-003
  0.000000000000000E+000 -9.005839514265807E-003  0.999867376038700     
 -0.100297281639304      -6.600032326864658E-002  0.000000000000000E+000
   2.97319112311333     
  3.926803159936587E-002  4.329038172008163E-002  0.000000000000000E+000
  -4.03768533408288      -5.172608959872803E-003 -3.246388089462668E-003
  0.000000000000000E+000 -8.418997049335471E-003  0.999854435857585     
 -9.512817731527312E-002 -6.039667712697382E-002  0.000000000000000E+000
   2.88035443960368     
  4.271133564957319E-002  4.541642506618195E-002  0.000000000000000E+000
  -3.91726209509875      -4.760876549129488E-003 -2.891290175700393E-003
  0.000000000000000E+000 -7.652166724829881E-003  0.999840882661649     
 -8.746481412577276E-002 -5.391920537638487E-002  0.000000000000000E+000
   2.75024520611855     
  4.634900923004337E-002  4.758970502284576E-002  0.000000000000000E+000
  -3.87040336551331      -4.348179912754551E-003 -2.539880100593078E-003
  0.000000000000000E+000 -6.888060013347628E-003  0.999810324795394     
 -7.994501601776044E-002 -4.729120006882234E-002  0.000000000000000E+000
   2.61491185977026     
  5.019957705178091E-002  4.978897567330897E-002  0.000000000000000E+000
  -3.77041376131956      -4.039693708581603E-003 -2.286396105704571E-003
  0.000000000000000E+000 -6.326089814286173E-003  0.999795632086209     
 -7.432053161109639E-002 -4.244408431307026E-002  0.000000000000000E+000
   2.50966663669412     
  5.424543798258119E-002  5.205884839569135E-002  0.000000000000000E+000
  -3.72201014052348      -3.856903658033831E-003 -2.100371724879307E-003
  0.000000000000000E+000 -5.957275382913138E-003  0.999780553097080     
 -7.103022484039026E-002 -3.887088855382020E-002  0.000000000000000E+000
   2.44105251497430     
  5.853393950429830E-002  5.432546487184164E-002  0.000000000000000E+000
  -3.61060757384644      -3.714320260120130E-003 -1.944446562040047E-003
  0.000000000000000E+000 -5.658766822160177E-003  0.999783667563714     
 -6.837586443455559E-002 -3.603706057464183E-002  0.000000000000000E+000
   2.38492742033262     
  6.303378546849947E-002  5.665943247869770E-002  0.000000000000000E+000
  -3.47133275560441      -3.403548108441566E-003 -1.728828935854460E-003
  0.000000000000000E+000 -5.132377044296026E-003  0.999794143292803     
 -6.250034381635103E-002 -3.229187936618733E-002  0.000000000000000E+000
   2.27493108828506     
  6.777483346542001E-002  5.901812249001626E-002  0.000000000000000E+000
  -3.44276519245136      -2.950722367124975E-003 -1.439796115500062E-003
  0.000000000000000E+000 -4.390518482625037E-003  0.999780841813504     
 -5.414940511556335E-002 -2.700047703901317E-002  0.000000000000000E+000
   2.10987353349658     
  7.276120658495611E-002  6.140479821277849E-002  0.000000000000000E+000
  -3.34095921878406      -2.438253423628722E-003 -1.153129686683190E-003
  0.000000000000000E+000 -3.591383110311912E-003  0.999777203257687     
 -4.470404447185965E-002 -2.169378755812182E-002  0.000000000000000E+000
   1.91170862530075     
  7.798701025703636E-002  6.384746541023499E-002  0.000000000000000E+000
  -3.29329116365943      -1.960266766690514E-003 -8.916902481955151E-004
  0.000000000000000E+000 -2.851957014886029E-003  0.999765023157170     
 -3.595084830639782E-002 -1.678752720543180E-002  0.000000000000000E+000
   1.70837760092764     
  8.348794497692369E-002  6.628226949861310E-002  0.000000000000000E+000
  -3.23502163120952      -1.599758227537491E-003 -6.974895379922217E-004
  0.000000000000000E+000 -2.297247765529712E-003  0.999764671215939     
 -2.935840053892004E-002 -1.312956275505741E-002  0.000000000000000E+000
   1.53825944085816     
  8.924823926579473E-002  6.875664231184767E-002  0.000000000000000E+000
  -3.11953106149235      -1.240548532510459E-003 -5.252810840396632E-004
  0.000000000000000E+000 -1.765829616550122E-003  0.999769186988917     
 -2.273147452127272E-002 -9.960553846911328E-003  0.000000000000000E+000
   1.35110988788540     
  9.527434682424984E-002  7.127233162980089E-002  0.000000000000000E+000
  -3.10701287618690      -9.356547476301862E-004 -3.792982603951378E-004
  0.000000000000000E+000 -1.314953008025324E-003  0.999749334217599     
 -1.717486551102817E-002 -7.154763649010545E-003  0.000000000000000E+000
   1.17007660308348     
  0.101599264593903       7.376136354798155E-002  0.000000000000000E+000
  -3.04914432902206      -7.566623308335962E-004 -2.930989428788449E-004
  0.000000000000000E+000 -1.049761273712441E-003  0.999750707557466     
 -1.390295446692016E-002 -5.523233511846627E-003  0.000000000000000E+000
   1.04943870843094     
  0.108204996297669       7.628031738371406E-002  0.000000000000000E+000
  -2.93471436240338      -4.950499408047160E-004 -1.856074694151242E-004
  0.000000000000000E+000 -6.806574102198402E-004  0.999759940928032     
 -9.034078001296922E-003 -3.665255197974447E-003  0.000000000000000E+000
  0.847170400609064     
  0.115100104736922       7.882225996758153E-002  0.000000000000000E+000
  -2.91056619750793      -1.243357641722596E-004 -4.456478182021921E-005
  0.000000000000000E+000 -1.689005459924788E-004  0.999747255762890     
 -2.200842269168312E-003 -1.079081936354319E-003  0.000000000000000E+000
  0.424891264475748     
  0.122308329775291       8.133309909903598E-002  0.000000000000000E+000
  -2.86130450847259       2.064188078242078E-004  7.038574415656517E-005
  0.000000000000000E+000  2.768045519807730E-004  0.999745411507683     
  3.879644473283507E-003  1.092654031541532E-003  0.000000000000000E+000
  0.545036481074645     
  0.129822623133641       8.384109486352034E-002  0.000000000000000E+000
  -2.77682423707415       5.163218169075524E-004  1.688982083577526E-004
  0.000000000000000E+000  6.852200252653050E-004  0.999754055860439     
  9.596886870488201E-003  2.917735469363214E-003  0.000000000000000E+000
  0.859974391458556     
  0.137645784603659       8.634902896078354E-002  0.000000000000000E+000
  -2.72433914297767       7.785529783554013E-004  2.438606424958700E-004
  0.000000000000000E+000  1.022413620851271E-003  0.999751711967635     
  1.441412104361666E-002  4.387957049811565E-003  0.000000000000000E+000
   1.05422071634208     
  0.145786304884145       8.883978467035318E-002  0.000000000000000E+000
  -2.71524976632622       8.885406953292315E-004  2.632311645528396E-004
  0.000000000000000E+000  1.151771859882071E-003  0.999739760783293     
  1.642729858189445E-002  4.848712217390091E-003  0.000000000000000E+000
   1.12446833094835     
  0.154258741196403       9.126835667997982E-002  0.000000000000000E+000
  -2.67139702492750       8.909872702044548E-004  2.492859715454192E-004
  0.000000000000000E+000  1.140273241749874E-003  0.999740277813743     
  1.648140449079377E-002  4.609028183275014E-003  0.000000000000000E+000
   1.12446696566134     
  0.163053473889887       9.366936243119689E-002  0.000000000000000E+000
  -2.59403944712108       9.239623683871091E-004  2.457891508481382E-004
  0.000000000000000E+000  1.169751519235247E-003  0.999747432661945     
  1.711313151209169E-002  4.499920752201222E-003  0.000000000000000E+000
   1.14373551263062     
  0.172173982757404       9.603247564546623E-002  0.000000000000000E+000
  -2.54884333769996       1.010423173769644E-003  2.546192348367595E-004
  0.000000000000000E+000  1.265042408606403E-003  0.999746997363159     
  1.872301322739062E-002  4.670983897207501E-003  0.000000000000000E+000
   1.19477534936200     
  0.181622700146665       9.834694345664204E-002  0.000000000000000E+000
  -2.52577651873594       1.042587296004934E-003  2.459137008725658E-004
  0.000000000000000E+000  1.288500996877500E-003  0.999742704654749     
  1.932150887624834E-002  4.568508857292557E-003  0.000000000000000E+000
   1.21243750803190     
  0.191408481281785       0.100566920969150       0.000000000000000E+000
  -2.48126746843241       1.000610703786965E-003  2.192912057849209E-004
  0.000000000000000E+000  1.219901909571886E-003  0.999743353434830     
  1.855864956013489E-002  4.087094224864368E-003  0.000000000000000E+000
   1.18672579729538     
  0.201524401703617       0.102706535324255       0.000000000000000E+000
  -2.41233916715055       9.712555582730911E-004  1.983889280986239E-004
  0.000000000000000E+000  1.169644486371715E-003  0.999749087860523     
  1.803183603604749E-002  3.680832908448394E-003  0.000000000000000E+000
   1.16829973823135     
  0.211966985743580       0.104764294601578       0.000000000000000E+000
  -2.36374019779464       9.646135524494780E-004  1.830046462688373E-004
  0.000000000000000E+000  1.147618198718315E-003  0.999751437571116     
  1.791966487195136E-002  3.403813887449404E-003  0.000000000000000E+000
   1.16351263898392     
  0.222733822737104       0.106728384602269       0.000000000000000E+000
  -2.31769464798003       9.383820548739309E-004  1.642226036698362E-004
  0.000000000000000E+000  1.102604658543767E-003  0.999753698309389     
  1.744200870396046E-002  3.070142828660685E-003  0.000000000000000E+000
   1.14689352985245     
  0.233821110527380       0.108586896539823       0.000000000000000E+000
  -2.27252793503521       8.883349334380374E-004  1.422294071456977E-004
  0.000000000000000E+000  1.030564340583735E-003  0.999756169925205     
  1.652053647570145E-002  2.676975797662554E-003  0.000000000000000E+000
   1.11528812872324     
  0.245223715027843       0.110327156937690       0.000000000000000E+000
  -2.23904261923349       7.852385348402403E-004  1.127881137426095E-004
  0.000000000000000E+000  8.980266485828498E-004  0.999757056281118     
  1.460788403471130E-002  2.168688590564557E-003  0.000000000000000E+000
   1.04803829129625     
  0.256938939632838       0.111904976619564       0.000000000000000E+000
  -2.18435252699624       6.099562040614032E-004  7.758416722102001E-005
  0.000000000000000E+000  6.875403712824233E-004  0.999762269597674     
  1.135035019992882E-002  1.535312924541632E-003  0.000000000000000E+000
  0.923273440655145     
  0.268953043206634       0.113343420909289       0.000000000000000E+000
  -2.11757003098410       4.174789887692887E-004  4.684031935917040E-005
  0.000000000000000E+000  4.643193081284591E-004  0.999769950752045     
  7.770972348538392E-003  9.540997442610607E-004  0.000000000000000E+000
  0.763531533332220     
  0.281256350040147       0.114631332684262       0.000000000000000E+000
  -2.06882259937424       2.439144424655664E-004  2.368679708826463E-005
  0.000000000000000E+000  2.676012395538311E-004  0.999774918121844     
  4.540152354147163E-003  5.154140333861137E-004  0.000000000000000E+000
  0.583418560195680     
  0.293837661680303       0.115758004221215       0.000000000000000E+000
  -2.01745778798795       8.904738457454665E-005  7.297834805470459E-006
  0.000000000000000E+000  9.634521938001711E-005  0.999780627233579     
  1.655477121071652E-003  1.985844105669336E-004  0.000000000000000E+000
  0.352481203171148     
  0.306684271886264       0.116713296861924       0.000000000000000E+000
  -1.96355928433900      -4.166759659869701E-005 -2.780880942891251E-006
  0.000000000000000E+000 -4.444847754158826E-005  0.999786953734602     
 -7.806048951005583E-004 -5.307993994774031E-007  0.000000000000000E+000
  0.241203889058883     
  0.319781997853375       0.117487759464701       0.000000000000000E+000
  -1.90889311977321      -1.514074960163256E-004 -7.797591365861147E-006
  0.000000000000000E+000 -1.592050873821867E-004  0.999793667424106     
 -2.826452847275014E-003 -1.025163455645127E-004  0.000000000000000E+000
  0.459149754967486     
  0.333115228139865       0.118072743118733       0.000000000000000E+000
  -1.85527008651684      -2.469782549443377E-004 -8.951599570303814E-006
  0.000000000000000E+000 -2.559298545146415E-004  0.999800544017561     
 -4.608069612981542E-003 -1.288962486961200E-004  0.000000000000000E+000
  0.586177187210808     
  0.346666987346685       0.118460509682972       0.000000000000000E+000
  -1.80177880065003      -3.337876121213905E-004 -7.007034176889653E-006
  0.000000000000000E+000 -3.407946462982801E-004  0.999807291401642     
 -6.225389781883013E-003 -9.512046685097883E-005  0.000000000000000E+000
  0.681170717830570     
  0.360419017220480       0.118644331852680       0.000000000000000E+000
  -1.75358814957440      -4.301944031599050E-004 -2.188349350883459E-006
  0.000000000000000E+000 -4.323827525107885E-004  0.999813228996664     
 -8.019802254394158E-003  4.588607153094583E-006  0.000000000000000E+000
  0.772957461883155     
  0.374351657536118       0.118599735812830       0.000000000000000E+000
  -1.70008052369553      -5.401392379441368E-004  5.825084291806984E-006
  0.000000000000000E+000 -5.459643222359438E-004  0.999820428888991     
 -1.006354494950566E-002  1.506361285057274E-004  0.000000000000000E+000
  0.865702237086865     
  0.388443975093159       0.118340734081514       0.000000000000000E+000
  -1.63801021763084      -6.242811991733535E-004  1.592532346449872E-005
  0.000000000000000E+000 -6.402065226378522E-004  0.999829194995275     
 -1.162403351591165E-002  3.190864500938210E-004  0.000000000000000E+000
  0.930255273030925     
  0.402674927308451       0.117876042855627       0.000000000000000E+000
  -1.56404220304171      -6.633390862014816E-004  2.528452865386092E-005
  0.000000000000000E+000 -6.886236148553425E-004  0.999840283907185     
 -1.234423777769967E-002  4.756726150797299E-004  0.000000000000000E+000
  0.958543083588513     
  0.417024826793957       0.117250480630193       0.000000000000000E+000
  -1.48360343514923      -6.507796936357128E-004  3.138718358770431E-005
  0.000000000000000E+000 -6.821668772234171E-004  0.999852728072032     
 -1.210536813338105E-002  5.679014485100414E-004  0.000000000000000E+000
  0.949171866209262     
  0.431473419276523       0.116486438727998       0.000000000000000E+000
  -1.41615923178529      -5.813639398093460E-004  3.328907324818231E-005
  0.000000000000000E+000 -6.146530130575283E-004  0.999862887374282     
 -1.081035030378696E-002  5.848329039179966E-004  0.000000000000000E+000
  0.896932574599504     
  0.445999530522357       0.115590841704079       0.000000000000000E+000
  -1.35865379324719      -4.736986868346851E-004  3.124667420424143E-005
  0.000000000000000E+000 -5.049453610389265E-004  0.999871240383495     
 -8.805388833937547E-003  5.358443565304340E-004  0.000000000000000E+000
  0.809464696448735     
  0.460581378532824       0.114565942490363       0.000000000000000E+000
  -1.30525000786429      -3.454987908750271E-004  2.574719582940742E-005
  0.000000000000000E+000 -3.712459867044345E-004  0.999878957398714     
 -6.420382311301613E-003  4.291350158734418E-004  0.000000000000000E+000
  0.691155196890840     
  0.475196894420534       0.113414659712623       0.000000000000000E+000
  -1.25310573769480      -2.085406207137337E-004  1.729473198560160E-005
  0.000000000000000E+000 -2.258353526993353E-004  0.999886710883855     
 -3.875009108634450E-003  2.705110977658753E-004  0.000000000000000E+000
  0.536850654870452     
  0.489823853955360       0.112140551511644       0.000000000000000E+000
  -1.20187326979635      -6.884696583130366E-005  6.278211527575221E-006
  0.000000000000000E+000 -7.512517735887888E-005  0.999894579373720     
 -1.281700057784244E-003  6.607083026970322E-005  0.000000000000000E+000
  0.308489678604224     
  0.504440010627111       0.110747783062385       0.000000000000000E+000
  -1.15181943668131       6.886666062022713E-005 -6.838257793135425E-006
  0.000000000000000E+000  7.570491841336255E-005  0.999902646683101     
  1.271866856505428E-003 -1.747995480634092E-004  0.000000000000000E+000
  0.308443125363924     
  0.519023228609707       0.109241088340407       0.000000000000000E+000
  -1.10525739368541       1.966893276481422E-004 -2.109395696059732E-005
  0.000000000000000E+000  2.177832846087395E-004  0.999910470287460     
  3.639055019478712E-003 -4.341139842978314E-004  0.000000000000000E+000
  0.520964121318303     
  0.533551614012321       0.107625726758251       0.000000000000000E+000
  -1.06137524280280       3.103914539979098E-004 -3.570572894016448E-005
  0.000000000000000E+000  3.460971829380743E-004  0.999917982597464     
  5.741569463148535E-003 -6.993466940729194E-004  0.000000000000000E+000
  0.654250591286323     
  0.548003642835214       0.105907435350924       0.000000000000000E+000
  -1.01918405478500       4.099478965216030E-004 -5.032656658995396E-005
  0.000000000000000E+000  4.602744631115569E-004  0.999925362835942     
  7.579228290413785E-003 -9.639354969463154E-004  0.000000000000000E+000
  0.751667050810095     
  0.562357914367911       0.104089548332321       0.000000000000000E+000
 -0.980789362306723       4.938673970681905E-004 -6.449731183264982E-005
  0.000000000000000E+000  5.583647089008404E-004  0.999932177242214     
  9.124452834086454E-003 -1.220085731594542E-003  0.000000000000000E+000
  0.824751796569649     
  0.576593301183164       0.102174001558003       0.000000000000000E+000
 -0.941367947875960       5.673645597592405E-004 -7.839400540183112E-005
  0.000000000000000E+000  6.457585651610716E-004  0.999939211220730     
  1.047397148685714E-002 -1.474592307157290E-003  0.000000000000000E+000
  0.883695369410547     
  0.590691007540851       0.100175015366927       0.000000000000000E+000
 -0.900489258238167       6.448813786063267E-004 -9.371606167091670E-005
  0.000000000000000E+000  7.385974402772434E-004  0.999946550547162     
  1.189488677156801E-002 -1.759631633276249E-003  0.000000000000000E+000
  0.941824012846805     
  0.604632152620243       9.809968326704964E-002  0.000000000000000E+000
 -0.864271802719259       7.287752557254519E-004 -1.109988075759114E-004
  0.000000000000000E+000  8.397740633013632E-004  0.999953074849644     
  1.343111312342028E-002 -2.077847463853387E-003  0.000000000000000E+000
   1.00088101076858     
  0.618398767356870       9.595530459748400E-002  0.000000000000000E+000
 -0.829275134287400       8.113673860555390E-004 -1.291110273852281E-004
  0.000000000000000E+000  9.404784134407671E-004  0.999959378968708     
  1.494084960335471E-002 -2.408688813177357E-003  0.000000000000000E+000
   1.05571818582571     
  0.631973875204954       9.374932557357482E-002  0.000000000000000E+000
 -0.794615764145419       8.912846751679282E-004 -1.477556831757316E-004
  0.000000000000000E+000  1.039040358343660E-003  0.999965622976655     
  1.639853350592984E-002 -2.748868699357672E-003  0.000000000000000E+000
   1.10611206532740     
  0.645341561711325       9.148928086499748E-002  0.000000000000000E+000
 -0.763102624875273       9.664835878926200E-004 -1.664855273042437E-004
  0.000000000000000E+000  1.132969115196864E-003  0.999971285625936     
  1.776692835471391E-002 -3.088882941742622E-003  0.000000000000000E+000
   1.15143128885510     
  0.658487032460470       8.918273632689959E-002  0.000000000000000E+000
 -0.731720985853144       1.036088551264123E-003 -1.850126704914585E-004
  0.000000000000000E+000  1.221101221755581E-003  0.999976909755561     
  1.902985516647050E-002 -3.425373103082248E-003  0.000000000000000E+000
   1.19175701157106     
  0.671396659147174       8.683723345429874E-002  0.000000000000000E+000
 -0.700160574878055       1.099606670615230E-003 -2.031234290035546E-004
  0.000000000000000E+000  1.302730099618784E-003  0.999982547467434     
  2.017921867593488E-002 -3.750403660958877E-003  0.000000000000000E+000
   1.22731075966076     
  0.684057926817920       8.445978176828073E-002  0.000000000000000E+000
 -0.675164215054792       1.145343782307301E-003 -2.190762122108192E-004
  0.000000000000000E+000  1.364419994518121E-003  0.999986992707826     
  2.099893241502459E-002 -4.030562527922157E-003  0.000000000000000E+000
   1.25205811186834     
  0.696457009756855       8.204455059641663E-002  0.000000000000000E+000
 -0.650553015328342       1.170975155602159E-003 -2.314393521636174E-004
  0.000000000000000E+000  1.402414507765776E-003  0.999991355966816     
  2.144772804821265E-002 -4.249328195067464E-003  0.000000000000000E+000
   1.26546585431742     
  0.708586470077838       7.961241839177066E-002  0.000000000000000E+000
 -0.621848378937329       1.199976830025277E-003 -2.439324120495277E-004
  0.000000000000000E+000  1.443909242074804E-003  0.999996439103480     
  2.195776794695140E-002 -4.479842156340666E-003  0.000000000000000E+000
   1.28057966593053     
  0.720437589293776       7.717038565345311E-002  0.000000000000000E+000
 -0.597422422546288       1.242114511879461E-003 -2.592743494788459E-004
  0.000000000000000E+000  1.501388861358307E-003   1.00000074541720     
  2.270734723545413E-002 -4.760311434139742E-003  0.000000000000000E+000
   1.30239439115787     
  0.732002874789943       7.472519948394538E-002  0.000000000000000E+000
 -0.574934074299335       1.286092202429001E-003 -2.752390574802616E-004
  0.000000000000000E+000  1.561331259909262E-003   1.00000468751649     
  2.349013303682872E-002 -5.047245960624847E-003  0.000000000000000E+000
   1.32476253251425     
  0.743276039700671       7.228331675834701E-002  0.000000000000000E+000
 -0.549006972098141       1.327899081341216E-003 -2.910821003748534E-004
  0.000000000000000E+000  1.618981181716069E-003   1.00000922746646     
  2.423195785584583E-002 -5.329581168089866E-003  0.000000000000000E+000
   1.34561636004996     
  0.754251516276834       6.984883772104880E-002  0.000000000000000E+000
 -0.527709863798236       1.358316263842820E-003 -3.055150728449904E-004
  0.000000000000000E+000  1.663831336687810E-003   1.00001293981240     
  2.476240193768998E-002 -5.579759245017281E-003  0.000000000000000E+000
   1.36032831544422     
  0.764922479079319       6.741537439328085E-002  0.000000000000000E+000
 -0.509244558448700       1.371044998996449E-003 -3.158417216193713E-004
  0.000000000000000E+000  1.686886720615820E-003   1.00001614377335     
  2.496970445444817E-002 -5.757583072674047E-003  0.000000000000000E+000
   1.36608941555254     
  0.775289286491162       6.500305435059497E-002  0.000000000000000E+000
 -0.486771958278723       1.383594287532398E-003 -3.250410786646963E-004
  0.000000000000000E+000  1.708635366197094E-003   1.00002004801721     
  2.517547386123381E-002 -5.924784435012390E-003  0.000000000000000E+000
   1.37184500332785     
  0.785350147713937       6.261697999386603E-002  0.000000000000000E+000
 -0.464795845723302       1.413157429139843E-003 -3.381716137480021E-004
  0.000000000000000E+000  1.751329042887845E-003   1.00002385160481     
  2.568985990167002E-002 -6.166696313035808E-003  0.000000000000000E+000
   1.38594715125890     
  0.795104265278641       6.026184502753028E-002  0.000000000000000E+000
 -0.447903743149027       1.449737814009470E-003 -3.539002486653116E-004
  0.000000000000000E+000  1.803638062674781E-003   1.00002676267248     
  2.632982037248000E-002 -6.445473927865059E-003  0.000000000000000E+000
   1.40319864821643     
  0.804549046001778       5.793099190110072E-002  0.000000000000000E+000
 -0.433802257658726       1.476070375990620E-003 -3.676978079689781E-004
  0.000000000000000E+000  1.843768183959598E-003   1.00002918853116     
  2.678194113891966E-002 -6.683431384841470E-003  0.000000000000000E+000
   1.41525499129293     
  0.813686640280770       5.563348310234283E-002  0.000000000000000E+000
 -0.416528380120553       1.495713888741195E-003 -3.788552017982193E-004
  0.000000000000000E+000  1.874569090539414E-003   1.00003216697142     
  2.711479796940958E-002 -6.880767896645244E-003  0.000000000000000E+000
   1.42412557041083     
  0.822520515931278       5.337940905212880E-002  0.000000000000000E+000
 -0.396849735865771       1.520556782222034E-003 -3.906839191774231E-004
  0.000000000000000E+000  1.911240701399457E-003   1.00003556692746     
  2.754393380379228E-002 -7.092536864177450E-003  0.000000000000000E+000
   1.43546494114549     
  0.831053279521718       5.117184391432711E-002  0.000000000000000E+000
 -0.382011510605480       1.543681068276224E-003 -4.035487130263035E-004
  0.000000000000000E+000  1.947229781302528E-003   1.00003809933332     
  2.793700747886646E-002 -7.313828184132587E-003  0.000000000000000E+000
   1.44573291293235     
  0.839284046798224       4.899781436490785E-002  0.000000000000000E+000
 -0.371029104594754       1.552838427582384E-003 -4.127850996004257E-004
  0.000000000000000E+000  1.965623527182810E-003   1.00003993353916     
  2.807718756369487E-002 -7.466984413762425E-003  0.000000000000000E+000
   1.44939608935451     
  0.847220555042184       4.687458431648927E-002  0.000000000000000E+000
 -0.357273577392561       1.555181015003776E-003 -4.183740652900890E-004
  0.000000000000000E+000  1.973555080293865E-003   1.00004224671787     
  2.810038322418670E-002 -7.562594878206872E-003  0.000000000000000E+000
   1.45007954368781     
  0.854867769317858       4.480585355348144E-002  0.000000000000000E+000
 -0.344272098056763       1.557481547992923E-003 -4.248041879719012E-004
  0.000000000000000E+000  1.982285735964824E-003   1.00004442044273     
  2.811874285735472E-002 -7.671731082776218E-003  0.000000000000000E+000
   1.45063313539916     
  0.862227574961843       4.278197553576788E-002  0.000000000000000E+000
 -0.331694788442519       1.557899257221275E-003 -4.311337047793813E-004
  0.000000000000000E+000  1.989032962000656E-003   1.00004651668177     
  2.810064008548060E-002 -7.778312986305974E-003  0.000000000000000E+000
   1.45024047306224     
  0.869306984750208       4.081036494176526E-002  0.000000000000000E+000
 -0.316858186933132       1.561951533204652E-003 -4.369049700692622E-004
  0.000000000000000E+000  1.998856503273914E-003   1.00004899776212     
  2.815352466725058E-002 -7.881842716503626E-003  0.000000000000000E+000
   1.45171482502620     
  0.876113524273209       3.889811052339501E-002  0.000000000000000E+000
 -0.303750655278009       1.573408949355971E-003 -4.454112008128987E-004
  0.000000000000000E+000  2.018820150168870E-003   1.00005117426797     
  2.833694281552192E-002 -8.032397800321396E-003  0.000000000000000E+000
   1.45653814029752     
  0.882649869949307       3.703368575641169E-002  0.000000000000000E+000
 -0.294122461805955       1.584461107625721E-003 -4.541796037878155E-004
  0.000000000000000E+000  2.038640711413536E-003   1.00005275122119     
  2.851259302005677E-002 -8.180474127944828E-003  0.000000000000000E+000
   1.46109265977590     
  0.888924831087416       3.522611387352755E-002  0.000000000000000E+000
 -0.283546518616959       1.591162629358396E-003 -4.599868427035225E-004
  0.000000000000000E+000  2.051149472061919E-003   1.00005446798813     
  2.861779012286259E-002 -8.277875661358685E-003  0.000000000000000E+000
   1.46383486159198     
  0.894946141762811       3.347918774144930E-002  0.000000000000000E+000
 -0.274598477906238       1.593520011128312E-003 -4.659563526030482E-004
  0.000000000000000E+000  2.059476363731360E-003   1.00005588951898     
  2.863840491170004E-002 -8.374565025890755E-003  0.000000000000000E+000
   1.46440101519197     
  0.900716477088310       3.177866893172925E-002  0.000000000000000E+000
 -0.265739413192023       1.588075037265721E-003 -4.692212925934369E-004
  0.000000000000000E+000  2.057296329859158E-003   1.00005730064421     
  2.852058809634464E-002 -8.421662286482390E-003  0.000000000000000E+000
   1.46140314201950     
  0.906247468045366       3.014017748049783E-002  0.000000000000000E+000
 -0.255154635495501       1.577475081107945E-003 -4.697836261690359E-004
  0.000000000000000E+000  2.047258707276981E-003   1.00005899612850     
  2.831517413093621E-002 -8.424627297677222E-003  0.000000000000000E+000
   1.45617427741572     
  0.911543655973359       2.855457872398600E-002  0.000000000000000E+000
 -0.246306275658526       1.566914073566821E-003 -4.711532655384320E-004
  0.000000000000000E+000  2.038067339105253E-003   1.00006038997642     
  2.810529802011261E-002 -8.443532771076595E-003  0.000000000000000E+000
   1.45082501526145     
  0.916612892154485       2.702366676737863E-002  0.000000000000000E+000
 -0.237141133618024       1.558269016555281E-003 -4.719553908819841E-004
  0.000000000000000E+000  2.030224407437265E-003   1.00006182197860     
  2.793481099005467E-002 -8.454965059645360E-003  0.000000000000000E+000
   1.44648194282901     
  0.921463494423029       2.555029530093469E-002  0.000000000000000E+000
 -0.229560113121352       1.548807909626120E-003 -4.731696802614631E-004
  0.000000000000000E+000  2.021977589887583E-003   1.00006297254730     
  2.774810987599729E-002 -8.466988591955870E-003  0.000000000000000E+000
   1.44166068031052     
  0.926100214920753       2.412556976570594E-002  0.000000000000000E+000
 -0.221495776590700       1.534608468287164E-003 -4.721327422775725E-004
  0.000000000000000E+000  2.006741210564736E-003   1.00006419481996     
  2.748006477405572E-002 -8.439504355433811E-003  0.000000000000000E+000
   1.43468820848101     
  0.930533728209394       2.275982291870194E-002  0.000000000000000E+000
 -0.214384679493833       1.515152966194003E-003 -4.696689650197182E-004
  0.000000000000000E+000  1.984821931213721E-003   1.00006525297236     
  2.711799550510637E-002 -8.383577646645010E-003  0.000000000000000E+000
   1.42519868720337     
  0.934767263589124       2.143929465905546E-002  0.000000000000000E+000
 -0.207438378927463       1.488138129713452E-003 -4.646169878686109E-004
  0.000000000000000E+000  1.952755117582063E-003   1.00006628259780     
  2.662174198356653E-002 -8.279821858377447E-003  0.000000000000000E+000
   1.41206035236484     
  0.938811787298329       2.017532686980616E-002  0.000000000000000E+000
 -0.200301182198928       1.453312949741067E-003 -4.564996293274930E-004
  0.000000000000000E+000  1.909812579068560E-003   1.00006735415740     
  2.598954577564555E-002 -8.121328700380520E-003  0.000000000000000E+000
   1.39515284917840     
  0.942671223445317       1.895684736696353E-002  0.000000000000000E+000
 -0.193692796824735       1.411129067523296E-003 -4.460780918540346E-004
  0.000000000000000E+000  1.857207159377330E-003   1.00006834787269     
  2.522525532170294E-002 -7.921331277709708E-003  0.000000000000000E+000
   1.37442592803529     
  0.946355060862811       1.779083441290907E-002  0.000000000000000E+000
 -0.186818665851888       1.361961925322045E-003 -4.329803239724673E-004
  0.000000000000000E+000  1.794942249294512E-003   1.00006936493122     
  2.433885100965930E-002 -7.673966572684238E-003  0.000000000000000E+000
   1.34999841476800     
  0.949867926602981       1.666915774305359E-002  0.000000000000000E+000
 -0.180435017261743       1.308657486195443E-003 -4.183743327937437E-004
  0.000000000000000E+000  1.727031818989187E-003   1.00007022887924     
  2.337762041372078E-002 -7.404439458763106E-003  0.000000000000000E+000
   1.32303148573420     
  0.953218437815019       1.559667123856959E-002  0.000000000000000E+000
 -0.174131204924379       1.255749936809627E-003 -4.035831855043038E-004
  0.000000000000000E+000  1.659333122313931E-003   1.00007099996655     
  2.242333807245397E-002 -7.137855385994821E-003  0.000000000000000E+000
   1.29576049544697     
  0.956411300581948       1.456637329918481E-002  0.000000000000000E+000
 -0.167944866192784       1.207213232724330E-003 -3.898999198157060E-004
  0.000000000000000E+000  1.597113152540036E-003   1.00007170076864     
  2.154692944346634E-002 -6.895084278728090E-003  0.000000000000000E+000
   1.27022602999189     
  0.959454686078606       1.358253981383462E-002  0.000000000000000E+000
 -0.162070588905635       1.163887695087023E-003 -3.777501343206861E-004
  0.000000000000000E+000  1.541637829407709E-003   1.00007230699380     
  2.076447685848236E-002 -6.679508741221783E-003  0.000000000000000E+000
   1.24699528163282     
  0.962352958592379       1.263811973746066E-002  0.000000000000000E+000
 -0.156091269526996       1.126225293780645E-003 -3.671097613968117E-004
  0.000000000000000E+000  1.493335055177456E-003   1.00007287742794     
  2.008336160206572E-002 -6.493954929507136E-003  0.000000000000000E+000
   1.22643935093642     
  0.965114107571897       1.173776400680617E-002  0.000000000000000E+000
 -0.150343185440306       1.094798157081703E-003 -3.584791423097277E-004
  0.000000000000000E+000  1.453277299391430E-003   1.00007339294064     
  1.951364790873553E-002 -6.344336532489248E-003  0.000000000000000E+000
   1.20899915195720     
  0.967741912691418       1.087372884708337E-002  0.000000000000000E+000
 -0.144441498400056       1.070002035379263E-003 -3.518183052529645E-004
  0.000000000000000E+000  1.421820340632227E-003   1.00007391045307     
  1.906173091825156E-002 -6.232767131788964E-003  0.000000000000000E+000
   1.19502014281364     
  0.970244136213279       1.005098553011847E-002  0.000000000000000E+000
 -0.138578706732915       1.051956247993682E-003 -3.471905001707343E-004
  0.000000000000000E+000  1.399146748164416E-003   1.00007442603987     
  1.873140226909939E-002 -6.157217101306846E-003  0.000000000000000E+000
   1.18473213479152     
  0.972624391238569       9.262435230447409E-003  0.000000000000000E+000
 -0.133151181397807       1.040118576416343E-003 -3.447005108124281E-004
  0.000000000000000E+000  1.384819087228771E-003   1.00007488312557     
  1.851041161911594E-002 -6.120324511012422E-003  0.000000000000000E+000
   1.17783739446190     
  0.974889567082758       8.511464795911611E-003  0.000000000000000E+000
 -0.127161931158071       1.034255857898478E-003 -3.437819053825003E-004
  0.000000000000000E+000  1.378037763280978E-003   1.00007546084282     
  1.839800340133704E-002 -6.112310625232226E-003  0.000000000000000E+000
   1.17438188547979     
  0.977043743041470       7.793543921573009E-003  0.000000000000000E+000
 -0.121486934507402       1.032992566225928E-003 -3.446501100033644E-004
  0.000000000000000E+000  1.377642676229292E-003   1.00007605181611     
  1.836738933801219E-002 -6.130791670491400E-003  0.000000000000000E+000
   1.17347552428269     
  0.979092499624146       7.109213951586838E-003  0.000000000000000E+000
 -0.115658110120194       1.035095954129125E-003 -3.462719912435301E-004
  0.000000000000000E+000  1.381367945372655E-003   1.00007672650290     
  1.839768118316844E-002 -6.166206719951500E-003  0.000000000000000E+000
   1.17454667295869     
  0.981040412003663       6.456571309978007E-003  0.000000000000000E+000
 -0.110968438546024       1.041719420743148E-003 -3.496641969018720E-004
  0.000000000000000E+000  1.391383617645020E-003   1.00007726050121     
  1.850615708984998E-002 -6.234794833956186E-003  0.000000000000000E+000
   1.17813019444042     
  0.982891947157505       5.833935565282952E-003  0.000000000000000E+000
 -0.105734087436531       1.055345470188757E-003 -3.551025822909157E-004
  0.000000000000000E+000  1.410448052479672E-003   1.00007783444844     
  1.873719582549857E-002 -6.350368733446708E-003  0.000000000000000E+000
   1.18569078073974     
  0.984651967760095       5.241361940622983E-003  0.000000000000000E+000
 -0.100990404863524       1.079442604606834E-003 -3.643005506695119E-004
  0.000000000000000E+000  1.443743155276346E-003   1.00007828396266     
  1.915004845243954E-002 -6.541359569216629E-003  0.000000000000000E+000
   1.19900421324568     
  0.986324073484050       4.675688102940933E-003  0.000000000000000E+000
 -9.585649997461587E-002  1.118321170118414E-003 -3.783247478742227E-004
  0.000000000000000E+000  1.496645917992637E-003   1.00007874310992     
  1.982053103177940E-002 -6.834705769421114E-003  0.000000000000000E+000
   1.22028286919896     
  0.987913151962970       4.138102405654422E-003  0.000000000000000E+000
 -9.122673999149811E-002  1.177437202922970E-003 -3.993335703974712E-004
  0.000000000000000E+000  1.576770773320441E-003   1.00007906636793     
  2.084366977566132E-002 -7.270073588801833E-003  0.000000000000000E+000
   1.25200467761510     
  0.989422284346865       3.624972708483789E-003  0.000000000000000E+000
 -8.693542236937901E-002  1.261847650898621E-003 -4.290827304685513E-004
  0.000000000000000E+000  1.690930381367172E-003   1.00007928551965     
  2.230790635002058E-002 -7.880099150764396E-003  0.000000000000000E+000
   1.29597018512593     
  0.990855986116638       3.137404434411224E-003  0.000000000000000E+000
 -8.267386691704814E-002  1.378070856337050E-003 -4.694727263135343E-004
  0.000000000000000E+000  1.847543582650584E-003   1.00007940345277     
  2.432778231461374E-002 -8.709355277973018E-003  0.000000000000000E+000
   1.35427453835066     
  0.992217346477003       2.672802303082331E-003  0.000000000000000E+000
 -7.908815736004726E-002  1.534449478229957E-003 -5.239203735889763E-004
  0.000000000000000E+000  2.058369851818933E-003   1.00007940236580     
  2.704610216793285E-002 -9.821909438873639E-003  0.000000000000000E+000
   1.42895221574547     
  0.993510174322061       2.231164727309214E-003  0.000000000000000E+000
 -7.639298449430498E-002  1.738110150125269E-003 -5.945495364610156E-004
  0.000000000000000E+000  2.332659686586284E-003   1.00007946635112     
  3.059042109860040E-002 -1.125901985804366E-002  0.000000000000000E+000
   1.52077195152087     
  0.994737525725376       1.810755225233402E-003  0.000000000000000E+000
 -7.513685578396689E-002  1.994955422281169E-003 -6.836840348772511E-004
  0.000000000000000E+000  2.678639457158420E-003   1.00007952368956     
  3.506440934480008E-002 -1.305833145347463E-002  0.000000000000000E+000
   1.62919417463026     
  0.995902771433444       1.411209649882540E-003  0.000000000000000E+000
 -7.418228446681496E-002  2.312912395918465E-003 -7.940754861056642E-004
  0.000000000000000E+000  3.106987882024129E-003   1.00007985760037     
  4.060169195423227E-002 -1.528927353017185E-002  0.000000000000000E+000
   1.75416607958934     
  0.997008737262081       1.031015434896345E-003  0.000000000000000E+000
 -7.395661432155975E-002  2.703065367875495E-003 -9.296864534020362E-004
  0.000000000000000E+000  3.632751821277531E-003   1.00008052739507     
  4.739230711989070E-002 -1.803701694486794E-002  0.000000000000000E+000
   1.89628257753447     
  0.998058487802895       6.697802340236996E-004  0.000000000000000E+000
 -7.611089984015962E-002  3.178995464408330E-003 -1.094868453142990E-003
  0.000000000000000E+000  4.273863917551321E-003   1.00008107162590     
  5.567480669686535E-002 -2.139252006248813E-002  0.000000000000000E+000
   2.05643118965778     
  0.999054695653817       3.263822780710836E-004  0.000000000000000E+000
 -8.515139972064389E-002  3.740545349848109E-003 -1.290424040641893E-003
  0.000000000000000E+000  5.030969390490002E-003   1.00008208826643     
  6.546571059991838E-002 -2.529667385766173E-002  0.000000000000000E+000
   2.23055230463754     
   1.00000000000000      -1.665324653670056E-017  0.000000000000000E+000
 -3.421139474312440E-002  4.466508471054793E-003 -7.919473183604956E-004
  0.000000000000000E+000  5.258455789415288E-003   1.00009194695945     
  7.853363547511072E-002 -4.212893408100694E-002  0.000000000000000E+000
   2.57563791356481     
