 variables = "X","Y","Z","Cp","Cfx","Cfy","Cfz","Cf","T","u","v","w","yplus"
 zone i=         151
   1.00000000000000       1.665324653670056E-017  0.000000000000000E+000
 -8.185271248748904E-003  1.021453886149639E-002 -2.792879190191306E-004
  0.000000000000000E+000  1.049382678051552E-002   1.00017029388671     
  0.193350198551190      -2.811684118151417E-002  0.000000000000000E+000
   3.85208937797215     
  0.999001425599671       5.447267690042997E-005  0.000000000000000E+000
  1.176810069409839E-004  9.934904564173922E-003 -5.411613358099886E-004
  0.000000000000000E+000  1.047606589998391E-002   1.00018571855982     
  0.186092297507300      -8.327628897374775E-003  0.000000000000000E+000
   3.73455426840632     
  0.997949997818270       1.116616879644300E-004  0.000000000000000E+000
  5.917833490229896E-003  9.583007298436313E-003 -5.203626437061854E-004
  0.000000000000000E+000  1.010336994214250E-002   1.00018544310952     
  0.179482423333450      -8.373182445747014E-003  0.000000000000000E+000
   3.66781697740983     
  0.996843037128316       1.716701774105140E-004  0.000000000000000E+000
  1.652406414859797E-002  9.299439620489935E-003 -5.035341613908758E-004
  0.000000000000000E+000  9.802973781880811E-003   1.00018644270850     
  0.174158368591581      -8.365946002079978E-003  0.000000000000000E+000
   3.61315283287360     
  0.995677746198344       2.346938777538863E-004  0.000000000000000E+000
  2.723671655030557E-002  9.065517380679042E-003 -4.894168938510700E-004
  0.000000000000000E+000  9.554934274530113E-003   1.00018757735319     
  0.169767999759729      -8.332116484018217E-003  0.000000000000000E+000
   3.56743752742579     
  0.994451193364049       3.007928008083059E-004  0.000000000000000E+000
  3.699635319367189E-002  8.869939867645013E-003 -4.771541397588410E-004
  0.000000000000000E+000  9.347094007403854E-003   1.00018856011320     
  0.166099532727116      -8.263656467272101E-003  0.000000000000000E+000
   3.52877116697732     
  0.993160320569400       3.701124539357903E-004  0.000000000000000E+000
  4.774387493603172E-002  8.699119888829579E-003 -4.663966813573956E-004
  0.000000000000000E+000  9.165516570186974E-003   1.00018957377105     
  0.162898114538138      -8.155373991446377E-003  0.000000000000000E+000
   3.49465527504300     
  0.991801936040528       4.428260084685768E-004  0.000000000000000E+000
  5.988857176816964E-002  8.540515877844625E-003 -4.561693227869497E-004
  0.000000000000000E+000  8.996685200631575E-003   1.00019060594373     
  0.159927576225285      -8.019369110556574E-003  0.000000000000000E+000
   3.46268474977252     
  0.990372703239448       5.189985854962523E-004  0.000000000000000E+000
  7.201561233364373E-002  8.388826214144156E-003 -4.462427246600667E-004
  0.000000000000000E+000  8.835068938804223E-003   1.00019158576897     
  0.157086880985099      -7.883252144508591E-003  0.000000000000000E+000
   3.43183165232610     
  0.988869149734546       5.988289370959963E-004  0.000000000000000E+000
  8.325610647830217E-002  8.244792787261420E-003 -4.368646128046085E-004
  0.000000000000000E+000  8.681657400066028E-003   1.00019254464778     
  0.154389413120576      -7.757659352196957E-003  0.000000000000000E+000
   3.40227622222032     
  0.987287653567351       6.824581442352054E-004  0.000000000000000E+000
  9.269414341201809E-002  8.109408565069696E-003 -4.276207696588201E-004
  0.000000000000000E+000  8.537029334728516E-003   1.00019341287394     
  0.151854520937628      -7.629024774214116E-003  0.000000000000000E+000
   3.37426389384352     
  0.985624436699843       7.699165229630898E-004  0.000000000000000E+000
  0.102259472475453       7.980200708956168E-003 -4.190792117683770E-004
  0.000000000000000E+000  8.399279920724544E-003   1.00019437611953     
  0.149435662628010      -7.499089089552735E-003  0.000000000000000E+000
   3.34730804920552     
  0.983875589210279       8.616377525778661E-004  0.000000000000000E+000
  0.110987722042182       7.854409781096222E-003 -4.101660477180380E-004
  0.000000000000000E+000  8.264575828814260E-003   1.00019509260439     
  0.147081655522619      -7.356965743491085E-003  0.000000000000000E+000
   3.32086300656125     
  0.982037001885699       9.572376115019621E-004  0.000000000000000E+000
  0.120335160582727       7.730564140310578E-003 -4.019143752610702E-004
  0.000000000000000E+000  8.132478515571648E-003   1.00019582530106     
  0.144763783712722      -7.221612154518484E-003  0.000000000000000E+000
   3.29461314789104     
  0.980104478202655       1.057699935824212E-003  0.000000000000000E+000
  0.128478950893850       7.609100195223003E-003 -3.930661420201972E-004
  0.000000000000000E+000  8.002166337243200E-003   1.00019634751395     
  0.142491080098584      -7.079332758029273E-003  0.000000000000000E+000
   3.26867349848920     
  0.978073553669464       1.161948348956863E-003  0.000000000000000E+000
  0.136017551104487       7.491292237997825E-003 -3.845289283562806E-004
  0.000000000000000E+000  7.875821166354106E-003   1.00019686133622     
  0.140286807713612      -6.939304992456159E-003  0.000000000000000E+000
   3.24331343640343     
  0.975939733923639       1.271478426898274E-003  0.000000000000000E+000
  0.143756797774813       7.376203149066686E-003 -3.763902583588388E-004
  0.000000000000000E+000  7.752593407425524E-003   1.00019751918262     
  0.138133351212571      -6.805635313643763E-003  0.000000000000000E+000
   3.21834559739515     
  0.973698227034776       1.385180156087390E-003  0.000000000000000E+000
  0.150581188713886       7.264992777048556E-003 -3.680067986976985E-004
  0.000000000000000E+000  7.632999575746255E-003   1.00019811562650     
  0.136052700631979      -6.670606848652528E-003  0.000000000000000E+000
   3.19403747446292     
  0.971344194597081       1.504258504303337E-003  0.000000000000000E+000
  0.157688022747152       7.159084109473328E-003 -3.602768433164182E-004
  0.000000000000000E+000  7.519360952789747E-003   1.00019879433354     
  0.134071049280292      -6.547522389024118E-003  0.000000000000000E+000
   3.17071417336242     
  0.968872537262536       1.628001624485897E-003  0.000000000000000E+000
  0.163762364476725       7.060060610142165E-003 -3.523740253280546E-004
  0.000000000000000E+000  7.412434635470220E-003   1.00019935946388     
  0.132218609651314      -6.424639408533292E-003  0.000000000000000E+000
   3.14875784852462     
  0.966278062333970       1.757096938973359E-003  0.000000000000000E+000
  0.169938119023072       6.969315945419195E-003 -3.452414559451821E-004
  0.000000000000000E+000  7.314557401364378E-003   1.00020010437393     
  0.130520994702763      -6.314140439463038E-003  0.000000000000000E+000
   3.12850195761997     
  0.963555373647426       1.891373763395130E-003  0.000000000000000E+000
  0.175198961158458       6.887070937554219E-003 -3.380337430789861E-004
  0.000000000000000E+000  7.225104680633205E-003   1.00020076037477     
  0.128983056750003      -6.201306212934164E-003  0.000000000000000E+000
   3.11003851072553     
  0.960698927782761       2.030904889090778E-003  0.000000000000000E+000
  0.181052756572399       6.812384502958402E-003 -3.314608861508042E-004
  0.000000000000000E+000  7.143845389109206E-003   1.00020150339881     
  0.127586695936876      -6.094816647383257E-003  0.000000000000000E+000
   3.09317841249297     
  0.957703044267799       2.176098169407578E-003  0.000000000000000E+000
  0.186557554911133       6.743809382724268E-003 -3.247713248178816E-004
  0.000000000000000E+000  7.068580707542150E-003   1.00020216906743     
  0.126305292387344      -5.983902425158942E-003  0.000000000000000E+000
   3.07762563502608     
  0.954561846157195       2.326415247496387E-003  0.000000000000000E+000
  0.192550266162471       6.680074124987380E-003 -3.184313010156928E-004
  0.000000000000000E+000  6.998505426003073E-003   1.00020289885448     
  0.125114603903363      -5.875152397652147E-003  0.000000000000000E+000
   3.06310197076894     
  0.951269384357213       2.482757904136671E-003  0.000000000000000E+000
  0.198579099940616       6.619599791926143E-003 -3.119731773039740E-004
  0.000000000000000E+000  6.931572969230117E-003   1.00020362540112     
  0.123985325797109      -5.762646666812210E-003  0.000000000000000E+000
   3.04926396606883     
  0.947819482538107       2.644120805717701E-003  0.000000000000000E+000
  0.204724159138777       6.561727127364865E-003 -3.055606838724706E-004
  0.000000000000000E+000  6.867287811237336E-003   1.00020437887524     
  0.122904887521116      -5.649015100655373E-003  0.000000000000000E+000
   3.03596471826789     
  0.944205942257812       2.811651156899837E-003  0.000000000000000E+000
  0.211277728928280       6.505461912079643E-003 -2.991433415779720E-004
  0.000000000000000E+000  6.804605253657616E-003   1.00020521182929     
  0.121854689449565      -5.534040236908110E-003  0.000000000000000E+000
   3.02298199901935     
  0.940422342196095       2.984205242399509E-003  0.000000000000000E+000
  0.217501990955952       6.450668651343443E-003 -2.924832006405951E-004
  0.000000000000000E+000  6.743151851984038E-003   1.00020599000257     
  0.120832285663556      -5.414412189409220E-003  0.000000000000000E+000
   3.01028906339948     
  0.936462258150449       3.162718150678633E-003  0.000000000000000E+000
  0.224392700822818       6.396053716276571E-003 -2.859911091303762E-004
  0.000000000000000E+000  6.682044825406947E-003   1.00020688759484     
  0.119813198763287      -5.295036956714620E-003  0.000000000000000E+000
   2.99758286831151     
  0.932319101600151       3.346467535361265E-003  0.000000000000000E+000
  0.230592277923961       6.341111603829879E-003 -2.789085098992576E-004
  0.000000000000000E+000  6.620020113729137E-003   1.00020766418909     
  0.118788358804856      -5.166036369088285E-003  0.000000000000000E+000
   2.98475076308003     
  0.927986251584928       3.535462227755561E-003  0.000000000000000E+000
  0.237944882182319       6.286991952647003E-003 -2.723002759372209E-004
  0.000000000000000E+000  6.559292228584223E-003   1.00020864858522     
  0.117778477004249      -5.046664272219295E-003  0.000000000000000E+000
   2.97205292369225     
  0.923457056336885       3.730240913818279E-003  0.000000000000000E+000
  0.244025842253222       6.235601987363162E-003 -2.649398243543748E-004
  0.000000000000000E+000  6.500541811717537E-003   1.00020941639678     
  0.116820319551355      -4.915396672446786E-003  0.000000000000000E+000
   2.95995674591415     
  0.918724734063985       3.928866629792209E-003  0.000000000000000E+000
  0.251466033776069       6.187387851820368E-003 -2.584522172329847E-004
  0.000000000000000E+000  6.445840069053352E-003   1.00021042838989     
  0.115921087998437      -4.797959423842592E-003  0.000000000000000E+000
   2.94855935732224     
  0.913782702004972       4.134308086652536E-003  0.000000000000000E+000
  0.258160898660890       6.142441227022434E-003 -2.509080260913522E-004
  0.000000000000000E+000  6.393349253113786E-003   1.00021131651673     
  0.115083880034654      -4.663162650570048E-003  0.000000000000000E+000
   2.93791092351859     
  0.908624062312831       4.341309162270438E-003  0.000000000000000E+000
  0.264323382785051       6.102344537845878E-003 -2.434914927058388E-004
  0.000000000000000E+000  6.345836030551717E-003   1.00021211375808     
  0.114337557035991      -4.528734792434461E-003  0.000000000000000E+000
   2.92838592800906     
  0.903242385263693       4.554834075679027E-003  0.000000000000000E+000
  0.272187295092181       6.061511417091097E-003 -2.367165957036545E-004
  0.000000000000000E+000  6.298228012794752E-003   1.00021321695375     
  0.113577142665934      -4.399588436551352E-003  0.000000000000000E+000
   2.91864671556101     
  0.897630946103148       4.770477692087010E-003  0.000000000000000E+000
  0.277918641063252       6.017701681750288E-003 -2.283982343954399E-004
  0.000000000000000E+000  6.246099916145728E-003   1.00021394571101     
  0.112761746216301      -4.244955200360424E-003  0.000000000000000E+000
   2.90816631834356     
  0.891783373400719       4.989646083122509E-003  0.000000000000000E+000
  0.286431710715306       5.974709570703153E-003 -2.216706477137780E-004
  0.000000000000000E+000  6.196380218416931E-003   1.00021517614960     
  0.111960332244073      -4.123186397747084E-003  0.000000000000000E+000
   2.89783185110049     
  0.885693421287334       5.213290243712273E-003  0.000000000000000E+000
  0.292943990330514       5.937964012044497E-003 -2.131342508344583E-004
  0.000000000000000E+000  6.151098262878955E-003   1.00021606804103     
  0.111277109824258      -3.971957931985171E-003  0.000000000000000E+000
   2.88899575607235     
  0.879354799790459       5.435549238576376E-003  0.000000000000000E+000
  0.299018698568716       5.910430013076095E-003 -2.049432464383106E-004
  0.000000000000000E+000  6.115373259514406E-003   1.00021687111891     
  0.110766493223470      -3.823162844258938E-003  0.000000000000000E+000
   2.88237676541286     
  0.872761850024891       5.661595916410732E-003  0.000000000000000E+000
  0.307962799714232       5.879903935302843E-003 -1.979475084066978E-004
  0.000000000000000E+000  6.077851443709541E-003   1.00021816602547     
  0.110199162092826      -3.686491229850923E-003  0.000000000000000E+000
   2.87499979463270     
  0.865908887614107       5.888050303986711E-003  0.000000000000000E+000
  0.313989267289799       5.840928423902901E-003 -1.884471465375444E-004
  0.000000000000000E+000  6.029375570440446E-003   1.00021893401380     
  0.109474565065762      -3.506028725945862E-003  0.000000000000000E+000
   2.86554569971494     
  0.858790596690845       6.112150921137999E-003  0.000000000000000E+000
  0.320428994032682       5.801494237848735E-003 -1.797661697392299E-004
  0.000000000000000E+000  5.981260407587966E-003   1.00021978835913     
  0.108740536802233      -3.344900876594758E-003  0.000000000000000E+000
   2.85593824089945     
  0.851402232938537       6.337426796155764E-003  0.000000000000000E+000
  0.329006231363792       5.760442082046480E-003 -1.714023904250038E-004
  0.000000000000000E+000  5.931844472471484E-003   1.00022104714665     
  0.107975802407000      -3.187753457733119E-003  0.000000000000000E+000
   2.84589341448156     
  0.843739242234269       6.559807874772471E-003  0.000000000000000E+000
  0.335229611105660       5.719148182389840E-003 -1.610283430593510E-004
  0.000000000000000E+000  5.880176525449190E-003   1.00022189941089     
  0.107207253132671      -2.996575747421037E-003  0.000000000000000E+000
   2.83576153402166     
  0.835797614343686       6.776554441764220E-003  0.000000000000000E+000
  0.341407055474292       5.683275869445786E-003 -1.516318244581021E-004
  0.000000000000000E+000  5.834907693903888E-003   1.00022277002893     
  0.106539647180987      -2.823549857924407E-003  0.000000000000000E+000
   2.82693234506459     
  0.827574033874230       6.990933322577417E-003  0.000000000000000E+000
  0.350150693636806       5.649529138223304E-003 -1.433215820726951E-004
  0.000000000000000E+000  5.792850720295999E-003   1.00022415126208     
  0.105911136311790      -2.669778883844026E-003  0.000000000000000E+000
   2.81859584318953     
  0.819065622350018       7.200829533666883E-003  0.000000000000000E+000
  0.356447401806690       5.620928388883895E-003 -1.325293749206472E-004
  0.000000000000000E+000  5.753457763804543E-003   1.00022509601089     
  0.105379825455964      -2.473388546293093E-003  0.000000000000000E+000
   2.81152907406066     
  0.810270040767068       7.398615321999188E-003  0.000000000000000E+000
  0.362550328806492       5.601651111132690E-003 -1.218744764697173E-004
  0.000000000000000E+000  5.723525587602407E-003   1.00022595031105     
  0.105023046067893      -2.276713330326533E-003  0.000000000000000E+000
   2.80677598158732     
  0.801185958372473       7.589628713596443E-003  0.000000000000000E+000
  0.371125794046293       5.581793796861770E-003 -1.131019322546522E-004
  0.000000000000000E+000  5.694895729116422E-003   1.00022723678227     
  0.104654392924147      -2.109556992497550E-003  0.000000000000000E+000
   2.80185486042409     
  0.791812627973472       7.772394067772765E-003  0.000000000000000E+000
  0.379099322633692       5.553926720925727E-003 -1.030106856790615E-004
  0.000000000000000E+000  5.656937406604789E-003   1.00022842540980     
  0.104135560099403      -1.917449055752580E-003  0.000000000000000E+000
   2.79490791216921     
  0.782150065254686       7.942422822669317E-003  0.000000000000000E+000
  0.385345104352382       5.524139496049042E-003 -9.115263004799431E-005
  0.000000000000000E+000  5.615292126097036E-003   1.00022931504041     
  0.103580648938655      -1.696834462248683E-003  0.000000000000000E+000
   2.78745543086885     
  0.772199185767239       8.095718475719276E-003  0.000000000000000E+000
  0.391831203729453       5.499059611202166E-003 -7.989959940777435E-005
  0.000000000000000E+000  5.578959210609941E-003   1.00023028957233     
  0.103113318068042      -1.488132153116847E-003  0.000000000000000E+000
   2.78116300388380     
  0.761961923922881       8.235501917519613E-003  0.000000000000000E+000
  0.399883111712143       5.474622427061795E-003 -6.977709692563750E-005
  0.000000000000000E+000  5.544399523987433E-003   1.00023158409328     
  0.102657279804037      -1.297290436999613E-003  0.000000000000000E+000
   2.77500720649657     
  0.751441078648974       8.360036325710233E-003  0.000000000000000E+000
  0.408295171353529       5.447840965011003E-003 -5.935476768114076E-005
  0.000000000000000E+000  5.507195732692144E-003   1.00023301400045     
  0.102156774306655      -1.102486958963946E-003  0.000000000000000E+000
   2.76823282313346     
  0.740640446574066       8.467539394565621E-003  0.000000000000000E+000
  0.415007361226799       5.425624033433555E-003 -4.700967695742731E-005
  0.000000000000000E+000  5.472633710390982E-003   1.00023420574621     
  0.101741394124421      -8.747884943247925E-004  0.000000000000000E+000
   2.76259135992354     
  0.729564815658738       8.549226778783900E-003  0.000000000000000E+000
  0.421302763439371       5.411088549460099E-003 -3.440429197765909E-005
  0.000000000000000E+000  5.445492841437758E-003   1.00023537612965     
  0.101469390445954      -6.403873259894406E-004  0.000000000000000E+000
   2.75888443313696     
  0.718220157151689       8.609815858319162E-003  0.000000000000000E+000
  0.429150073124219       5.397592067825326E-003 -2.331036741891160E-005
  0.000000000000000E+000  5.420902435244237E-003   1.00023686740633     
  0.101215865446753      -4.314755697543833E-004  0.000000000000000E+000
   2.75541965399939     
  0.706613454876314       8.648074977020741E-003  0.000000000000000E+000
  0.436566361569248       5.381929322052528E-003 -1.211591070253966E-005
  0.000000000000000E+000  5.394045232755067E-003   1.00023827952710     
  0.100920433559023      -2.212900949716883E-004  0.000000000000000E+000
   2.75136736297207     
  0.694752788406665       8.662372544331720E-003  0.000000000000000E+000
  0.444155139991608       5.367157886283459E-003 -7.514438720343960E-007
  0.000000000000000E+000  5.367909330155493E-003   1.00023972462714     
  0.100640286043382      -9.165128713877784E-006  0.000000000000000E+000
   2.74750426848889     
  0.682647343539202       8.651157664054129E-003  0.000000000000000E+000
  0.451841799204431       5.355440145226120E-003  1.134028100566943E-005
  0.000000000000000E+000  5.366780426231789E-003   1.00024118769052     
  0.100416136547127       2.158684256188532E-004  0.000000000000000E+000
   2.74439028289103     
  0.670307422204054       8.610315629881678E-003  0.000000000000000E+000
  0.458428512084311       5.348765056892201E-003  2.428089637392631E-005
  0.000000000000000E+000  5.373045953266127E-003   1.00024246366441     
  0.100285327653126       4.563613675696063E-004  0.000000000000000E+000
   2.74253988953520     
  0.657744432187388       8.537819516044324E-003  0.000000000000000E+000
  0.465133168449938       5.346854820554153E-003  3.668216784381009E-005
  0.000000000000000E+000  5.383536988397963E-003   1.00024378732249     
  0.100242850308339       6.879625860430544E-004  0.000000000000000E+000
   2.74188991853040     
  0.644970813927204       8.436245338104848E-003  0.000000000000000E+000
  0.472644941660747       5.345997864176724E-003  4.835280206836462E-005
  0.000000000000000E+000  5.394350666245089E-003   1.00024527976743     
  0.100219150528655       9.068708234033331E-004  0.000000000000000E+000
   2.74148967664028     
  0.632000051176599       8.304733450058579E-003  0.000000000000000E+000
  0.479966302296134       5.344963783307207E-003  6.002483725535391E-005
  0.000000000000000E+000  5.404988620562561E-003   1.00024675040494     
  0.100190975669344       1.125420811784565E-003  0.000000000000000E+000
   2.74101870364480     
  0.618846621299056       8.142643113908310E-003  0.000000000000000E+000
  0.487313951312672       5.344800540951019E-003  7.165993064756034E-005
  0.000000000000000E+000  5.416460471598580E-003   1.00024823756563     
  0.100177929380227       1.343078674003066E-003  0.000000000000000E+000
   2.74074459241365     
  0.605525942452643       7.949576021555563E-003  0.000000000000000E+000
  0.494873283570541       5.345405707875529E-003  8.320760976705542E-005
  0.000000000000000E+000  5.428613317642585E-003   1.00024978204561     
  0.100178052144210       1.559289033043312E-003  0.000000000000000E+000
   2.74064003121393     
  0.592054310759683       7.725396929789890E-003  0.000000000000000E+000
  0.502699855327364       5.345808595615138E-003  9.472860312458445E-005
  0.000000000000000E+000  5.440537198739722E-003   1.00025139645073     
  0.100173051203353       1.775069864166268E-003  0.000000000000000E+000
   2.74045363240785     
  0.578448841139469       7.469587338919363E-003  0.000000000000000E+000
  0.509698865422251       5.347307036416249E-003  1.067287370622829E-004
  0.000000000000000E+000  5.454035773478532E-003   1.00025287704336     
  0.100186882771138       1.998946151536024E-003  0.000000000000000E+000
   2.74050938554958     
  0.564727426131715       7.179798545920949E-003  0.000000000000000E+000
  0.516916753168971       5.352974456832502E-003  1.183192387246594E-004
  0.000000000000000E+000  5.471293695557162E-003   1.00025440666634     
  0.100277252616050       2.214281816165654E-003  0.000000000000000E+000
   2.74159390982314     
  0.550908452145140       6.860707846468249E-003  0.000000000000000E+000
  0.525021904863706       5.362840433447141E-003  1.289120509618918E-004
  0.000000000000000E+000  5.491752484409033E-003   1.00025610485876     
  0.100444307221643       2.411124593507503E-003  0.000000000000000E+000
   2.74369898754094     
  0.537010910895377       6.513416561857800E-003  0.000000000000000E+000
  0.532873148754334       5.375925837580708E-003  1.392047898553161E-004
  0.000000000000000E+000  5.515130627436024E-003   1.00025774479949     
  0.100669307856144       2.602375656723555E-003  0.000000000000000E+000
   2.74656357636587     
  0.523054228165777       6.139328491792367E-003  0.000000000000000E+000
  0.540801173525324       5.392506802245966E-003  1.491558469427005E-004
  0.000000000000000E+000  5.541662649188667E-003   1.00025936347098     
  0.100958103204346       2.787001487140866E-003  0.000000000000000E+000
   2.75027339568878     
  0.509058155752480       5.740143054580419E-003  0.000000000000000E+000
  0.548753355126564       5.412953606338090E-003  1.587259109532279E-004
  0.000000000000000E+000  5.571679517291318E-003   1.00026094786693     
  0.101317917247624       2.964220916286699E-003  0.000000000000000E+000
   2.75492618902074     
  0.495042659692362       5.317842972884984E-003  0.000000000000000E+000
  0.556845530330520       5.437743434693510E-003  1.678799983266671E-004
  0.000000000000000E+000  5.605623433020178E-003   1.00026250293732     
  0.101757686006776       3.133394929742725E-003  0.000000000000000E+000
   2.76063756589356     
  0.481027806142041       4.874676585191666E-003  0.000000000000000E+000
  0.565167203509873       5.466425801197158E-003  1.765540949072269E-004
  0.000000000000000E+000  5.642979896104384E-003   1.00026401547483     
  0.102268975667492       3.293814517252552E-003  0.000000000000000E+000
   2.76728625044653     
  0.467033646316841       4.413134998349662E-003  0.000000000000000E+000
  0.573790916777398       5.496146714410110E-003  1.846334481734774E-004
  0.000000000000000E+000  5.680780162583588E-003   1.00026549583191     
  0.102797730299756       3.444411106709423E-003  0.000000000000000E+000
   2.77412736914171     
  0.453080108148714       3.935745123473622E-003  0.000000000000000E+000
  0.582386561804014       5.523122187459695E-003  1.921766865647345E-004
  0.000000000000000E+000  5.715298874024430E-003   1.00026692843963     
  0.103271782880182       3.585952069844735E-003  0.000000000000000E+000
   2.78016990600461     
  0.439186917314490       3.444124449314979E-003  0.000000000000000E+000
  0.591642028903607       5.544527034685585E-003  1.985349664777474E-004
  0.000000000000000E+000  5.743062001163332E-003   1.00026845119504     
  0.103639033304413       3.706132576232761E-003  0.000000000000000E+000
   2.78472375131505     
  0.425373323286012       2.943537917647252E-003  0.000000000000000E+000
  0.602601814228592       5.557689226405232E-003  2.032584013528834E-004
  0.000000000000000E+000  5.760947627758115E-003   1.00027028612685     
  0.103851143917342       3.796405579345087E-003  0.000000000000000E+000
   2.78716549364708     
  0.411658191042757       2.437221773305309E-003  0.000000000000000E+000
  0.614687414801438       5.561913206829821E-003  2.091815523100380E-004
  0.000000000000000E+000  5.771094759139860E-003   1.00027236807547     
  0.103891800250213       3.908230475224793E-003  0.000000000000000E+000
   2.78726146560634     
  0.398060300010423       1.916233981970908E-003  0.000000000000000E+000
  0.626099008746905       5.559441205494905E-003  2.227888597499564E-004
  0.000000000000000E+000  5.782230065244862E-003   1.00027435713596     
  0.103791984988575       4.162620268849747E-003  0.000000000000000E+000
   2.78534552517985     
  0.384598635456386       1.352902573853140E-003  0.000000000000000E+000
  0.635909426064927       5.550923083038041E-003  2.464098914191810E-004
  0.000000000000000E+000  5.797332974457222E-003   1.00027609036955     
  0.103556083504263       4.602890573102943E-003  0.000000000000000E+000
   2.78140919264168     
  0.371291267288200       7.281164213263902E-004  0.000000000000000E+000
  0.644151046947400       5.539377593824302E-003  2.746928824438628E-004
  0.000000000000000E+000  5.814070476268165E-003   1.00027758096818     
  0.103246112262042       5.126140699777642E-003  0.000000000000000E+000
   2.77631679268346     
  0.358154780898738       4.178473641569574E-005  0.000000000000000E+000
  0.652767011885089       5.530887867816584E-003  3.027585354423634E-004
  0.000000000000000E+000  5.833646403258948E-003   1.00027924705894     
  0.102984230486175       5.641751787833681E-003  0.000000000000000E+000
   2.77177400337055     
  0.345204555188213      -6.996594131643285E-004  0.000000000000000E+000
  0.660591358064494       5.529106883523279E-003  3.313616325454103E-004
  0.000000000000000E+000  5.860468516068690E-003   1.00028087385540     
  0.102836221385169       6.165341071544702E-003  0.000000000000000E+000
   2.76864854504785     
  0.332455505085775      -1.498146808410845E-003  0.000000000000000E+000
  0.667333564699447       5.534838368939496E-003  3.590382196620400E-004
  0.000000000000000E+000  5.893876588601536E-003   1.00028236502062     
  0.102818174359642       6.669981539394105E-003  0.000000000000000E+000
   2.76715428724260     
  0.319920537181743      -2.339667901782980E-003  0.000000000000000E+000
  0.675495223181542       5.544420754292214E-003  3.831479923767578E-004
  0.000000000000000E+000  5.927568746668972E-003   1.00028415395497     
  0.102867614186032       7.108556209645386E-003  0.000000000000000E+000
   2.76648610569205     
  0.307611656831778      -3.214917519367286E-003  0.000000000000000E+000
  0.684386705893530       5.553610444850102E-003  4.049227266703269E-004
  0.000000000000000E+000  5.958533171520428E-003   1.00028605105120     
  0.102904054484112       7.503360347512089E-003  0.000000000000000E+000
   2.76555357160023     
  0.295539909591286      -4.117285986877651E-003  0.000000000000000E+000
  0.693324447431223       5.561629346685049E-003  4.248381569992710E-004
  0.000000000000000E+000  5.986467503684320E-003   1.00028790124145     
  0.102910802127851       7.861951318474837E-003  0.000000000000000E+000
   2.76410301623912     
  0.283715218424319      -5.040365564571752E-003  0.000000000000000E+000
  0.702292041116607       5.568885874124285E-003  4.429201785633813E-004
  0.000000000000000E+000  6.011806052687666E-003   1.00028961840829     
  0.102894868322605       8.184934784686643E-003  0.000000000000000E+000
   2.76221691605854     
  0.272146384621058      -5.978022424434283E-003  0.000000000000000E+000
  0.710891799778437       5.576532685206968E-003  4.603270678147347E-004
  0.000000000000000E+000  6.036859753021703E-003   1.00029113447996     
  0.102875066638618       8.493135872158223E-003  0.000000000000000E+000
   2.76013110870774     
  0.260841459952367      -6.928699530984975E-003  0.000000000000000E+000
  0.719226549450923       5.586145593946158E-003  4.764160800598384E-004
  0.000000000000000E+000  6.062561674005996E-003   1.00029235433228     
  0.102881546995133       8.774631954791230E-003  0.000000000000000E+000
   2.75824752452709     
  0.249806769810523      -7.883567295849768E-003  0.000000000000000E+000
  0.728378802125007       5.596810127684698E-003  4.891378741693205E-004
  0.000000000000000E+000  6.085948001854019E-003   1.00029350202266     
  0.102903543472421       8.993689542789618E-003  0.000000000000000E+000
   2.75646321800852     
  0.239047492115207      -8.833844321215513E-003  0.000000000000000E+000
  0.737859152602823       5.606874045346534E-003  4.991208959795304E-004
  0.000000000000000E+000  6.105994941326065E-003   1.00029471594677     
  0.102908295830844       9.161629467507780E-003  0.000000000000000E+000
   2.75431877727672     
  0.228568063927081      -9.774779615069130E-003  0.000000000000000E+000
  0.747566312148820       5.615929623026562E-003  5.072947388775859E-004
  0.000000000000000E+000  6.123224361904148E-003   1.00029595304692     
  0.102884323645139       9.295127844356682E-003  0.000000000000000E+000
   2.75162501647884     
  0.218371927887734      -1.070216068614966E-002  0.000000000000000E+000
  0.757211178028228       5.624034138383099E-003  5.140112928877755E-004
  0.000000000000000E+000  6.138045431270875E-003   1.00029712655867     
  0.102831000185228       9.400405260708487E-003  0.000000000000000E+000
   2.74835676657898     
  0.208461650332017      -1.161318441176501E-002  0.000000000000000E+000
  0.767141799963838       5.631172830979350E-003  5.182319330206079E-004
  0.000000000000000E+000  6.149404763999958E-003   1.00029818745494     
  0.102751025435695       9.458896098897416E-003  0.000000000000000E+000
   2.74456596392860     
  0.198838436947398      -1.250075963881363E-002  0.000000000000000E+000
  0.777779172357214       5.635882241077826E-003  5.193317853641648E-004
  0.000000000000000E+000  6.155214026441991E-003   1.00029911564708     
  0.102619555982808       9.460706490530822E-003  0.000000000000000E+000
   2.73993588197631     
  0.189502895766597      -1.336127223884795E-002  0.000000000000000E+000
  0.788501304904230       5.636388064360533E-003  5.183438853654662E-004
  0.000000000000000E+000  6.154731949725998E-003   1.00029981632994     
  0.102398924132916       9.424244323129575E-003  0.000000000000000E+000
   2.73391419952607     
  0.180454910724205      -1.419260156117742E-002  0.000000000000000E+000
  0.799521060827146       5.631548927135382E-003  5.143605447794756E-004
  0.000000000000000E+000  6.145909471914858E-003   1.00030016033637     
  0.102072140410573       9.333240080106574E-003  0.000000000000000E+000
   2.72629890843038     
  0.171693255296651      -1.498933665163374E-002  0.000000000000000E+000
  0.811274709273675       5.619792464405133E-003  5.066158090497666E-004
  0.000000000000000E+000  6.126408273454900E-003   1.00030013786163     
  0.101613480280993       9.175132812186147E-003  0.000000000000000E+000
   2.71676097518516     
  0.163216160245772      -1.574824056262389E-002  0.000000000000000E+000
  0.823215454610818       5.599634311836718E-003  4.967159502838840E-004
  0.000000000000000E+000  6.096350262120602E-003   1.00029981490936     
  0.100988018249638       8.978625451622160E-003  0.000000000000000E+000
   2.70474445628025     
  0.155021505005991      -1.646991939561590E-002  0.000000000000000E+000
  0.834793442874115       5.570663417731737E-003  4.850944466535515E-004
  0.000000000000000E+000  6.055757864385289E-003   1.00029921123131     
  0.100187812718175       8.750524195872432E-003  0.000000000000000E+000
   2.69011377154709     
  0.147106334224531      -1.715296303207054E-002  0.000000000000000E+000
  0.847379808469441       5.530802073955897E-003  4.669962991081371E-004
  0.000000000000000E+000  5.997798373064035E-003   1.00029839897400     
  9.919801830652843E-002  8.409374638074738E-003  0.000000000000000E+000
   2.67284438865220     
  0.139466267089614      -1.778558548152064E-002  0.000000000000000E+000
  0.860864050138161       5.478135282336755E-003  4.459209745865789E-004
  0.000000000000000E+000  5.924056256923334E-003   1.00029741185905     
  9.796733061367466E-002  8.017571690464704E-003  0.000000000000000E+000
   2.65204282682259     
  0.132098175810340      -1.837689199987649E-002  0.000000000000000E+000
  0.873442442099986       5.413137817379999E-003  4.267840229706035E-004
  0.000000000000000E+000  5.839921840350602E-003   1.00029613634694     
  9.648143760866384E-002  7.659607644966259E-003  0.000000000000000E+000
   2.62721640901147     
  0.124997769952504      -1.892872200988259E-002  0.000000000000000E+000
  0.887343302109684       5.329276475655649E-003  3.980538368947876E-004
  0.000000000000000E+000  5.727330312550437E-003   1.00029474572477     
  9.468582143358137E-002  7.139746587422227E-003  0.000000000000000E+000
   2.59815624463380     
  0.118158763957459      -1.942103531766246E-002  0.000000000000000E+000
  0.901921183855393       5.224554333860723E-003  3.656056527483849E-004
  0.000000000000000E+000  5.590159986609108E-003   1.00029318638965     
  9.251896719885280E-002  6.557439759177396E-003  0.000000000000000E+000
   2.56361899564989     
  0.111577324482708      -1.987073175919550E-002  0.000000000000000E+000
  0.915180769967037       5.102693027634516E-003  3.388016699831779E-004
  0.000000000000000E+000  5.441494697617694E-003   1.00029127588979     
  8.999815467903408E-002  6.074526830975355E-003  0.000000000000000E+000
   2.52310365320227     
  0.105248108561165      -2.028128798648830E-002  0.000000000000000E+000
  0.929845716186264       4.950224714046973E-003  2.993175112456254E-004
  0.000000000000000E+000  5.249542225292598E-003   1.00028930856967     
  8.699327235189740E-002  5.386783610373147E-003  0.000000000000000E+000
   2.47572340402535     
  9.916376395001603E-002 -2.062514136152142E-002  0.000000000000000E+000
  0.944775459122638       4.765308164534130E-003  2.579622409854520E-004
  0.000000000000000E+000  5.023270405519582E-003   1.00028717046652     
  8.342203477441926E-002  4.667881973817891E-003  0.000000000000000E+000
   2.41931767166179     
  9.332012723962402E-002 -2.093049604161815E-002  0.000000000000000E+000
  0.958982703391712       4.551060096688720E-003  2.229375803287844E-004
  0.000000000000000E+000  4.773997677017505E-003   1.00028475645679     
  7.929766576351333E-002  4.067421429837643E-003  0.000000000000000E+000
   2.35295273038399     
  8.771055058917909E-002 -2.119011388496281E-002  0.000000000000000E+000
  0.974577735201592       4.287822626669144E-003  1.766461575267047E-004
  0.000000000000000E+000  4.464468784195848E-003   1.00028262602308     
  7.439990392675530E-002  3.297786032218847E-003  0.000000000000000E+000
   2.27403385548571     
  8.232832898163722E-002 -2.138787159074580E-002  0.000000000000000E+000
  0.990149108737342       3.968094784287085E-003  1.352155051138341E-004
  0.000000000000000E+000  4.103310289400919E-003   1.00028054583308     
  6.851806405194819E-002  2.619255171424664E-003  0.000000000000000E+000
   2.17674616826634     
  7.716826630280238E-002 -2.155356702706770E-002  0.000000000000000E+000
   1.00276088278338       3.575186227454394E-003  9.275384643080744E-005
  0.000000000000000E+000  3.667940073885202E-003   1.00027714110743     
  6.142769020445263E-002  1.959904965420398E-003  0.000000000000000E+000
   2.05572891590709     
  7.222301122247532E-002 -2.165524915438587E-002  0.000000000000000E+000
   1.00986240740690       3.110228009222648E-003  5.016650927416256E-005
  0.000000000000000E+000  3.160394518496811E-003   1.00027336637117     
  5.318661808050089E-002  1.281811473593833E-003  0.000000000000000E+000
   1.90812123621162     
  6.748705146715417E-002 -2.171479524477504E-002  0.000000000000000E+000
   1.01400594031907       2.598160914550415E-003  2.069709526092222E-005
  0.000000000000000E+000  2.618858009811337E-003   1.00027082330250     
  4.416521910682675E-002  8.250388418704871E-004  0.000000000000000E+000
   1.73345930536357     
  6.295371259758120E-002 -2.173446819730835E-002  0.000000000000000E+000
   1.01688099191870       2.039134258141485E-003 -7.483184164733351E-006
  0.000000000000000E+000  2.046617442306219E-003   1.00026856837248     
  3.449131778049591E-002  4.131119017549080E-004  0.000000000000000E+000
   1.52792040687098     
  5.861711578290607E-002 -2.168853676842170E-002  0.000000000000000E+000
   1.01969544720782       1.445422712206783E-003 -1.989307782893628E-005
  0.000000000000000E+000  1.465315790035719E-003   1.00026672609550     
  2.430059219142945E-002  2.293317978688071E-004  0.000000000000000E+000
   1.27841333691205     
  5.447044604999962E-002 -2.162336907966074E-002  0.000000000000000E+000
   1.02073831638995       8.195581082695852E-004 -2.209869998237034E-005
  0.000000000000000E+000  8.416568082519556E-004   1.00026545207209     
  1.371469216864160E-002  2.772145012208370E-004  0.000000000000000E+000
  0.957803090961170     
  5.050903214194746E-002 -2.147729249486757E-002  0.000000000000000E+000
   1.02767948298083       1.548040350889862E-004 -6.374803653776266E-006
  0.000000000000000E+000  1.611788387427624E-004   1.00026616831182     
  2.600708153132704E-003  5.750586254442787E-004  0.000000000000000E+000
  0.420863774492537     
  4.672541388620077E-002 -2.131085761769123E-002  0.000000000000000E+000
   1.03222060999201      -5.764761052999613E-004  3.133871652523618E-005
  0.000000000000000E+000 -6.078148218251974E-004   1.00026723901339     
 -9.469473224243064E-003  1.344481586822519E-003  0.000000000000000E+000
  0.794774418809338     
  4.311516124701154E-002 -2.108321818922540E-002  0.000000000000000E+000
   1.03695028302354      -1.404260940328198E-003  1.000177404082571E-004
  0.000000000000000E+000 -1.504278680736455E-003   1.00026933351926     
 -2.297594876218707E-002  2.609587392716006E-003  0.000000000000000E+000
   1.23226837666605     
  3.967223005436371E-002 -2.081626001427382E-002  0.000000000000000E+000
   1.05485731330623      -2.412407591508913E-003  2.094617876224327E-004
  0.000000000000000E+000 -2.621869379131346E-003   1.00027485014596     
 -3.919903613696392E-002  4.688067738345981E-003  0.000000000000000E+000
   1.60442319032171     
  3.639054179185175E-002 -2.050759722952964E-002  0.000000000000000E+000
   1.06370866411703      -3.694960158231244E-003  3.953565822936560E-004
  0.000000000000000E+000 -4.090316740524900E-003   1.00027915259235     
 -5.969733353823534E-002  8.152078504078153E-003  0.000000000000000E+000
   1.97673669971278     
  3.326778181846923E-002 -2.014011535744205E-002  0.000000000000000E+000
   1.06945746181736      -5.365253443305347E-003  6.741018846401380E-004
  0.000000000000000E+000 -6.039355327945485E-003   1.00028369540739     
 -8.607146559857048E-002  1.310809897132370E-002  0.000000000000000E+000
   2.36800589822064     
  3.029382127105174E-002 -1.975029503451204E-002  0.000000000000000E+000
   1.03181087948428      -7.399996788613379E-003  1.110483110425293E-003
  0.000000000000000E+000 -8.510479899038673E-003   1.00028172636418     
 -0.118105706438771       2.078247156001747E-002  0.000000000000000E+000
   2.77267952087697     
  2.747317396944959E-002 -1.928113185504812E-002  0.000000000000000E+000
   1.06029637042684      -9.982875152853342E-003  1.723025595448732E-003
  0.000000000000000E+000 -1.170590074830207E-002   1.00029697823188     
 -0.158292108623471       3.116428230247178E-002  0.000000000000000E+000
   3.20592059760714     
  2.478833495795718E-002 -1.880921559024042E-002  0.000000000000000E+000
   1.04862837198539      -1.317705158715504E-002  2.670784363288700E-003
  0.000000000000000E+000 -1.584783595044374E-002   1.00030867122185     
 -0.208016283879793       4.788903434008797E-002  0.000000000000000E+000
   3.68181952676514     
  2.225501326225521E-002 -1.823565211469499E-002  0.000000000000000E+000
   1.12410177435936      -1.752505656070988E-002  4.067279282999932E-003
  0.000000000000000E+000 -2.159233584370981E-002   1.00034645145316     
 -0.275398728328177       7.144888585998974E-002  0.000000000000000E+000
   4.24245592194712     
  1.984559696190713E-002 -1.767184233715069E-002  0.000000000000000E+000
   1.01118417464841      -2.304437178358881E-002  6.179728192557415E-003
  0.000000000000000E+000 -2.922409997614622E-002   1.00035459781521     
 -0.360878188337962       0.108208209542708       0.000000000000000E+000
   4.87787933707102     
  1.758713226318775E-002 -1.699731615131953E-002  0.000000000000000E+000
  0.930332790418788      -2.977731706003733E-002  9.182648227489291E-003
  0.000000000000000E+000 -3.895996528752662E-002   1.00038240220480     
 -0.466549245938946       0.157013938122921       0.000000000000000E+000
   5.57691061345323     
  1.544650428983374E-002 -1.632605898462604E-002  0.000000000000000E+000
  0.657716880493581      -3.731662021298335E-002  1.312484186269419E-002
  0.000000000000000E+000 -5.044146207567755E-002   1.00037936604459     
 -0.584023165077089       0.222993674160292       0.000000000000000E+000
   6.28534680032513     
  1.345295496273136E-002 -1.555732975657546E-002  0.000000000000000E+000
  0.385109932430169      -4.496903602263112E-002  1.822107753520349E-002
  0.000000000000000E+000 -6.319011355783460E-002   1.00037623521016     
 -0.707580250810191       0.305366780883429       0.000000000000000E+000
   6.99596961815445     
  1.157947612225185E-002 -1.477144945561017E-002  0.000000000000000E+000
 -6.275248252973142E-002 -5.244436853340397E-002  2.423429158884531E-002
  0.000000000000000E+000 -7.667866012224929E-002   1.00033264384044     
 -0.828042731361171       0.404998401667873       0.000000000000000E+000
   7.66763551612956     
  9.848531301419383E-003 -1.390624975671154E-002  0.000000000000000E+000
 -0.691906110359241      -5.864926002361355E-002  3.145411124991179E-002
  0.000000000000000E+000 -9.010337127352534E-002   1.00025389761835     
 -0.935827729420474       0.525959456864729       0.000000000000000E+000
   8.31882286298804     
  8.249723698091849E-003 -1.299967384081004E-002  0.000000000000000E+000
 -0.919517868241883      -6.410894405702242E-002  3.938729087281227E-002
  0.000000000000000E+000 -0.103496234929835        1.00027144209176     
  -1.03211854010860       0.659820950462192       0.000000000000000E+000
   8.92726152340196     
  6.785477286839425E-003 -1.203901627367612E-002  0.000000000000000E+000
  -1.80754079476151      -6.623491589263829E-002  4.786548673001954E-002
  0.000000000000000E+000 -0.114100402622658        1.00017106620643     
  -1.08434253507663       0.808586180741441       0.000000000000000E+000
   9.45662093859612     
  5.478550221508449E-003 -1.101314324896579E-002  0.000000000000000E+000
  -2.43522410699848      -6.708218652946814E-002  5.614271882660763E-002
  0.000000000000000E+000 -0.123224905356076        1.00011630309042     
  -1.11287093283298       0.957592287704773       0.000000000000000E+000
   9.91921569684972     
  4.290827434544564E-003 -9.965556159078107E-003  0.000000000000000E+000
  -3.28451892309045      -6.453378889490477E-002  6.482731124751664E-002
  0.000000000000000E+000 -0.129361100142421        1.00002292102170     
  -1.09006282160171        1.12292246921084       0.000000000000000E+000
   10.3377110530945     
  3.296772041745166E-003 -8.840112919361187E-003  0.000000000000000E+000
  -3.84306235403710      -6.164546601229284E-002  7.330077812655932E-002
  0.000000000000000E+000 -0.134946244138852       0.999981464362155     
  -1.05641665267703        1.28796013699510       0.000000000000000E+000
   10.7518137343524     
  2.396870789097783E-003 -7.727149985343641E-003  0.000000000000000E+000
  -4.65665349408914      -5.562656983350348E-002  8.166441385121316E-002
  0.000000000000000E+000 -0.137290983684717       0.999891642118970     
 -0.969372979345701        1.45330136940956       0.000000000000000E+000
   11.0989210913482     
  1.722008488210358E-003 -6.549785302129726E-003  0.000000000000000E+000
  -5.18574696965879      -4.882919112269105E-002  8.863959099292838E-002
  0.000000000000000E+000 -0.137468782115619       0.999850823098328     
 -0.864734295471686        1.59806096620302       0.000000000000000E+000
   11.4055731535281     
  1.113140182790850E-003 -5.409418156526647E-003  0.000000000000000E+000
  -5.62657412717749      -4.035582991496475E-002  9.389936197087428E-002
  0.000000000000000E+000 -0.134255191885839       0.999828787457629     
 -0.728322717616682        1.70279855850334       0.000000000000000E+000
   11.5666372550359     
  7.225228813823037E-004 -4.248492033251204E-003  0.000000000000000E+000
  -6.03941290952321      -3.035484114948935E-002  9.592868775979012E-002
  0.000000000000000E+000 -0.126283528909279       0.999806812281954     
 -0.562784249988181        1.75516394463155       0.000000000000000E+000
   11.6004833186006     
  3.880251048486993E-004 -3.130464215962858E-003  0.000000000000000E+000
  -6.36127307332572      -2.256786023540040E-002  9.577889013464415E-002
  0.000000000000000E+000 -0.118346750370045       0.999796537639976     
 -0.423273543885274        1.75820427267475       0.000000000000000E+000
   11.5080432112993     
  1.970395846617734E-004 -2.043563727562371E-003  0.000000000000000E+000
  -7.27184441914756      -1.284900824983971E-002  9.489467593142809E-002
  0.000000000000000E+000 -0.107743684181268       0.999675643943244     
 -0.248839364103012        1.75110304744705       0.000000000000000E+000
   11.4066514884657     
  9.598016850720370E-005 -9.954425719247947E-004  0.000000000000000E+000
  -6.42837382088237      -9.034863866412590E-003  9.425393222943371E-002
  0.000000000000000E+000 -0.103288796095846       0.999868859679089     
 -0.167376787271638        1.74137195773784       0.000000000000000E+000
   11.3480937879410     
  0.000000000000000E+000  0.000000000000000E+000  0.000000000000000E+000
  -7.66185998410242      -6.874452208565395E-004  9.304958795464201E-002
  0.000000000000000E+000 -9.373703317549854E-002  0.999718985615278     
 -2.926604008096653E-002   1.71895649546789       0.000000000000000E+000
   11.2459121106280     
 zone i=         151
  0.000000000000000E+000  0.000000000000000E+000  0.000000000000000E+000
  -7.66185998410242      -6.874452208565395E-004  9.304958795464201E-002
  0.000000000000000E+000 -9.373703317549854E-002  0.999718985615278     
 -2.926604008096653E-002   1.71895649546789       0.000000000000000E+000
   11.2459121106280     
  8.124748189053399E-005  9.967570191826214E-004  0.000000000000000E+000
  -8.17255172965019       7.194538732986606E-003  8.869863545546140E-002
  0.000000000000000E+000  9.589317418844800E-002  0.999689601303341     
  0.107086451906704        1.64210110932457       0.000000000000000E+000
   11.0052585067464     
  1.668552160047909E-004  2.047006305551404E-003  0.000000000000000E+000
  -6.88553959872797       8.632730584636619E-003  8.374131633706287E-002
  0.000000000000000E+000  9.237404692169950E-002  0.999948930141016     
  0.141391954710293        1.54963265745671       0.000000000000000E+000
   10.7027045459889     
  3.042454035129261E-004  3.145845697375883E-003  0.000000000000000E+000
  -7.50170968760426       1.424340138262683E-002  7.747245079188876E-002
  0.000000000000000E+000  9.171585217451558E-002  0.999884892340014     
  0.231551580620069        1.43424130161690       0.000000000000000E+000
   10.3276433058307     
  5.825742921587995E-004  4.281733555009661E-003  0.000000000000000E+000
  -7.06502079355960       1.686631315677359E-002  6.900083888427681E-002
  0.000000000000000E+000  8.586715204105042E-002   1.00000540334320     
  0.279037149687084        1.27869318024222       0.000000000000000E+000
   9.79790531199326     
  8.757422479155341E-004  5.478181120376323E-003  0.000000000000000E+000
  -7.09594804350422       1.761395800791486E-002  5.902806922472164E-002
  0.000000000000000E+000  7.664202723263649E-002   1.00003951992575     
  0.285651074485220        1.09750475134471       0.000000000000000E+000
   9.11509296204717     
  1.308808987989130E-003  6.698568453762158E-003  0.000000000000000E+000
  -7.47279222885891       1.755166261299198E-002  4.681865323202374E-002
  0.000000000000000E+000  6.437031584501572E-002   1.00001778746880     
  0.278605394208275       0.876254718415387       0.000000000000000E+000
   8.19928144500532     
  1.812850180215042E-003  7.968367674832801E-003  0.000000000000000E+000
  -7.14435450195583       1.407592358504497E-002  3.372360274160517E-002
  0.000000000000000E+000  4.779952632665015E-002   1.00010223645630     
  0.216863261555660       0.636806012941828       0.000000000000000E+000
   7.01403104974045     
  2.391032082076583E-003  9.283225230158919E-003  0.000000000000000E+000
  -7.58452302584647       1.042116871814198E-002  2.138936918012904E-002
  0.000000000000000E+000  3.181053789827102E-002   1.00008866216514     
  0.154903374546785       0.409829725384376       0.000000000000000E+000
   5.65488039799440     
  3.109272514030703E-003  1.061639973803102E-002  0.000000000000000E+000
  -7.27378109220035       6.409568720288768E-003  1.191600655898028E-002
  0.000000000000000E+000  1.832557527926905E-002   1.00019289126367     
  9.575970668281755E-002  0.230186548376365       0.000000000000000E+000
   4.26582645186964     
  3.865287533979300E-003  1.201969020640781E-002  0.000000000000000E+000
  -7.22611802788470       3.116977615208966E-003  5.194360225449653E-003
  0.000000000000000E+000  8.311337840658619E-003   1.00025747956595     
  4.008846722602481E-002  0.105379974199180       0.000000000000000E+000
   2.86747683153253     
  4.796892805706054E-003  1.341452172343449E-002  0.000000000000000E+000
  -7.07643189446276       5.462404065129111E-004  8.165913921929659E-004
  0.000000000000000E+000  1.362831798705877E-003   1.00029257231828     
  1.573014150921451E-003  2.059110543683669E-002  0.000000000000000E+000
   1.22694057227747     
  5.781289545338408E-003  1.487974781579076E-002  0.000000000000000E+000
  -6.48367953103457      -1.009748699240694E-003 -1.414670061683509E-003
  0.000000000000000E+000 -2.424418760924203E-003   1.00034023961032     
 -2.212978046470140E-002 -2.334605019740162E-002  0.000000000000000E+000
   1.53233683594088     
  6.903066221750631E-003  1.635814064742308E-002  0.000000000000000E+000
  -6.38277035964484      -1.908982842887402E-003 -2.456319968557726E-003
  0.000000000000000E+000 -4.365302811445128E-003   1.00032009511850     
 -3.715880290325554E-002 -4.334283220497934E-002  0.000000000000000E+000
   2.04154335949412     
  8.121082669093838E-003  1.788532551851348E-002  0.000000000000000E+000
  -6.18196823530229      -2.523809072096526E-003 -3.059850732856772E-003
  0.000000000000000E+000 -5.583659804953298E-003   1.00029319879163     
 -4.745713125539601E-002 -5.519465979439299E-002  0.000000000000000E+000
   2.30651973563925     
  9.454664975969473E-003  1.944636852175496E-002  0.000000000000000E+000
  -6.19149369821139      -3.008445106794552E-003 -3.401117668133106E-003
  0.000000000000000E+000 -6.409562774927658E-003   1.00021960443685     
 -5.611321254019268E-002 -6.165335486667715E-002  0.000000000000000E+000
   2.46908144514918     
  1.091465694568861E-002  2.103826502945663E-002  0.000000000000000E+000
  -6.00170576727464      -3.301783657367855E-003 -3.533648377883073E-003
  0.000000000000000E+000 -6.835432035250928E-003   1.00017179744363     
 -6.082434575253064E-002 -6.477671258927360E-002  0.000000000000000E+000
   2.55042354601728     
  1.248068226265642E-002  2.268129049048521E-002  0.000000000000000E+000
  -5.93605789882645      -3.458919949917209E-003 -3.489796447146581E-003
  0.000000000000000E+000 -6.948716397063790E-003   1.00009366264331     
 -6.371478437195037E-002 -6.404975826192816E-002  0.000000000000000E+000
   2.57273827308526     
  1.419429961991825E-002  2.434216187368587E-002  0.000000000000000E+000
  -5.86343075105560      -3.595248306989884E-003 -3.447740568058060E-003
  0.000000000000000E+000 -7.042988875047944E-003  0.999993424463901     
 -6.623944405540069E-002 -6.335036416051698E-002  0.000000000000000E+000
   2.59252373197942     
  1.601361488792574E-002  2.606691124135281E-002  0.000000000000000E+000
  -5.92727561062179      -3.867459439845987E-003 -3.524338905241465E-003
  0.000000000000000E+000 -7.391798345087452E-003  0.999875615105511     
 -7.179460880133712E-002 -6.426770706867929E-002  0.000000000000000E+000
   2.65932352968059     
  1.799565339072173E-002  2.780171742430116E-002  0.000000000000000E+000
  -6.03743186445763      -4.630696551152775E-003 -4.024450547025415E-003
  0.000000000000000E+000 -8.655147098178190E-003  0.999765514017085     
 -8.681991626859335E-002 -7.243215197186562E-002  0.000000000000000E+000
   2.88159831400043     
  2.009007559783660E-002  2.960816297912750E-002  0.000000000000000E+000
  -5.99971299453750      -6.084110192760384E-003 -5.054365245903326E-003
  0.000000000000000E+000 -1.113847543866371E-002  0.999698470821231     
 -0.114655545313616      -9.020247033503521E-002  0.000000000000000E+000
   3.27436329389191     
  2.235822310174784E-002  3.142202494474521E-002  0.000000000000000E+000
  -5.96481237331955      -8.061930374024168E-003 -6.404885392749334E-003
  0.000000000000000E+000 -1.446681576677350E-002  0.999656556697673     
 -0.151180345423337      -0.114998789820952       0.000000000000000E+000
   3.73705350869146     
  2.475097164205420E-002  3.331006025542243E-002  0.000000000000000E+000
  -5.87909579340226      -1.000869639632577E-002 -7.634724049353168E-003
  0.000000000000000E+000 -1.764342044567893E-002  0.999639364053117     
 -0.186665717073183      -0.138247581495291       0.000000000000000E+000
   4.13352479554827     
  2.732553371060575E-002  3.520789227439446E-002  0.000000000000000E+000
  -5.73125613112711      -1.147806513566158E-002 -8.391229093947048E-003
  0.000000000000000E+000 -1.986929422960863E-002  0.999638320704663     
 -0.212852199979937      -0.153422078744235       0.000000000000000E+000
   4.39368924461752     
  3.004143949855176E-002  3.717698010381925E-002  0.000000000000000E+000
  -5.51487749933949      -1.232603072591512E-002 -8.681281420464341E-003
  0.000000000000000E+000 -2.100731214637946E-002  0.999648836558594     
 -0.227922908153739      -0.159600316623940       0.000000000000000E+000
   4.52513565908114     
  3.294506594798641E-002  3.916321447822407E-002  0.000000000000000E+000
  -5.25310877791685      -1.272321687858541E-002 -8.602326889849729E-003
  0.000000000000000E+000 -2.132554376843514E-002  0.999671943170035     
 -0.234870413133006      -0.158690714112285       0.000000000000000E+000
   4.56765119132344     
  3.601062444512038E-002  4.121202403846924E-002  0.000000000000000E+000
  -4.97062381318506      -1.273051309447966E-002 -8.313130460801180E-003
  0.000000000000000E+000 -2.104364355528084E-002  0.999699024014233     
 -0.234680541930751      -0.153799013804429       0.000000000000000E+000
   4.54461227245887     
  3.926803159936587E-002  4.329038172008163E-002  0.000000000000000E+000
  -4.80721864977795      -1.246583538776454E-002 -7.823697449129361E-003
  0.000000000000000E+000 -2.028953283689390E-002  0.999704556858381     
 -0.229635573915423      -0.145009048457723       0.000000000000000E+000
   4.47123226689539     
  4.271133564957319E-002  4.541642506618195E-002  0.000000000000000E+000
  -4.60863052203172      -1.187614784384382E-002 -7.212407331610115E-003
  0.000000000000000E+000 -1.908855517545394E-002  0.999713557148500     
 -0.218483653042521      -0.134057760948524       0.000000000000000E+000
   4.34349143830059     
  4.634900923004337E-002  4.758970502284576E-002  0.000000000000000E+000
  -4.49902026824770      -1.103294348751014E-002 -6.444617099493036E-003
  0.000000000000000E+000 -1.747756058700318E-002  0.999706299447674     
 -0.202847222118954      -0.120038044554162       0.000000000000000E+000
   4.16505436046192     
  5.019957705178091E-002  4.978897567330897E-002  0.000000000000000E+000
  -4.31913939580727      -1.004460007595685E-002 -5.685068724434130E-003
  0.000000000000000E+000 -1.572966880039098E-002  0.999723344512624     
 -0.184559181067912      -0.105979221569972       0.000000000000000E+000
   3.95708672580858     
  5.424543798258119E-002  5.205884839569135E-002  0.000000000000000E+000
  -4.19468644334984      -9.008507418601952E-003 -4.905813601291872E-003
  0.000000000000000E+000 -1.391432101989382E-002  0.999737101900065     
 -0.165447039508316      -9.164301284567536E-002  0.000000000000000E+000
   3.73034196397198     
  5.853393950429830E-002  5.432546487184164E-002  0.000000000000000E+000
  -4.02533649679867      -7.932667689485686E-003 -4.152752111968271E-003
  0.000000000000000E+000 -1.208541980145396E-002  0.999756243686369     
 -0.145640472186729      -7.771639697615415E-002  0.000000000000000E+000
   3.48505329696843     
  6.303378546849947E-002  5.665943247869770E-002  0.000000000000000E+000
  -3.80900898474056      -6.646640472984484E-003 -3.376157331108163E-003
  0.000000000000000E+000 -1.002279780409265E-002  0.999781487935694     
 -0.121761231382068      -6.364118861923035E-002  0.000000000000000E+000
   3.17887656992900     
  6.777483346542001E-002  5.901812249001626E-002  0.000000000000000E+000
  -3.74554740357689      -5.285619359942881E-003 -2.579103655171542E-003
  0.000000000000000E+000 -7.864723015114424E-003  0.999769911168672     
 -9.680241380440585E-002 -4.876811869100636E-002  0.000000000000000E+000
   2.82367239831978     
  7.276120658495611E-002  6.140479821277849E-002  0.000000000000000E+000
  -3.62160792781970      -4.112464966317377E-003 -1.944919207400428E-003
  0.000000000000000E+000 -6.057384173717805E-003  0.999766197663627     
 -7.533397643770312E-002 -3.673055025103227E-002  0.000000000000000E+000
   2.48259245766692     
  7.798701025703636E-002  6.384746541023499E-002  0.000000000000000E+000
  -3.58011476573438      -3.277208656257997E-003 -1.490743353530318E-003
  0.000000000000000E+000 -4.767952009788316E-003  0.999750575649644     
 -6.011557043493205E-002 -2.804042624250432E-002  0.000000000000000E+000
   2.20874772822162     
  8.348794497692369E-002  6.628226949861310E-002  0.000000000000000E+000
  -3.55191951292886      -2.774622343782123E-003 -1.209726352246877E-003
  0.000000000000000E+000 -3.984348696029000E-003  0.999737509485789     
 -5.097242527974516E-002 -2.265288457013118E-002  0.000000000000000E+000
   2.02568444865417     
  8.924823926579473E-002  6.875664231184767E-002  0.000000000000000E+000
  -3.42067904911892      -2.320115205680379E-003 -9.823979466230613E-004
  0.000000000000000E+000 -3.302513152303441E-003  0.999740250912153     
 -4.257486393297678E-002 -1.848550906434010E-002  0.000000000000000E+000
   1.84758946694985     
  9.527434682424984E-002  7.127233162980089E-002  0.000000000000000E+000
  -3.38148452415498      -1.890564619532745E-003 -7.664018652561157E-004
  0.000000000000000E+000 -2.656966484788860E-003  0.999722709074457     
 -3.472517050275272E-002 -1.440457937940511E-002  0.000000000000000E+000
   1.66313110553248     
  0.101599264593903       7.376136354798155E-002  0.000000000000000E+000
  -3.32670926849460      -1.620898892453948E-003 -6.278674581942277E-004
  0.000000000000000E+000 -2.248766350648176E-003  0.999717998087051     
 -2.981170525069739E-002 -1.175851614294871E-002  0.000000000000000E+000
   1.53589010930325     
  0.108204996297669       7.628031738371406E-002  0.000000000000000E+000
  -3.20551079370239      -1.340132141394319E-003 -5.024505903478022E-004
  0.000000000000000E+000 -1.842582731742121E-003  0.999725903583906     
 -2.461547149730621E-002 -9.498266235578565E-003  0.000000000000000E+000
   1.39358737954662     
  0.115100104736922       7.882225996758153E-002  0.000000000000000E+000
  -3.16296889083583      -1.048070402393211E-003 -3.756425067846394E-004
  0.000000000000000E+000 -1.423712909177851E-003  0.999713959265126     
 -1.926731802843053E-002 -7.100677566179919E-003  0.000000000000000E+000
   1.22972821485936     
  0.122308329775291       8.133309909903598E-002  0.000000000000000E+000
  -3.11444275061331      -8.785763142951616E-004 -2.995839753929317E-004
  0.000000000000000E+000 -1.178160289688093E-003  0.999706866485494     
 -1.617992865016677E-002 -5.628635525932941E-003  0.000000000000000E+000
   1.12360531642174     
  0.129822623133641       8.384109486352034E-002  0.000000000000000E+000
  -3.02670939781729      -7.197126070328898E-004 -2.354318990809995E-004
  0.000000000000000E+000 -9.551445061138893E-004  0.999711571808348     
 -1.324185442929123E-002 -4.482704974020552E-003  0.000000000000000E+000
   1.01521448860747     
  0.137645784603659       8.634902896078354E-002  0.000000000000000E+000
  -2.96183182224695      -5.284952659618234E-004 -1.655373171945353E-004
  0.000000000000000E+000 -6.940325831563587E-004  0.999708444252436     
 -9.727312491556735E-003 -3.162534999517728E-003  0.000000000000000E+000
  0.868570676895214     
  0.145786304884145       8.883978467035318E-002  0.000000000000000E+000
  -2.93439010649604      -4.346213599096307E-004 -1.287571744830619E-004
  0.000000000000000E+000 -5.633785343926925E-004  0.999696531433982     
 -8.028156351229485E-003 -2.396671112674599E-003  0.000000000000000E+000
  0.786427027765957     
  0.154258741196403       9.126835667997982E-002  0.000000000000000E+000
  -2.87895346165169      -4.422031289106852E-004 -1.237223584144983E-004
  0.000000000000000E+000 -5.659254873251836E-004  0.999694745256316     
 -8.178807044354558E-003 -2.292281283951469E-003  0.000000000000000E+000
  0.792170547711356     
  0.163053473889887       9.366936243119689E-002  0.000000000000000E+000
  -2.79276494418013      -4.233626984545973E-004 -1.126215844317853E-004
  0.000000000000000E+000 -5.359842828863826E-004  0.999700317231223     
 -7.824139234427289E-003 -2.127528180081485E-003  0.000000000000000E+000
  0.774205192832817     
  0.172173982757404       9.603247564546623E-002  0.000000000000000E+000
  -2.73459814445391      -3.538004149651838E-004 -8.915525101934661E-005
  0.000000000000000E+000 -4.429556659845304E-004  0.999700215990131     
 -6.542293189633020E-003 -1.690461042722558E-003  0.000000000000000E+000
  0.706997043079468     
  0.181622700146665       9.834694345664204E-002  0.000000000000000E+000
  -2.69716335484986      -3.292525019930882E-004 -7.766030942667636E-005
  0.000000000000000E+000 -4.069128114197646E-004  0.999696708153720     
 -6.104680189181703E-003 -1.431498170215758E-003  0.000000000000000E+000
  0.681349380274543     
  0.191408481281785       0.100566920969150       0.000000000000000E+000
  -2.64113047261071      -3.696490579167907E-004 -8.101124054243582E-005
  0.000000000000000E+000 -4.506602984592265E-004  0.999698066624041     
 -6.861538705635360E-003 -1.485749984005372E-003  0.000000000000000E+000
  0.721300756815678     
  0.201524401703617       0.102706535324255       0.000000000000000E+000
  -2.56353143035653      -4.004961931191866E-004 -8.180546619475493E-005
  0.000000000000000E+000 -4.823016593139415E-004  0.999704299946894     
 -7.435411845203068E-003 -1.519090238061162E-003  0.000000000000000E+000
  0.750223809753015     
  0.211966985743580       0.104764294601578       0.000000000000000E+000
  -2.50432533240178      -4.111264497219138E-004 -7.799810813069532E-005
  0.000000000000000E+000 -4.891245578526091E-004  0.999707955917667     
 -7.639067605472416E-003 -1.443946984813556E-003  0.000000000000000E+000
  0.759603633116003     
  0.222733822737104       0.106728384602269       0.000000000000000E+000
  -2.44744673657488      -4.356827910048915E-004 -7.624709017011411E-005
  0.000000000000000E+000 -5.119298811750056E-004  0.999712031533135     
 -8.102432572950190E-003 -1.402661933106835E-003  0.000000000000000E+000
  0.781491121456051     
  0.233821110527380       0.108586896539823       0.000000000000000E+000
  -2.39234022857886      -4.749076122469430E-004 -7.603632326081720E-005
  0.000000000000000E+000 -5.509439355077603E-004  0.999716633730603     
 -8.838695811301053E-003 -1.390717816037516E-003  0.000000000000000E+000
  0.815472247244996     
  0.245223715027843       0.110327156937690       0.000000000000000E+000
  -2.34853480854213      -5.527485491170605E-004 -7.939387272624621E-005
  0.000000000000000E+000 -6.321424218433066E-004  0.999719990820638     
 -1.029774468736649E-002 -1.424962827153715E-003  0.000000000000000E+000
  0.879318383419419     
  0.256938939632838       0.111904976619564       0.000000000000000E+000
  -2.28742437264350      -6.650640169341864E-004 -8.459324115870471E-005
  0.000000000000000E+000 -7.496572580928912E-004  0.999727288384854     
 -1.239492301672132E-002 -1.526537343865748E-003  0.000000000000000E+000
  0.964079591360812     
  0.268953043206634       0.113343420909289       0.000000000000000E+000
  -2.21451191806796      -7.440982668996689E-004 -8.348586255634269E-005
  0.000000000000000E+000 -8.275841294560116E-004  0.999737228299819     
 -1.386957370978429E-002 -1.535308627226265E-003  0.000000000000000E+000
   1.01933768700384     
  0.281256350040147       0.114631332684262       0.000000000000000E+000
  -2.15521047328662      -7.833740695376070E-004 -7.607354112061163E-005
  0.000000000000000E+000 -8.594476106582186E-004  0.999745152329625     
 -1.460635565887035E-002 -1.402852006741223E-003  0.000000000000000E+000
   1.04549568478683     
  0.293837661680303       0.115758004221215       0.000000000000000E+000
  -2.09448826597350      -8.109505134784917E-004 -6.645927393728861E-005
  0.000000000000000E+000 -8.774097874157803E-004  0.999753688942905     
 -1.512411177505634E-002 -1.229621942941705E-003  0.000000000000000E+000
   1.06334278317781     
  0.306684271886264       0.116713296861924       0.000000000000000E+000
  -2.03365855994934      -8.275557316476163E-004 -5.523392131398347E-005
  0.000000000000000E+000 -8.827896529615998E-004  0.999762513298716     
 -1.543612495292510E-002 -1.024644530303907E-003  0.000000000000000E+000
   1.07377909854918     
  0.319781997853375       0.117487759464701       0.000000000000000E+000
  -1.97207744485763      -8.357160570356979E-004 -4.304068921269677E-005
  0.000000000000000E+000 -8.787567462483946E-004  0.999771559851641     
 -1.558919031984157E-002 -8.008607457508732E-004  0.000000000000000E+000
   1.07866992333702     
  0.333115228139865       0.118072743118733       0.000000000000000E+000
  -1.90953672321803      -8.358789118333319E-004 -3.029640588281071E-005
  0.000000000000000E+000 -8.661753177161426E-004  0.999780864873405     
 -1.559118071565455E-002 -5.663411688511413E-004  0.000000000000000E+000
   1.07836878722483     
  0.346666987346685       0.118460509682972       0.000000000000000E+000
  -1.84783684256172      -8.294350643211987E-004 -1.741219311763941E-005
  0.000000000000000E+000 -8.468472574388380E-004  0.999789956067260     
 -1.546788698420642E-002 -3.272916511102399E-004  0.000000000000000E+000
   1.07377138951393     
  0.360419017220480       0.118644331852680       0.000000000000000E+000
  -1.79291299109968      -8.295706515411608E-004 -4.220239239573085E-006
  0.000000000000000E+000 -8.337908907807339E-004  0.999797994392217     
 -1.546484005666888E-002 -7.509424792900234E-005  0.000000000000000E+000
   1.07337011256339     
  0.374351657536118       0.118599735812830       0.000000000000000E+000
  -1.73879907971127      -8.565947788962551E-004  9.237715951272942E-006
  0.000000000000000E+000 -8.658324948475281E-004  0.999806091253006     
 -1.596027167140710E-002  1.886095515643328E-004  0.000000000000000E+000
   1.09019516675144     
  0.388443975093159       0.118340734081514       0.000000000000000E+000
  -1.68058439386800      -9.084027862329123E-004  2.317319696481033E-005
  0.000000000000000E+000 -9.315759831977227E-004  0.999814874618277     
 -1.691478250903678E-002  4.543425337170821E-004  0.000000000000000E+000
   1.12215575918351     
  0.402674927308451       0.117876042855627       0.000000000000000E+000
  -1.60768785398977      -9.540266033868689E-004  3.636468179349843E-005
  0.000000000000000E+000 -9.903912851803674E-004  0.999826395750355     
 -1.775383932885012E-002  6.858198828027995E-004  0.000000000000000E+000
   1.14954459004617     
  0.417024826793957       0.117250480630193       0.000000000000000E+000
  -1.52533029343681      -9.505796381608970E-004  4.584658222578972E-005
  0.000000000000000E+000 -9.964262203866867E-004  0.999839623962892     
 -1.768176985207709E-002  8.389876057691113E-004  0.000000000000000E+000
   1.14715881497561     
  0.431473419276523       0.116486438727998       0.000000000000000E+000
  -1.45399398128643      -8.862686630795188E-004  5.074802905234520E-005
  0.000000000000000E+000 -9.370166921318639E-004  0.999850748492936     
 -1.647903680869598E-002  9.110108264319649E-004  0.000000000000000E+000
   1.10743780281355     
  0.445999530522357       0.115590841704079       0.000000000000000E+000
  -1.39247006840083      -7.772510166990477E-004  5.126997950639999E-005
  0.000000000000000E+000 -8.285209962054477E-004  0.999860060502801     
 -1.444635489471909E-002  9.060323180798515E-004  0.000000000000000E+000
   1.03687729680235     
  0.460581378532824       0.114565942490363       0.000000000000000E+000
  -1.33786864389435      -6.409271598872237E-004  4.776309001069036E-005
  0.000000000000000E+000 -6.886902498979140E-004  0.999868206850583     
 -1.190755570614159E-002  8.343688342159023E-004  0.000000000000000E+000
  0.941356078884350     
  0.475196894420534       0.113414659712623       0.000000000000000E+000
  -1.28518600434040      -4.955040593096552E-004  4.109330260230101E-005
  0.000000000000000E+000 -5.365973619119562E-004  0.999876224858287     
 -9.201779390445454E-003  7.094579574532401E-004  0.000000000000000E+000
  0.827500670204579     
  0.489823853955360       0.112140551511644       0.000000000000000E+000
  -1.23251338204705      -3.494810990892903E-004  3.186965188435801E-005
  0.000000000000000E+000 -3.813507509736483E-004  0.999884532464746     
 -6.487616024105972E-003  5.393945955302501E-004  0.000000000000000E+000
  0.694783505191700     
  0.504440010627111       0.110747783062385       0.000000000000000E+000
  -1.18372567085089      -2.084246922506868E-004  2.069579417932379E-005
  0.000000000000000E+000 -2.291204864300106E-004  0.999892448904296     
 -3.868670328109514E-003  3.342658421551999E-004  0.000000000000000E+000
  0.536426942611414     
  0.519023228609707       0.109241088340407       0.000000000000000E+000
  -1.13463934072615      -7.105885346787757E-005  7.620656978491971E-006
  0.000000000000000E+000 -7.867951044636954E-005  0.999900671564473     
 -1.321636766046734E-003  9.222821441747508E-005  0.000000000000000E+000
  0.313229426328893     
  0.533551614012321       0.107625726758251       0.000000000000000E+000
  -1.08725855794023       6.384084101109259E-005 -7.343930935161900E-006
  0.000000000000000E+000  7.118477194625449E-005  0.999908825318376     
  1.176417476594617E-003 -1.830319801763083E-004  0.000000000000000E+000
  0.296829746065395     
  0.548003642835214       0.105907435350924       0.000000000000000E+000
  -1.04529753056181       1.897028005839222E-004 -2.328856870456519E-005
  0.000000000000000E+000  2.129913692884874E-004  0.999916190484065     
  3.503882476314667E-003 -4.739180015517527E-004  0.000000000000000E+000
  0.511344873578540     
  0.562357914367911       0.104089548332321       0.000000000000000E+000
  -1.00533887082747       3.046539526891871E-004 -3.978673339979951E-005
  0.000000000000000E+000  3.444406860889866E-004  0.999923319381489     
  5.625671777934910E-003 -7.756514506957230E-004  0.000000000000000E+000
  0.647780076675744     
  0.576593301183164       0.102174001558003       0.000000000000000E+000
 -0.966359133428114       4.131594952296263E-004 -5.708716713878905E-005
  0.000000000000000E+000  4.702466623684153E-004  0.999930351126437     
  7.624567647636591E-003 -1.093476076557487E-003  0.000000000000000E+000
  0.754108776246028     
  0.590691007540851       0.100175015366927       0.000000000000000E+000
 -0.926153593448362       5.209514872930322E-004 -7.570621422456739E-005
  0.000000000000000E+000  5.966577015175995E-004  0.999937631009003     
  9.606987786682123E-003 -1.435723350968931E-003  0.000000000000000E+000
  0.846507822060104     
  0.604632152620243       9.809968326704964E-002  0.000000000000000E+000
 -0.890131170096993       6.230473256594919E-004 -9.489553000214995E-005
  0.000000000000000E+000  7.179428556616419E-004  0.999944200247332     
  1.148135605059968E-002 -1.784959805201965E-003  0.000000000000000E+000
  0.925439385951609     
  0.618398767356870       9.595530459748400E-002  0.000000000000000E+000
 -0.856973849695578       7.148755308147927E-004 -1.137565040583437E-004
  0.000000000000000E+000  8.286320348731364E-004  0.999950265308440     
  1.316308713438596E-002 -2.128631269711678E-003  0.000000000000000E+000
  0.990959596829566     
  0.631973875204954       9.374932557357482E-002  0.000000000000000E+000
 -0.822995873710624       8.017414357448915E-004 -1.329113574927999E-004
  0.000000000000000E+000  9.346527932376914E-004  0.999956464960757     
  1.475033134377408E-002 -2.477681502619924E-003  0.000000000000000E+000
   1.04908194449025     
  0.645341561711325       9.148928086499748E-002  0.000000000000000E+000
 -0.793183792146237       8.809421652871869E-004 -1.517502461390932E-004
  0.000000000000000E+000  1.032692411426280E-003  0.999961898688259     
  1.619405796293388E-002 -2.818271359179432E-003  0.000000000000000E+000
   1.09929849255600     
  0.658487032460470       8.918273632689959E-002  0.000000000000000E+000
 -0.763567164048936       9.514156221232035E-004 -1.698927628927799E-004
  0.000000000000000E+000  1.121308385015983E-003  0.999967275019425     
  1.747426389285824E-002 -3.148447608374716E-003  0.000000000000000E+000
   1.14202459250821     
  0.671396659147174       8.683723345429874E-002  0.000000000000000E+000
 -0.731241398178781       1.018909057858625E-003 -1.882166679502908E-004
  0.000000000000000E+000  1.207125725808916E-003  0.999973110469890     
  1.869778685797934E-002 -3.478780983049497E-003  0.000000000000000E+000
   1.18142076278993     
  0.684057926817920       8.445978176828073E-002  0.000000000000000E+000
 -0.706783175790179       1.068778582322850E-003 -2.044311655104811E-004
  0.000000000000000E+000  1.273209747833331E-003  0.999977521820752     
  1.959510546614456E-002 -3.762255968710127E-003  0.000000000000000E+000
   1.20948742888556     
  0.696457009756855       8.204455059641663E-002  0.000000000000000E+000
 -0.684598769409149       1.093168316339227E-003 -2.160610883942934E-004
  0.000000000000000E+000  1.309229404733520E-003  0.999981507315324     
  2.002289370134623E-002 -3.966337452650016E-003  0.000000000000000E+000
   1.22270280161563     
  0.708586470077838       7.961241839177066E-002  0.000000000000000E+000
 -0.657856457237813       1.118184851319886E-003 -2.273056617962516E-004
  0.000000000000000E+000  1.345490513116138E-003  0.999986277948704     
  2.046143195165687E-002 -4.173674823623576E-003  0.000000000000000E+000
   1.23616850290774     
  0.720437589293776       7.717038565345311E-002  0.000000000000000E+000
 -0.635121498053195       1.153656970893354E-003 -2.408100514655261E-004
  0.000000000000000E+000  1.394467022358880E-003  0.999990284760962     
  2.109090662967669E-002 -4.418953394315524E-003  0.000000000000000E+000
   1.25516455933074     
  0.732002874789943       7.472519948394538E-002  0.000000000000000E+000
 -0.613072865441836       1.187478302672993E-003 -2.541345066268315E-004
  0.000000000000000E+000  1.441612809299825E-003  0.999994151492555     
  2.168984664727713E-002 -4.657038271623392E-003  0.000000000000000E+000
   1.27296195621649     
  0.743276039700671       7.228331675834701E-002  0.000000000000000E+000
 -0.587823363945063       1.226019526507542E-003 -2.687495953247798E-004
  0.000000000000000E+000  1.494769121832322E-003  0.999998603021520     
  2.237213793251412E-002 -4.924699540621743E-003  0.000000000000000E+000
   1.29296874511279     
  0.754251516276834       6.984883772104880E-002  0.000000000000000E+000
 -0.565055268393962       1.277012441342372E-003 -2.872280706999337E-004
  0.000000000000000E+000  1.564240512042306E-003   1.00000262334149     
  2.327686940798867E-002 -5.261523733205868E-003  0.000000000000000E+000
   1.31899019948475     
  0.764922479079319       6.741537439328085E-002  0.000000000000000E+000
 -0.546557104653857       1.329819589617040E-003 -3.063448069188759E-004
  0.000000000000000E+000  1.636164396535916E-003   1.00000589509450     
  2.421500151634690E-002 -5.602266425338401E-003  0.000000000000000E+000
   1.34539653014925     
  0.775289286491162       6.500305435059497E-002  0.000000000000000E+000
 -0.528552986534123       1.376570459167931E-003 -3.233910076464668E-004
  0.000000000000000E+000  1.699961466814398E-003   1.00000907193731     
  2.504532704610721E-002 -5.905641281955263E-003  0.000000000000000E+000
   1.36835982465647     
  0.785350147713937       6.261697999386603E-002  0.000000000000000E+000
 -0.508484829772897       1.420202033800717E-003 -3.398574034368174E-004
  0.000000000000000E+000  1.760059437237535E-003   1.00001260249410     
  2.581751448155745E-002 -6.200146109401491E-003  0.000000000000000E+000
   1.38939821997195     
  0.795104265278641       6.026184502753028E-002  0.000000000000000E+000
 -0.489174397581564       1.460242462112417E-003 -3.564645728438946E-004
  0.000000000000000E+000  1.816707034956311E-003   1.00001597597089     
  2.652075593998131E-002 -6.492517354114206E-003  0.000000000000000E+000
   1.40827427428707     
  0.804549046001778       5.793099190110072E-002  0.000000000000000E+000
 -0.474349016138831       1.488172146005004E-003 -3.707124297500786E-004
  0.000000000000000E+000  1.858884575755082E-003   1.00001853964781     
  2.700198150359578E-002 -6.737312672632884E-003  0.000000000000000E+000
   1.42104588738800     
  0.813686640280770       5.563348310234283E-002  0.000000000000000E+000
 -0.460824260132313       1.502629752593631E-003 -3.806069468670058E-004
  0.000000000000000E+000  1.883236699460637E-003   1.00002086316338     
  2.724188348865102E-002 -6.906827401828358E-003  0.000000000000000E+000
   1.42741482799906     
  0.822520515931278       5.337940905212880E-002  0.000000000000000E+000
 -0.445706157033783       1.511263968063275E-003 -3.882962703857126E-004
  0.000000000000000E+000  1.899560238448987E-003   1.00002344557587     
  2.737845031923491E-002 -7.039168305261696E-003  0.000000000000000E+000
   1.43107185586425     
  0.831053279521718       5.117184391432711E-002  0.000000000000000E+000
 -0.432347772596813       1.515860409178636E-003 -3.962758403566181E-004
  0.000000000000000E+000  1.912136249535254E-003   1.00002570383764     
  2.743587007552627E-002 -7.174101527333877E-003  0.000000000000000E+000
   1.43264588383603     
  0.839284046798224       4.899781436490785E-002  0.000000000000000E+000
 -0.418342852970227       1.515784319100709E-003 -4.029351474595022E-004
  0.000000000000000E+000  1.918719466560211E-003   1.00002807159044     
  2.740784200209103E-002 -7.287425572741126E-003  0.000000000000000E+000
   1.43199914071598     
  0.847220555042184       4.687458431648927E-002  0.000000000000000E+000
 -0.401630293750713       1.520929237595722E-003 -4.091596687865449E-004
  0.000000000000000E+000  1.930088906382267E-003   1.00003089125323     
  2.748046194521186E-002 -7.400828793802539E-003  0.000000000000000E+000
   1.43402291522393     
  0.854867769317858       4.480585355348144E-002  0.000000000000000E+000
 -0.386733640803868       1.538951468905460E-003 -4.197500988793629E-004
  0.000000000000000E+000  1.958701567784822E-003   1.00003336305101     
  2.778124594203455E-002 -7.592231909426077E-003  0.000000000000000E+000
   1.44197904107175     
  0.862227574961843       4.278197553576788E-002  0.000000000000000E+000
 -0.375774740710540       1.559086759404759E-003 -4.314623361013781E-004
  0.000000000000000E+000  1.990549095506137E-003   1.00003515422619     
  2.811975607002951E-002 -7.793531688847079E-003  0.000000000000000E+000
   1.45079403815473     
  0.869306984750208       4.081036494176526E-002  0.000000000000000E+000
 -0.365865723493926       1.569957313915382E-003 -4.391443258517170E-004
  0.000000000000000E+000  2.009101639767100E-003   1.00003677495719     
  2.829852293806081E-002 -7.920783534505180E-003  0.000000000000000E+000
   1.45543068336560     
  0.876113524273209       3.889811052339501E-002  0.000000000000000E+000
 -0.355972932567283       1.573624893279614E-003 -4.454723298492097E-004
  0.000000000000000E+000  2.019097223128824E-003   1.00003839213686     
  2.834329041711546E-002 -8.025889437358796E-003  0.000000000000000E+000
   1.45663785208487     
  0.882649869949307       3.703368575641169E-002  0.000000000000000E+000
 -0.346546574153763       1.573549738728491E-003 -4.510519017660527E-004
  0.000000000000000E+000  2.024601640494544E-003   1.00003993876656     
  2.831830637685305E-002 -8.117999657648310E-003  0.000000000000000E+000
   1.45605281946053     
  0.888924831087416       3.522611387352755E-002  0.000000000000000E+000
 -0.335043046261944       1.573687044860514E-003 -4.549348517888710E-004
  0.000000000000000E+000  2.028621896649385E-003   1.00004182251020     
  2.830445959414487E-002 -8.184626961183210E-003  0.000000000000000E+000
   1.45577396707184     
  0.894946141762811       3.347918774144930E-002  0.000000000000000E+000
 -0.325493930904713       1.574958330349818E-003 -4.605287879819070E-004
  0.000000000000000E+000  2.035487118331725E-003   1.00004333716802     
  2.830493138601985E-002 -8.277654013903804E-003  0.000000000000000E+000
   1.45584718355727     
  0.900716477088310       3.177866893172925E-002  0.000000000000000E+000
 -0.316748461235875       1.572505644521405E-003 -4.646210751701200E-004
  0.000000000000000E+000  2.037126719691525E-003   1.00004470538071     
  2.824043695951689E-002 -8.341930989332384E-003  0.000000000000000E+000
   1.45422174891152     
  0.906247468045366       3.014017748049783E-002  0.000000000000000E+000
 -0.307594264477530       1.565985019886825E-003 -4.663618021166811E-004
  0.000000000000000E+000  2.032346822003506E-003   1.00004613967948     
  2.810854001819738E-002 -8.365603391394178E-003  0.000000000000000E+000
   1.45086115389524     
  0.911543655973359       2.855457872398600E-002  0.000000000000000E+000
 -0.299880560164411       1.554797268982252E-003 -4.675098797074627E-004
  0.000000000000000E+000  2.022307148689715E-003   1.00004733255577     
  2.788931171455665E-002 -8.374777603099704E-003  0.000000000000000E+000
   1.44520430693261     
  0.916612892154485       2.702366676737863E-002  0.000000000000000E+000
 -0.291297142259054       1.538361697847292E-003 -4.659260295544285E-004
  0.000000000000000E+000  2.004287727401720E-003   1.00004866712726     
  2.758102131823870E-002 -8.337779471078333E-003  0.000000000000000E+000
   1.43721234139026     
  0.921463494423029       2.555029530093469E-002  0.000000000000000E+000
 -0.283755562540819       1.517148703403165E-003 -4.634976098168712E-004
  0.000000000000000E+000  1.980646313220036E-003   1.00004982719916     
  2.718458204749814E-002 -8.282889397243465E-003  0.000000000000000E+000
   1.42684984173421     
  0.926100214920753       2.412556976570594E-002  0.000000000000000E+000
 -0.275764899683963       1.490302962963478E-003 -4.585018518563092E-004
  0.000000000000000E+000  1.948804814819787E-003   1.00005105307923     
  2.669068499173309E-002 -8.183835451331323E-003  0.000000000000000E+000
   1.41382595049372     
  0.930533728209394       2.275982291870194E-002  0.000000000000000E+000
 -0.268466686074134       1.458266636084959E-003 -4.520352686291946E-004
  0.000000000000000E+000  1.910301904714153E-003   1.00005216128136     
  2.610398030174786E-002 -8.056436837606739E-003  0.000000000000000E+000
   1.39818811361333     
  0.934767263589124       2.143929465905546E-002  0.000000000000000E+000
 -0.261314815227706       1.420056086980050E-003 -4.433608470115079E-004
  0.000000000000000E+000  1.863416933991558E-003   1.00005324890154     
  2.540768525448897E-002 -7.889488248994672E-003  0.000000000000000E+000
   1.37938142079047     
  0.938811787298329       2.017532686980616E-002  0.000000000000000E+000
 -0.254109241811193       1.375754564279146E-003 -4.321377901771494E-004
  0.000000000000000E+000  1.807892354456296E-003   1.00005435646004     
  2.460630334865184E-002 -7.676909587828911E-003  0.000000000000000E+000
   1.35741521096412     
  0.942671223445317       1.895684736696353E-002  0.000000000000000E+000
 -0.247394543285736       1.325664782848201E-003 -4.190616083646930E-004
  0.000000000000000E+000  1.744726391212894E-003   1.00005539164263     
  2.370110732286517E-002 -7.431001374371324E-003  0.000000000000000E+000
   1.33215535235578     
  0.946355060862811       1.779083441290907E-002  0.000000000000000E+000
 -0.240548568696113       1.269666183704249E-003 -4.036386508492630E-004
  0.000000000000000E+000  1.673304834553512E-003   1.00005642455374     
  2.269329552752722E-002 -7.142733055494324E-003  0.000000000000000E+000
   1.30345384700393     
  0.949867926602981       1.666915774305359E-002  0.000000000000000E+000
 -0.234134808188173       1.209665316690598E-003 -3.867267982491795E-004
  0.000000000000000E+000  1.596392114939778E-003   1.00005730675757     
  2.161354380842700E-002 -6.831629531237115E-003  0.000000000000000E+000
   1.27200845757294     
  0.953218437815019       1.559667123856959E-002  0.000000000000000E+000
 -0.227846902872216       1.149791266409227E-003 -3.695293201828870E-004
  0.000000000000000E+000  1.519320586592114E-003   1.00005807327499     
  2.053597126116090E-002 -6.521693591378396E-003  0.000000000000000E+000
   1.23988936300543     
  0.956411300581948       1.456637329918481E-002  0.000000000000000E+000
 -0.221488848117360       1.094643188278759E-003 -3.535425885824835E-004
  0.000000000000000E+000  1.448185776861243E-003   1.00005879393147     
  1.954217589127447E-002 -6.239019127413967E-003  0.000000000000000E+000
   1.20955488264408     
  0.959454686078606       1.358253981383462E-002  0.000000000000000E+000
 -0.215376073426796       1.045785040249960E-003 -3.394188630916154E-004
  0.000000000000000E+000  1.385203903341575E-003   1.00005942864467     
  1.866155488107179E-002 -5.989716827060139E-003  0.000000000000000E+000
   1.18203610902758     
  0.962352958592379       1.263811973746066E-002  0.000000000000000E+000
 -0.209210649762326       1.003736771987963E-003 -3.271828193675842E-004
  0.000000000000000E+000  1.330919591355547E-003   1.00006001519087     
  1.790266923675932E-002 -5.777298662303362E-003  0.000000000000000E+000
   1.15782668862385     
  0.965114107571897       1.173776400680617E-002  0.000000000000000E+000
 -0.203217505535122       9.690673535225570E-004 -3.173100270684067E-004
  0.000000000000000E+000  1.286377380590964E-003   1.00006055389413     
  1.727557282622951E-002 -5.607311180924920E-003  0.000000000000000E+000
   1.13745986818877     
  0.967741912691418       1.087372884708337E-002  0.000000000000000E+000
 -0.197135499892056       9.420974174294597E-004 -3.097630713064443E-004
  0.000000000000000E+000  1.251860488735904E-003   1.00006107839076     
  1.678537471760293E-002 -5.481527412356090E-003  0.000000000000000E+000
   1.12132339742207     
  0.970244136213279       1.005098553011847E-002  0.000000000000000E+000
 -0.191069577557073       9.227877026070507E-004 -3.045593619565079E-004
  0.000000000000000E+000  1.227347064563559E-003   1.00006159264469     
  1.643286106954337E-002 -5.397284489316856E-003  0.000000000000000E+000
   1.10961477771621     
  0.972624391238569       9.262435230447409E-003  0.000000000000000E+000
 -0.185351965192694       9.104291110342903E-004 -3.017207717910238E-004
  0.000000000000000E+000  1.212149882825314E-003   1.00006205169134     
  1.620321715077949E-002 -5.355274468207494E-003  0.000000000000000E+000
   1.10196289776035     
  0.974889567082758       8.511464795911611E-003  0.000000000000000E+000
 -0.179199770563400       9.042724327171470E-004 -3.005760107575562E-004
  0.000000000000000E+000  1.204848443474703E-003   1.00006260231180     
  1.608622594059167E-002 -5.343307237356459E-003  0.000000000000000E+000
   1.09810787708274     
  0.977043743041470       7.793543921573009E-003  0.000000000000000E+000
 -0.173649639254108       9.025294029838071E-004 -3.011220682368888E-004
  0.000000000000000E+000  1.203651471220696E-003   1.00006310568497     
  1.604801329667910E-002 -5.355960646064372E-003  0.000000000000000E+000
   1.09687252462438     
  0.979092499624146       7.109213951586838E-003  0.000000000000000E+000
 -0.167946385831101       9.037625710500981E-004 -3.023368643539867E-004
  0.000000000000000E+000  1.206099435404085E-003   1.00006369913604     
  1.606383027689443E-002 -5.383018802495532E-003  0.000000000000000E+000
   1.09750678089636     
  0.981040412003663       6.456571309978007E-003  0.000000000000000E+000
 -0.162974899834580       9.090430189675566E-004 -3.051299523070280E-004
  0.000000000000000E+000  1.214172971274585E-003   1.00006427673011     
  1.614945421640859E-002 -5.440374890047587E-003  0.000000000000000E+000
   1.10055107497678     
  0.982891947157505       5.833935565282952E-003  0.000000000000000E+000
 -0.157655406180311       9.211407635921884E-004 -3.099453904418579E-004
  0.000000000000000E+000  1.231086154034046E-003   1.00006491790530     
  1.635404649757583E-002 -5.544556717428340E-003  0.000000000000000E+000
   1.10773844137665     
  0.984651967760095       5.241361940622983E-003  0.000000000000000E+000
 -0.152958644574255       9.433809107390693E-004 -3.183811570442701E-004
  0.000000000000000E+000  1.261762067783339E-003   1.00006541323760     
  1.673501933394805E-002 -5.720947571354604E-003  0.000000000000000E+000
   1.12089439998172     
  0.986324073484050       4.675688102940933E-003  0.000000000000000E+000
 -0.147851431686831       9.796357031951089E-004 -3.314078641474998E-004
  0.000000000000000E+000  1.311043567342609E-003   1.00006590937586     
  1.736025954241264E-002 -5.994441237483137E-003  0.000000000000000E+000
   1.14211568345166     
  0.987913151962970       4.138102405654422E-003  0.000000000000000E+000
 -0.143096847020161       1.035411493823929E-003 -3.511648588900273E-004
  0.000000000000000E+000  1.386576352713956E-003   1.00006627737278     
  1.832531680266461E-002 -6.405921782551719E-003  0.000000000000000E+000
   1.17407247493726     
  0.989422284346865       3.624972708483789E-003  0.000000000000000E+000
 -0.138668268917854       1.116200880558753E-003 -3.795565346114960E-004
  0.000000000000000E+000  1.495757415170249E-003   1.00006647718393     
  1.972625107480613E-002 -6.991196635414379E-003  0.000000000000000E+000
   1.21889284347812     
  0.990855986116638       3.137404434411224E-003  0.000000000000000E+000
 -0.134340908481590       1.228711056102504E-003 -4.185897462886802E-004
  0.000000000000000E+000  1.647300802391184E-003   1.00006653267183     
  2.168093529985879E-002 -7.795835460866438E-003  0.000000000000000E+000
   1.27879452029717     
  0.992217346477003       2.672802303082331E-003  0.000000000000000E+000
 -0.130720913082541       1.381677357347973E-003 -4.717580654165302E-004
  0.000000000000000E+000  1.853435422764503E-003   1.00006649274569     
  2.433917664299607E-002 -8.886343195523155E-003  0.000000000000000E+000
   1.35597714421932     
  0.993510174322061       2.231164727309214E-003  0.000000000000000E+000
 -0.128408784073827       1.581551791078125E-003 -5.409961417908070E-004
  0.000000000000000E+000  2.122547932868932E-003   1.00006654087130     
  2.781808541271531E-002 -1.029531010995606E-002  0.000000000000000E+000
   1.45069642868669     
  0.994737525725376       1.810755225233402E-003  0.000000000000000E+000
 -0.127427088646755       1.832452440675063E-003 -6.279932195646646E-004
  0.000000000000000E+000  2.460445660239728E-003   1.00006666091218     
  3.219029315762739E-002 -1.204786085174222E-002  0.000000000000000E+000
   1.56146485128536     
  0.995902771433444       1.411209649882540E-003  0.000000000000000E+000
 -0.126370763223122       2.142203175824553E-003 -7.354671246911030E-004
  0.000000000000000E+000  2.877670300515656E-003   1.00006705626847     
  3.758555032778833E-002 -1.421870223511077E-002  0.000000000000000E+000
   1.68822902531187     
  0.997008737262081       1.031015434896345E-003  0.000000000000000E+000
 -0.126147999734712       2.522260485905067E-003 -8.675008136426160E-004
  0.000000000000000E+000  3.389761299547683E-003   1.00006770236618     
  4.420080891023793E-002 -1.689445002705486E-002  0.000000000000000E+000
   1.83180803398593     
  0.998058487802895       6.697802340236996E-004  0.000000000000000E+000
 -0.128744059179326       2.985480596085970E-003 -1.028220568299852E-003
  0.000000000000000E+000  4.013701164385822E-003   1.00006810190780     
  5.226372861996205E-002 -2.015586804678862E-002  0.000000000000000E+000
   1.99290195452516     
  0.999054695653817       3.263822780710836E-004  0.000000000000000E+000
 -0.137294803628038       3.531436129453193E-003 -1.218284943567950E-003
  0.000000000000000E+000  4.749721073021142E-003   1.00006899312904     
  6.178304065346998E-002 -2.395098910971476E-002  0.000000000000000E+000
   2.16735237033014     
   1.00000000000000      -1.665324653670056E-017  0.000000000000000E+000
 -9.320319408925570E-002  4.229445836177722E-003 -7.503044732636480E-004
  0.000000000000000E+000  4.979750309441370E-003   1.00007801986264     
  7.432411417096892E-002 -4.015157832849971E-002  0.000000000000000E+000
   2.50761908332446     
